Selection	View	Channel	Begin Time (s)	End Time (s)	Low Freq (Hz)	High Freq (Hz)
1	Spectrogram 1	1	2.060435368	2.390105027	186.1	314.3
2	Spectrogram 1	1	3.791201078	4.739001347	67.5	984.2
3	Spectrogram 1	1	7.005480253	7.541193449	70.7	509.8
4	Spectrogram 1	1	8.612619840	9.107124329	67.5	981.0
5	Spectrogram 1	1	12.074151259	12.568655748	96.4	513.0
6	Spectrogram 1	1	13.640082139	14.217004042	80.3	981.0
7	Spectrogram 1	1	16.977987436	17.390074510	67.5	375.2
8	Spectrogram 1	1	18.626335731	19.450509878	77.1	990.6
9	Spectrogram 1	1	23.530171908	24.477972177	77.1	971.4
10	Spectrogram 1	1	26.785659790	27.651042645	73.7	375.2
11	Spectrogram 1	1	28.475216792	29.299390940	80.1	977.6
12	Spectrogram 1	1	31.895570021	32.472491925	128.2	381.4
13	Spectrogram 1	1	33.585127024	34.203257634	80.1	336.5
14	Spectrogram 1	1	36.964241028	37.541162931	76.9	371.8
15	Spectrogram 1	1	38.612589323	39.230719933	70.5	400.6
16	Spectrogram 1	1	39.436763470	39.931267958	105.8	256.4
17	Spectrogram 1	1	43.887334383	44.340630165	60.9	378.2
18	Spectrogram 1	1	44.464256287	44.999969482	83.3	342.9
19	Spectrogram 1	1	47.184030973	48.008205120	64.1	304.5
20	Spectrogram 1	1	49.450509878	50.109849196	76.9	320.5
21	Spectrogram 1	1	52.376328102	53.076876127	67.3	307.7
22	Spectrogram 1	1	54.477972177	55.466981154	86.5	301.3
23	Spectrogram 1	1	59.554909339	60.543918316	76.9	288.5
24	Spectrogram 1	1	62.109849196	62.975232051	54.5	615.4
25	Spectrogram 1	1	68.620824961	69.321372986	67.3	695.5
26	Spectrogram 1	1	73.442274240	74.390074510	60.9	676.3
27	Spectrogram 1	1	78.387319125	79.170284565	44.9	567.3
28	Spectrogram 1	1	84.074120742	84.898294889	60.9	573.7
29	Spectrogram 1	1	89.241710956	90.519180885	60.9	573.7
30	Spectrogram 1	1	94.211493272	95.324128371	70.5	567.3
31	Spectrogram 1	1	99.074120742	100.063129718	51.3	634.6
32	Spectrogram 1	1	103.862596952	105.016440758	57.7	605.8
33	Spectrogram 1	1	108.395554763	109.425772447	54.5	461.5
34	Spectrogram 1	1	112.689526485	113.884578998	64.1	455.1
35	Spectrogram 1	1	117.387319125	118.211493272	54.5	275.6
36	Spectrogram 1	1	121.631815984	122.620824961	80.1	464.7
37	Spectrogram 1	1	126.173039950	127.244466341	54.5	458.3
39	Spectrogram 1	1	138.832379268	140.109849196	44.9	923.1
40	Spectrogram 1	1	143.695006737	144.684015714	64.1	865.4
41	Spectrogram 1	1	148.409301171	149.686771099	51.3	721.2
42	Spectrogram 1	1	166.491718586	167.357101440	64.1	496.8
43	Spectrogram 1	1	170.818632859	171.477972177	64.1	471.2
44	Spectrogram 1	1	185.109849196	186.140066880	67.3	394.2
45	Spectrogram 1	1	200.142822266	201.131831242	60.9	352.6
46	Spectrogram 1	1	205.087867150	206.324128371	83.3	628.2
47	Spectrogram 1	1	207.230719933	208.013685373	64.1	362.2
48	Spectrogram 1	1	209.538407546	210.609833937	73.7	378.2
49	Spectrogram 1	1	219.914796683	221.068640489	67.3	557.7
50	Spectrogram 1	1	224.695006737	225.313137348	83.3	474.4
51	Spectrogram 1	1	229.013715891	229.920307453	115.4	573.7
52	Spectrogram 1	1	235.153813289	236.101613558	67.3	589.7
53	Spectrogram 1	1	239.727979807	240.346110417	64.1	419.9
54	Spectrogram 1	1	244.137311495	244.920276935	60.9	551.3
55	Spectrogram 1	1	271.236230704	271.854361314	51.3	451.9
56	Spectrogram 1	1	300.098858173	301.005449735	41.7	487.2
57	Spectrogram 1	1	307.986223074	308.810397221	57.7	791.7
59	Spectrogram 1	1	314.868077205	315.815877474	60.9	743.6
60	Spectrogram 1	1	320.917552068	321.906561045	57.7	272.4
62	Spectrogram 1	1	335.348865802	336.090622535	54.5	445.5
63	Spectrogram 1	1	340.705997760	341.530171908	76.9	602.6
64	Spectrogram 1	1	342.684015714	343.384563739	99.4	266.0
65	Spectrogram 1	1	345.651042645	346.516425500	60.9	535.3
66	Spectrogram 1	1	350.645562392	351.593362662	57.7	493.6
67	Spectrogram 1	1	355.755442106	356.744451083	54.5	535.3
68	Spectrogram 1	1	360.461500901	361.532927293	60.9	554.5
69	Spectrogram 1	1	365.200502249	365.777424152	51.3	487.2
70	Spectrogram 1	1	365.859841567	366.560389592	60.9	445.5
71	Spectrogram 1	1	369.502709609	370.326883756	60.9	400.6
72	Spectrogram 1	1	370.656553415	371.439518855	48.1	432.7
73	Spectrogram 1	1	379.162048927	379.780179537	60.9	400.6
74	Spectrogram 1	1	379.821388245	380.604353685	67.3	506.4
75	Spectrogram 1	1	384.148302518	384.684015714	54.5	429.5
76	Spectrogram 1	1	384.725224422	385.549398569	70.5	458.3
77	Spectrogram 1	1	389.068640489	389.604353685	44.9	445.5
78	Spectrogram 1	1	389.727979807	390.634571369	54.5	371.8
79	Spectrogram 1	1	392.324128371	393.148302518	51.3	355.8
80	Spectrogram 1	1	394.466981154	395.538407546	73.7	378.2
81	Spectrogram 1	1	397.335119394	398.241710956	64.1	378.2
82	Spectrogram 1	1	399.684015714	400.508189862	70.5	352.6
83	Spectrogram 1	1	402.527416523	403.186755841	70.5	371.8
84	Spectrogram 1	1	404.192266611	404.563144977	86.5	365.4
85	Spectrogram 1	1	404.727979807	405.799406198	60.9	387.8
86	Spectrogram 1	1	407.571380615	408.313137348	89.7	349.4
87	Spectrogram 1	1	409.631815984	410.744451083	89.7	400.6
88	Spectrogram 1	1	414.749961853	415.574136000	51.3	416.7
89	Spectrogram 1	1	420.354346055	421.466981154	67.3	391.0
90	Spectrogram 1	1	424.170284565	425.118084834	57.7	262.8
91	Spectrogram 1	1	426.024676396	426.807641836	54.5	625.0
92	Spectrogram 1	1	431.315892733	432.387319125	57.7	589.7
93	Spectrogram 1	1	433.046658443	433.747206468	64.1	426.3
94	Spectrogram 1	1	436.673024691	437.826868497	76.9	618.6
95	Spectrogram 1	1	439.409301171	440.357101440	64.1	243.6
96	Spectrogram 1	1	454.046658443	454.994458712	64.1	506.4
97	Spectrogram 1	1	459.444999108	460.475216792	201.9	612.2
98	Spectrogram 1	1	465.552153954	466.499954224	73.7	451.9
99	Spectrogram 1	1	464.398310148	465.346110417	86.5	250.0
100	Spectrogram 1	1	470.620824961	471.609833937	67.3	474.4
101	Spectrogram 1	1	475.697762123	476.521936270	54.5	387.8
102	Spectrogram 1	1	480.807641836	481.673024691	70.5	381.4
103	Spectrogram 1	1	485.596118047	486.791170560	67.3	567.3
104	Spectrogram 1	1	490.829623883	492.065885104	67.3	557.7
105	Spectrogram 1	1	496.409301171	497.604353685	64.1	820.5
106	Spectrogram 1	1	501.354346055	502.219728910	60.9	294.9
107	Spectrogram 1	1	505.574136000	506.398310148	60.9	230.8
108	Spectrogram 1	1	510.065885104	510.972476666	64.1	304.5
109	Spectrogram 1	1	514.285675049	515.357101440	73.7	721.2
110	Spectrogram 1	1	519.354346055	520.302146325	51.3	519.2
111	Spectrogram 1	1	524.439518855	525.181275588	76.9	592.9
112	Spectrogram 1	1	529.631815984	530.785659790	70.5	689.1
113	Spectrogram 1	1	534.543918316	535.862596952	73.7	753.2
114	Spectrogram 1	1	540.148302518	541.219728910	60.9	618.6
115	Spectrogram 1	1	549.057649466	550.170284565	60.9	612.2
116	Spectrogram 1	1	554.002694350	555.074120742	60.9	551.3
117	Spectrogram 1	1	604.162048927	604.862596952	86.5	641.0
118	Spectrogram 1	1	609.271928641	610.054894081	96.2	650.6
119	Spectrogram 1	1	613.945014367	615.140066880	92.9	621.8
120	Spectrogram 1	1	618.725224422	619.837859521	80.1	609.0
121	Spectrogram 1	1	623.274684026	624.469736539	64.1	634.6
122	Spectrogram 1	1	627.890059251	629.002694350	179.5	535.3
123	Spectrogram 1	1	632.596118047	633.543918316	147.4	541.7
124	Spectrogram 1	1	637.541162931	638.612589323	105.8	592.9
125	Spectrogram 1	1	642.321372986	643.310381963	112.2	589.7
126	Spectrogram 1	1	647.274684026	648.387319125	131.4	557.7
127	Spectrogram 1	1	657.634571369	658.829623883	102.6	592.9
128	Spectrogram 1	1	662.249946594	663.238955571	70.5	516.0
129	Spectrogram 1	1	664.615344708	665.274684026	60.9	500.0
130	Spectrogram 1	1	667.129075857	667.870832590	73.7	509.6
131	Spectrogram 1	1	716.999969482	718.030187167	54.5	528.8
132	Spectrogram 1	1	722.109849196	723.304901710	57.7	750.0
133	Spectrogram 1	1	726.807641836	727.673024691	54.5	256.4
134	Spectrogram 1	1	731.274684026	732.057649466	60.9	464.7
135	Spectrogram 1	1	736.219728910	737.249946594	48.1	602.6
136	Spectrogram 1	1	741.140066880	741.881823613	51.3	631.4
137	Spectrogram 1	1	744.725224422	745.755442106	76.9	500.0
138	Spectrogram 1	1	746.208737887	746.744451083	51.3	596.2
139	Spectrogram 1	1	942.370847849	943.236230704	102.6	448.7
140	Spectrogram 1	1	1072.681290847	1073.629091116	99.4	461.5
141	Spectrogram 1	1	1140.947769752	1141.648317777	73.7	413.5
142	Spectrogram 1	1	1147.623610863	1148.406576303	115.4	551.3
143	Spectrogram 1	1	1275.832379268	1276.574136000	60.9	435.9
144	Spectrogram 1	1	1281.890059251	1282.590607276	73.7	474.4
145	Spectrogram 1	1	1329.774699284	1330.598873432	60.9	467.9
146	Spectrogram 1	1	1349.390074510	1349.884578998	57.7	506.4
147	Spectrogram 1	1	1465.747206468	1466.530171908	54.5	500.0
148	Spectrogram 1	1	1482.931267958	1483.673024691	57.7	391.0
149	Spectrogram 1	1	1477.203257634	1477.945014367	76.9	355.8
150	Spectrogram 1	1	1533.461500901	1534.409301171	57.7	583.3
151	Spectrogram 1	1	1555.030187167	1555.730735192	80.1	278.8
152	Spectrogram 1	1	1560.329639141	1561.112604581	115.4	375.0
153	Spectrogram 1	1	1617.049413828	1617.832379268	70.5	403.8
154	Spectrogram 1	1	1707.247221727	1707.815907992	83.3	445.5
155	Spectrogram 1	1	1735.120840219	1735.945014367	38.5	407.1
156	Spectrogram 1	1	1741.260937617	1741.961485643	73.7	442.3
159	Spectrogram 1	1	1874.785659790	1875.527416523	60.9	365.4
160	Spectrogram 1	1	1886.480727563	1887.304901710	109.0	352.6
161	Spectrogram 1	1	1977.115359967	1978.227995066	150.6	506.4
162	Spectrogram 1	1	1982.225239680	1983.214248657	83.3	269.2
163	Spectrogram 1	1	2083.285675049	2084.274684026	76.9	362.2
164	Spectrogram 1	1	2088.914796683	2089.821388245	76.9	419.9
165	Spectrogram 1	1	2094.890059251	2095.920276935	89.7	458.3
166	Spectrogram 1	1	2193.906561045	2195.019196144	44.9	272.4
167	Spectrogram 1	1	2198.892814636	2199.758197491	70.5	419.9
168	Spectrogram 1	1	2203.549398569	2204.249946594	48.1	407.1
171	Spectrogram 1	1	2288.406545786	2289.189511226	60.9	477.6
172	Spectrogram 1	1	2296.574136000	2297.439518855	67.3	234.0
173	Spectrogram 1	1	2300.159293542	2301.107093811	73.7	234.0
174	Spectrogram 1	1	2323.285675049	2324.357101440	57.7	471.2
175	Spectrogram 1	1	2362.318648118	2363.307657095	64.1	282.1
176	Spectrogram 1	1	2367.758197491	2368.705997760	57.7	250.0
177	Spectrogram 1	1	2398.310412480	2399.134586628	54.5	246.8
178	Spectrogram 1	1	2593.788415175	2594.695006737	51.3	266.0
179	Spectrogram 1	1	2602.401065533	2603.431283217	67.3	275.6
180	Spectrogram 1	1	2783.151057904	2784.263693003	64.1	375.0
181	Spectrogram 1	1	2795.447754493	2796.354346055	54.5	362.2
182	Spectrogram 1	1	2800.392799377	2801.093347403	83.3	349.4
183	Spectrogram 1	1	2805.247221727	2806.236230704	76.9	339.7
184	Spectrogram 1	1	2815.343355032	2816.332364009	80.1	355.8
185	Spectrogram 1	1	2930.571380615	2931.519180885	99.4	368.6
186	Spectrogram 1	1	2975.563144977	2976.469736539	41.7	285.3
187	Spectrogram 1	1	2983.079631512	2983.986223074	60.9	294.9
188	Spectrogram 1	1	2996.282919664	2997.024676396	73.7	442.3
189	Spectrogram 1	1	3002.513700632	3003.461500901	57.7	387.8
190	Spectrogram 1	1	3008.530171908	3009.395554763	54.5	355.8
191	Spectrogram 1	1	3024.708753146	3025.532927293	86.5	314.1
193	Spectrogram 1	1	3030.560420110	3031.260968135	48.1	304.5
195	Spectrogram 1	1	3206.315892733	3207.346110417	41.7	237.2
196	Spectrogram 1	1	3217.953250005	3218.901050274	60.9	230.8
197	Spectrogram 1	1	3244.738970830	3245.769188514	67.3	278.8
198	Spectrogram 1	1	3249.395554763	3250.549398569	76.9	269.2
199	Spectrogram 1	1	3253.986223074	3255.222484295	70.5	285.3
200	Spectrogram 1	1	3289.368092464	3290.274684026	51.3	217.9
201	Spectrogram 1	1	3295.401065533	3296.637326754	54.5	269.2
202	Spectrogram 1	1	3299.769188514	3300.881823613	44.9	269.2
205	Spectrogram 1	1	3371.925787706	3372.914796683	51.3	326.9
206	Spectrogram 1	1	3385.821388245	3387.140066880	70.5	262.8
207	Spectrogram 1	1	3412.203257634	3413.274684026	64.1	221.2
208	Spectrogram 1	1	3430.565900362	3431.596118047	57.7	224.4
209	Spectrogram 1	1	3506.736215445	3507.931267958	76.9	243.6
210	Spectrogram 1	1	3533.398310148	3534.428527832	48.1	394.2
211	Spectrogram 1	1	3601.112604581	3601.895570021	54.5	294.9
212	Spectrogram 1	1	3602.554909339	3603.543918316	67.3	310.9
213	Spectrogram 1	1	3605.480727563	3606.593362662	67.3	304.5
214	Spectrogram 1	1	3603.914796683	3605.151057904	83.3	387.8
215	Spectrogram 1	1	3608.365337078	3609.766433129	60.9	301.3
216	Spectrogram 1	1	3622.903805659	3624.140066880	64.1	301.3
217	Spectrogram 1	1	3625.953250005	3627.024676396	76.9	365.4
218	Spectrogram 1	1	3790.203257634	3791.233475318	51.3	528.8
219	Spectrogram 1	1	3791.604353685	3792.346110417	73.7	304.5
220	Spectrogram 1	1	3793.269203773	3794.093377920	64.1	285.3
222	Spectrogram 1	1	3796.318648118	3796.977987436	51.3	362.2
223	Spectrogram 1	1	3797.348865802	3798.337874779	57.7	782.1
224	Spectrogram 1	1	3799.368092464	3800.480727563	67.3	461.5
225	Spectrogram 1	1	3802.499954224	3803.241710956	70.5	448.7
226	Spectrogram 1	1	3805.796650813	3806.579616253	70.5	346.2
227	Spectrogram 1	1	3808.821388245	3809.645562392	89.7	407.1
229	Spectrogram 1	1	3811.912041297	3812.653798030	76.9	326.9
230	Spectrogram 1	1	3813.560389592	3814.013685373	67.3	294.9
231	Spectrogram 1	1	3815.134586628	3815.793925946	70.5	317.3
232	Spectrogram 1	1	3818.142822266	3819.049413828	73.7	307.7
233	Spectrogram 1	1	3835.499954224	3836.488963200	51.3	243.6
234	Spectrogram 1	1	3838.466981154	3839.373572716	64.1	240.4
235	Spectrogram 1	1	3841.598842914	3842.505434476	54.5	259.6
238	Spectrogram 1	1	4625.472491925	4626.255457365	64.1	592.9
239	Spectrogram 1	1	4633.631815984	4634.497198838	38.5	352.6
240	Spectrogram 1	1	4720.120840219	4721.068640489	67.3	381.4
241	Spectrogram 1	1	4729.227964548	4730.464225769	73.7	535.3
242	Spectrogram 1	1	4734.296666072	4735.409301171	80.1	384.6
243	Spectrogram 1	1	4739.736215445	4740.848850544	64.1	333.3
244	Spectrogram 1	1	4754.513700632	4755.420292194	54.5	342.9
245	Spectrogram 1	1	4769.554909339	4770.543918316	57.7	227.6
249	Spectrogram 1	1	5017.030187167	5017.854361314	57.7	500.0
250	Spectrogram 1	1	5032.615344708	5034.057649466	54.5	330.1
251	Spectrogram 1	1	5037.477972177	5038.673024691	70.5	320.5
252	Spectrogram 1	1	5042.060404851	5043.420292194	83.3	355.8
253	Spectrogram 1	1	5056.162048927	5057.480727563	80.1	323.7
254	Spectrogram 1	1	5112.387319125	5113.747206468	41.7	330.1
255	Spectrogram 1	1	5123.513700632	5124.502709609	51.3	282.1
258	Spectrogram 1	1	5155.829623883	5156.695006737	57.7	243.6
259	Spectrogram 1	1	5255.802161584	5256.749961853	48.1	278.8
260	Spectrogram 1	1	5261.159293542	5261.942258982	57.7	253.2
261	Spectrogram 1	1	5271.667544438	5272.738970830	54.5	275.6
262	Spectrogram 1	1	5277.313137348	5278.178520203	48.1	285.3
263	Spectrogram 1	1	5297.447754493	5298.024676396	32.1	365.4
264	Spectrogram 1	1	5545.195021996	5545.854361314	83.3	237.2
265	Spectrogram 1	1	5548.903805659	5549.521936270	86.5	230.8
266	Spectrogram 1	1	5552.818632859	5553.560389592	102.6	224.4
267	Spectrogram 1	1	5866.326883756	5866.986223074	83.3	253.2
268	Spectrogram 1	1	5982.618100093	5983.030187167	44.9	323.7
270	Spectrogram 1	1	6336.758181058	6337.293894254	44.9	217.9
271	Spectrogram 1	1	6614.934006911	6615.840598473	57.7	326.9
272	Spectrogram 1	1	6894.057633033	6894.964224595	48.1	240.4
274	Spectrogram 1	1	7003.368076031	7003.986206642	51.3	278.8
275	Spectrogram 1	1	7242.098841741	7242.923015888	54.5	346.2
276	Spectrogram 1	1	7259.019179711	7259.843353858	35.3	211.5
277	Spectrogram 1	1	7503.131814810	7503.914780250	51.3	320.5
278	Spectrogram 1	1	7508.076859694	7509.065868671	92.9	317.3
279	Spectrogram 1	1	7512.939487164	7513.804870019	83.3	288.5
280	Spectrogram 1	1	7517.513684199	7518.255440932	99.4	275.6
281	Spectrogram 1	1	7522.705981328	7523.324111938	102.6	323.7
282	Spectrogram 1	1	7527.609817505	7528.598826482	80.1	230.8
283	Spectrogram 1	1	7731.749945420	7732.532910861	32.1	176.3
286	Spectrogram 1	1	8034.807625404	8035.961469210	28.8	205.1
287	Spectrogram 1	1	8041.244449909	8042.398293715	35.3	182.7
288	Spectrogram 1	1	8053.351604755	8054.340613732	51.3	224.4
289	Spectrogram 1	1	8064.601581867	8065.549382136	57.7	243.6
290	Spectrogram 1	1	8077.862580519	8078.934006911	54.5	237.2
291	Spectrogram 1	1	8093.835118220	8095.153796856	64.1	253.2
292	Spectrogram 1	1	8116.862580519	8118.098841741	64.1	214.7
293	Spectrogram 1	1	8136.263676570	8137.129059425	25.6	301.3
294	Spectrogram 1	1	8139.148286086	8140.137295063	51.3	250.0
295	Spectrogram 1	1	8158.326867324	8159.274667593	41.7	282.1
296	Spectrogram 1	1	8163.354329623	8164.219712477	109.0	320.5
297	Spectrogram 1	1	8268.280178364	8269.063143804	64.1	259.6
298	Spectrogram 1	1	8278.582355206	8279.241694524	64.1	250.0
299	Spectrogram 1	1	8288.892798204	8289.799389766	51.3	368.6
300	Spectrogram 1	1	8283.543932401	8284.368106549	44.9	266.0
302	Spectrogram 1	1	8307.651026212	8308.433991652	44.9	307.7
306	Spectrogram 1	1	8400.832362835	8402.109832764	35.3	897.4
307	Spectrogram 1	1	8403.758181058	8405.118068402	38.5	788.5
308	Spectrogram 1	1	8406.766416696	8408.373556284	51.3	791.7
309	Spectrogram 1	1	8409.939487164	8411.093330970	32.1	791.7
310	Spectrogram 1	1	8412.997197665	8414.398293715	41.7	782.1
311	Spectrogram 1	1	8415.964224595	8417.406529353	35.3	724.4
312	Spectrogram 1	1	8419.013668941	8420.497182406	41.7	602.6
313	Spectrogram 1	1	8422.186739408	8423.587835459	28.8	506.4
314	Spectrogram 1	1	8425.277422978	8426.719727736	19.2	512.8
315	Spectrogram 1	1	8428.409284738	8429.645545959	35.3	525.6
316	Spectrogram 1	1	8430.304885277	8430.923015888	32.1	224.4
317	Spectrogram 1	1	8431.870816157	8432.901033842	44.9	512.8
318	Spectrogram 1	1	8433.436747037	8434.508173429	22.4	285.3
319	Spectrogram 1	1	8435.085095332	8435.868060772	19.2	458.3
320	Spectrogram 1	1	8436.774652334	8437.763661311	32.1	448.7
321	Spectrogram 1	1	8438.340583214	8439.412009606	19.2	480.8
322	Spectrogram 1	1	8439.906544612	8440.771927467	22.4	368.6
323	Spectrogram 1	1	8441.554892907	8442.543901884	25.6	310.9
324	Spectrogram 1	1	8442.955988957	8443.821371812	54.5	291.7
325	Spectrogram 1	1	8446.129059425	8446.747190035	60.9	275.6
326	Spectrogram 1	1	8447.653781597	8448.313120915	48.1	256.4
327	Spectrogram 1	1	8449.137295063	8449.796634381	25.6	243.6
328	Spectrogram 1	1	8450.579599821	8451.362565261	51.3	278.8
329	Spectrogram 1	1	8452.236214271	8452.977971004	32.1	234.0
330	Spectrogram 1	1	8453.802145151	8454.379067054	35.3	253.2
331	Spectrogram 1	1	8455.079615079	8456.151041471	38.5	391.0
332	Spectrogram 1	1	8458.087850717	8458.788398743	28.8	269.2
333	Spectrogram 1	1	8465.423031147	8466.329622709	22.4	378.2
334	Spectrogram 1	1	8466.782918490	8467.895553589	32.1	355.8
335	Spectrogram 1	1	8468.431266785	8469.090606103	25.6	349.4
336	Spectrogram 1	1	8469.791154128	8470.532910861	38.5	333.3
337	Spectrogram 1	1	8471.315876301	8471.975215618	51.3	310.9
338	Spectrogram 1	1	8472.634554936	8473.417520376	25.6	266.0
339	Spectrogram 1	1	8474.035650987	8474.736199012	16.0	269.2
340	Spectrogram 1	1	8475.560373160	8476.219712477	35.3	362.2
341	Spectrogram 1	1	8476.755425673	8477.497182406	70.5	362.2
342	Spectrogram 1	1	8478.527400090	8479.021904579	54.5	410.3
343	Spectrogram 1	1	8489.439502423	8490.634554936	38.5	621.8
344	Spectrogram 1	1	8506.450493446	8507.645545959	32.1	669.9
346	Spectrogram 1	1	8512.631799551	8513.249930162	22.4	240.4
347	Spectrogram 1	1	8520.502693176	8521.368076031	48.1	237.2
348	Spectrogram 1	1	8526.931251526	8528.208721454	38.5	532.1
349	Spectrogram 1	1	8529.271942726	8530.343369117	51.3	201.9
350	Spectrogram 1	1	8533.763691829	8534.793909513	48.1	217.9
351	Spectrogram 1	1	8553.873571543	8554.285658616	44.9	612.2
352	Spectrogram 1	1	8554.491702153	8554.986206642	44.9	278.8
353	Spectrogram 1	1	8559.436747037	8559.931251526	73.7	480.8
354	Spectrogram 1	1	8562.032895602	8562.774652334	48.1	208.3
355	Spectrogram 1	1	8564.398293715	8564.892798204	57.7	631.4
356	Spectrogram 1	1	8569.796634381	8570.373556284	35.3	605.8
357	Spectrogram 1	1	8570.538391113	8571.074104309	51.3	426.3
358	Spectrogram 1	1	8575.038406372	8575.615328275	51.3	538.5
359	Spectrogram 1	1	8576.810380789	8577.510928814	41.7	185.9
360	Spectrogram 1	1	8580.436747037	8580.931251526	51.3	634.6
361	Spectrogram 1	1	8581.137295063	8581.837843088	57.7	717.9
362	Spectrogram 1	1	8694.700501075	8695.318631686	19.2	166.7
363	Spectrogram 1	1	8697.955988957	8698.862580519	48.1	557.7
364	Spectrogram 1	1	8717.810380789	8718.634554936	44.9	570.5
365	Spectrogram 1	1	8719.087850717	8719.829607450	60.9	378.2
366	Spectrogram 1	1	8723.826852065	8724.692234920	48.1	413.5
367	Spectrogram 1	1	8726.884562566	8727.543901884	44.9	342.9
368	Spectrogram 1	1	8729.810380789	8730.758181058	41.7	336.5
369	Spectrogram 1	1	8732.917535635	8733.370831416	54.5	176.3
370	Spectrogram 1	1	8737.574119568	8738.192250178	60.9	227.6
371	Spectrogram 1	1	8739.181259155	8739.758181058	54.5	179.5
372	Spectrogram 1	1	8740.705981328	8741.488946768	41.7	333.3
373	Spectrogram 1	1	8743.590590844	8744.455973699	38.5	326.9
374	Spectrogram 1	1	8746.969704848	8747.711461581	25.6	541.7
375	Spectrogram 1	1	8749.747220553	8750.447768578	60.9	243.6
376	Spectrogram 1	1	8755.763691829	8756.546657269	48.1	230.8
377	Spectrogram 1	1	8769.238939139	8769.815861042	38.5	528.8
379	Spectrogram 1	1	8777.521919837	8778.098841741	22.4	615.4
381	Spectrogram 1	1	8782.920260503	8783.414764991	54.5	615.4
382	Spectrogram 1	1	8783.703225943	8784.238939139	51.3	371.8
383	Spectrogram 1	1	8793.914780250	8794.450493446	86.5	532.1
384	Spectrogram 1	1	8794.697745690	8795.398293715	48.1	528.8
387	Spectrogram 1	1	8825.118068402	8825.983451256	44.9	596.2
388	Spectrogram 1	1	8833.813136174	8834.513684199	57.7	560.9
389	Spectrogram 1	1	8846.068624056	8846.892798204	96.2	484.0
390	Spectrogram 1	1	8850.354329623	8851.178503770	67.3	288.5
391	Spectrogram 1	1	8926.392813462	8926.887317951	28.8	448.7
392	Spectrogram 1	1	8927.134570195	8927.835118220	60.9	455.1
393	Spectrogram 1	1	8929.112588149	8929.813136174	22.4	227.6
394	Spectrogram 1	1	8931.873571543	8932.450493446	48.1	413.5
395	Spectrogram 1	1	8937.313120915	8937.848834111	25.6	359.0
396	Spectrogram 1	1	8942.934006911	8943.469720107	35.3	413.5
397	Spectrogram 1	1	8943.634554936	8944.335102962	48.1	467.9
398	Spectrogram 1	1	8948.455973699	8948.991686894	32.1	480.8
399	Spectrogram 1	1	8953.912024865	8954.488946768	60.9	490.4
400	Spectrogram 1	1	8954.694990305	8955.395538330	35.3	455.1
402	Spectrogram 1	1	8965.903789227	8966.480711130	294.9	766.0
403	Spectrogram 1	1	8971.673008259	8972.249930162	48.1	666.7
404	Spectrogram 1	1	8972.291138869	8972.991686894	70.5	589.7
405	Spectrogram 1	1	9000.296649639	9000.997197665	67.3	897.4
406	Spectrogram 1	1	9024.824127197	9025.607092637	38.5	679.5
408	Spectrogram 1	1	9067.854344881	9068.390058077	24.8	624.2
409	Spectrogram 1	1	9068.472475492	9069.008188688	24.8	751.6
410	Spectrogram 1	1	9073.912024865	9074.612572890	87.0	543.5
411	Spectrogram 1	1	9079.491702153	9080.192250178	34.2	164.6
412	Spectrogram 1	1	9096.379067054	9097.079615079	49.7	189.4
413	Spectrogram 1	1	9110.447738061	9111.436747037	28.0	288.8
414	Spectrogram 1	1	9121.203241202	9121.944997934	34.2	506.2
415	Spectrogram 1	1	9127.054877648	9127.961469210	31.1	425.5
416	Spectrogram 1	1	9129.980695871	9130.928496141	34.2	453.4
417	Spectrogram 1	1	9133.038406372	9134.151041471	43.5	428.6
418	Spectrogram 1	1	9136.293894254	9137.159277109	43.5	462.7
419	Spectrogram 1	1	9139.466964722	9140.208721454	71.4	447.2
420	Spectrogram 1	1	9141.197730431	9141.898278456	80.7	301.2
421	Spectrogram 1	1	9142.895553589	9143.596101614	71.4	214.3
422	Spectrogram 1	1	9144.420275762	9145.326867324	15.5	273.3
423	Spectrogram 1	1	9147.510928814	9148.376311669	40.4	304.3
424	Spectrogram 1	1	9146.151041471	9146.851589496	87.0	217.4
425	Spectrogram 1	1	9177.156552241	9177.857100267	37.3	236.0
426	Spectrogram 1	1	9184.038406372	9184.903789227	21.7	264.0
427	Spectrogram 1	1	9338.793909513	9339.412040124	77.6	276.4
428	Spectrogram 1	1	9344.645545959	9345.469720107	71.4	279.5
429	Spectrogram 1	1	9380.958744343	9381.659292368	74.5	254.7
430	Spectrogram 1	1	9386.151041471	9386.810380789	90.1	316.8
431	Spectrogram 1	1	9530.843353858	9531.420275762	90.1	366.5
433	Spectrogram 1	1	9549.585110591	9550.203241202	49.7	313.7
434	Spectrogram 1	1	9555.477955745	9556.178503770	65.2	254.7
435	Spectrogram 1	1	9707.126334557	9707.826882582	49.7	372.7
436	Spectrogram 1	1	9712.483466515	9713.266431955	52.8	279.5
437	Spectrogram 1	1	9754.326867324	9755.192250178	59.0	456.5
438	Spectrogram 1	1	9760.137295063	9761.002677917	49.7	378.9
439	Spectrogram 1	1	9943.219742995	9943.920291020	46.6	288.8
440	Spectrogram 1	1	9955.912024865	9956.859825134	46.6	251.6
441	Spectrogram 1	1	10053.840598473	10054.664772621	55.9	590.1
442	Spectrogram 1	1	10062.140050448	10062.799389766	15.5	583.9
443	Spectrogram 1	1	10138.648301345	10139.719727736	77.6	437.9
445	Spectrogram 1	1	10276.302160410	10276.879082313	49.7	512.4
446	Spectrogram 1	1	10279.392813462	10279.887317951	15.5	832.3
447	Spectrogram 1	1	10286.563128545	10287.222467863	46.6	593.2
448	Spectrogram 1	1	10291.425756014	10292.002677917	9.3	723.6
449	Spectrogram 1	1	10294.681243896	10295.134539678	9.3	714.3
450	Spectrogram 1	1	10299.535666246	10300.030170734	31.1	636.6
451	Spectrogram 1	1	10305.304885277	10305.923015888	43.5	633.5
452	Spectrogram 1	1	10308.065868671	10308.683999282	40.4	453.4
453	Spectrogram 1	1	10310.538391113	10311.280147846	24.8	680.1
454	Spectrogram 1	1	10500.914810768	10501.903819744	49.7	400.6
455	Spectrogram 1	1	10505.777438237	10506.684029799	43.5	478.3
456	Spectrogram 1	1	10510.640065707	10511.587865976	46.6	459.6
457	Spectrogram 1	1	10515.461484469	10516.532910861	62.1	431.7
458	Spectrogram 1	1	10529.101597126	10530.090606103	46.6	282.6
459	Spectrogram 1	1	10534.417520376	10535.365320646	49.7	273.3
460	Spectrogram 1	1	10537.343338600	10538.249930162	62.1	313.7
461	Spectrogram 1	1	10503.890073336	10504.755456191	62.1	316.8
462	Spectrogram 1	1	10508.464239854	10509.370831416	65.2	422.4
463	Spectrogram 1	1	10513.450493446	10514.233458886	71.4	403.7
464	Spectrogram 1	1	10544.892798204	10545.881807181	49.7	428.6
465	Spectrogram 1	1	10540.236214271	10541.184014540	62.1	285.7
466	Spectrogram 1	1	10817.917535635	10818.700501075	43.5	382.0
467	Spectrogram 1	1	10890.453248831	10891.359840393	18.6	220.5
468	Spectrogram 1	1	11046.337858347	11047.203241202	55.9	813.7
469	Spectrogram 1	1	11053.343338600	11054.208721454	62.1	555.9
470	Spectrogram 1	1	11062.673038776	11063.579630338	40.4	375.8
471	Spectrogram 1	1	11067.535666246	11068.524675223	37.3	453.4
472	Spectrogram 1	1	11072.727963374	11073.593346229	37.3	419.3
473	Spectrogram 1	1	11077.714216966	11078.620808528	34.2	422.4
475	Spectrogram 1	1	11231.843353858	11232.667528006	80.7	406.8
476	Spectrogram 1	1	11250.807655921	11251.219742995	0.0	503.1
477	Spectrogram 1	1	11251.384577825	11251.714247483	3.1	509.3
478	Spectrogram 1	1	11255.546657269	11255.999953050	46.6	593.2
479	Spectrogram 1	1	11256.164787879	11256.576874953	12.4	500.0
480	Spectrogram 1	1	11260.203241202	11260.574119568	9.3	555.9
481	Spectrogram 1	1	11260.738954397	11261.027415349	55.9	528.0
482	Spectrogram 1	1	11265.354329623	11265.725207989	55.9	571.4
483	Spectrogram 1	1	11265.890042819	11266.302129892	46.6	506.2
484	Spectrogram 1	1	11270.093330970	11270.670252873	12.4	587.0
485	Spectrogram 1	1	11274.634554936	11275.211476840	43.5	587.0
486	Spectrogram 1	1	11280.939487164	11281.475200360	37.3	437.9
487	Spectrogram 1	1	11286.543901884	11287.203241202	28.0	332.3
488	Spectrogram 1	1	11297.010913555	11297.629044166	18.6	403.7
489	Spectrogram 1	1	11302.244449909	11302.697745690	37.3	394.4
490	Spectrogram 1	1	11313.379067054	11314.038406372	59.0	509.3
491	Spectrogram 1	1	11318.076859694	11318.653781597	62.1	350.9
492	Spectrogram 1	1	11323.887287433	11324.711461581	37.3	524.8
493	Spectrogram 1	1	11337.461484469	11338.203241202	28.0	472.0
494	Spectrogram 1	1	11344.425756014	11345.167512747	40.4	524.8
495	Spectrogram 1	1	11357.233458886	11357.851589496	31.1	630.4
496	Spectrogram 1	1	11362.631799551	11363.332347576	31.1	549.7
497	Spectrogram 1	1	11411.151041471	11411.727963374	43.5	565.2
498	Spectrogram 1	1	11418.923046405	11419.417550894	46.6	285.7
499	Spectrogram 1	1	11456.579630338	11457.486221900	55.9	189.4
500	Spectrogram 1	1	11462.925771273	11463.914780250	65.2	232.9
501	Spectrogram 1	1	11567.274667593	11568.098841741	37.3	425.5
502	Spectrogram 1	1	11593.862580519	11594.645545959	15.5	329.2
503	Spectrogram 1	1	11626.697745690	11627.439502423	28.0	481.4
504	Spectrogram 1	1	11632.054877648	11632.920260503	31.1	459.6
505	Spectrogram 1	1	11647.409284738	11647.986206642	28.0	515.5
506	Spectrogram 1	1	11652.065868671	11652.972460233	43.5	565.2
507	Spectrogram 1	1	11660.711492098	11661.247205294	34.2	568.3
508	Spectrogram 1	1	11665.862580519	11666.439502423	28.0	614.9
509	Spectrogram 1	1	11679.428511399	11680.252685547	62.1	624.2
510	Spectrogram 1	1	11684.579599821	11685.238939139	37.3	652.2
511	Spectrogram 1	1	11698.541146498	11699.282903231	28.0	618.0
512	Spectrogram 1	1	11716.969704848	11717.629044166	9.3	779.5
513	Spectrogram 1	1	11722.162032494	11722.780163105	31.1	764.0
515	Spectrogram 1	1	11831.637310322	11832.131814810	28.0	481.4
516	Spectrogram 1	1	11832.296649639	11832.667528006	192.5	577.6
517	Spectrogram 1	1	11840.703225943	11841.156521724	9.3	577.6
518	Spectrogram 1	1	11841.197730431	11841.774652334	15.5	649.1
519	Spectrogram 1	1	11850.057633033	11850.469720107	12.4	608.7
520	Spectrogram 1	1	11850.510928814	11850.964224595	18.6	580.7
521	Spectrogram 1	1	11854.961469210	11855.497182406	15.5	428.6
522	Spectrogram 1	1	11855.538391113	11855.950478187	24.8	512.4
523	Spectrogram 1	1	11859.791154128	11860.326867324	15.5	369.6
524	Spectrogram 1	1	11860.450493446	11860.944997934	24.8	475.2
525	Spectrogram 1	1	11863.087850717	11863.335102962	24.8	360.2
526	Spectrogram 1	1	11864.694990305	11865.230703501	24.8	468.9
527	Spectrogram 1	1	11865.313120915	11865.725207989	15.5	537.3
528	Spectrogram 1	1	11866.219712477	11866.879051795	80.7	441.0
529	Spectrogram 1	1	11869.681243896	11870.093330970	28.0	406.8
530	Spectrogram 1	1	11870.216957092	11870.835087703	43.5	214.3
531	Spectrogram 1	1	11872.730718759	11873.225223248	93.2	378.9
532	Spectrogram 1	1	11874.502693176	11874.832362835	31.1	434.8
533	Spectrogram 1	1	11874.955988957	11875.450493446	34.2	341.6
534	Spectrogram 1	1	11877.634554936	11878.005433303	71.4	347.8
535	Spectrogram 1	1	11879.241694524	11879.736199012	28.0	397.5
536	Spectrogram 1	1	11879.777407720	11880.436747037	18.6	422.4
537	Spectrogram 1	1	11884.186739408	11884.681243896	21.7	431.7
538	Spectrogram 1	1	11884.763661311	11885.340583214	49.7	391.3
539	Spectrogram 1	1	11889.131814810	11889.667528006	21.7	391.3
540	Spectrogram 1	1	11889.708736713	11890.326867324	24.8	409.9
541	Spectrogram 1	1	11893.953233572	11894.406529353	0.0	385.1
542	Spectrogram 1	1	11894.406529353	11894.942242549	3.1	338.5
543	Spectrogram 1	1	11898.815861042	11899.269156823	37.3	285.7
544	Spectrogram 1	1	11899.310365530	11899.887287433	34.2	288.8
545	Spectrogram 1	1	11904.164787879	11904.700501075	12.4	378.9
546	Spectrogram 1	1	11909.604337252	11910.140050448	15.5	431.7
547	Spectrogram 1	1	11915.373556284	11915.868060772	28.0	437.9
548	Spectrogram 1	1	11929.129059425	11929.829607450	12.4	456.5
549	Spectrogram 1	1	11934.444982675	11935.063113286	12.4	543.5
550	Spectrogram 1	1	11923.771927467	11924.266431955	24.8	546.6
551	Spectrogram 1	1	11947.079615079	11947.574119568	59.0	546.6
552	Spectrogram 1	1	11952.436747037	11953.013668941	12.4	630.4
553	Spectrogram 1	1	11967.749945420	11968.326867324	55.9	565.2
554	Spectrogram 1	1	11973.230703501	11973.931251526	21.7	562.1
555	Spectrogram 1	1	11978.810380789	11979.412009606	24.8	552.8
556	Spectrogram 1	1	12049.615328275	12050.727963374	34.2	689.4
557	Spectrogram 1	1	12113.480711130	12114.593346229	43.5	857.1
558	Spectrogram 1	1	12126.914780250	12127.368076031	87.0	552.8
559	Spectrogram 1	1	12131.324111938	12132.189494793	59.0	577.6
560	Spectrogram 1	1	12136.186739408	12137.175748385	28.0	711.2
561	Spectrogram 1	1	12174.688103896	12175.594695458	28.0	276.4
562	Spectrogram 1	1	12181.289763231	12182.196354793	15.5	500.0
563	Spectrogram 1	1	12203.954582801	12204.778756949	21.7	444.1
564	Spectrogram 1	1	12188.460108830	12189.160656856	21.7	288.8
565	Spectrogram 1	1	12183.638690068	12184.545281630	40.4	326.1
566	Spectrogram 1	1	12198.391407306	12199.339207576	46.6	242.2
567	Spectrogram 1	1	12207.836467449	12208.660641597	31.1	226.7
568	Spectrogram 1	1	12231.127683786	12231.828231812	83.9	248.4
569	Spectrogram 1	1	12243.416144738	12244.363945007	49.7	201.9
570	Spectrogram 1	1	12246.012293302	12247.083719694	55.9	226.7
571	Spectrogram 1	1	12255.836467449	12256.743059012	68.3	288.8
572	Spectrogram 1	1	12275.484815744	12276.350198599	55.9	270.2
573	Spectrogram 1	1	12294.910649226	12295.734823374	80.7	226.7
574	Spectrogram 1	1	12299.319980915	12299.896902818	6.2	441.0
575	Spectrogram 1	1	12304.017773555	12304.677112873	9.3	456.5
576	Spectrogram 1	1	12312.333727323	12312.869440519	18.6	301.2
577	Spectrogram 1	1	12313.405153715	12314.023284325	21.7	319.9
578	Spectrogram 1	1	12316.330971938	12317.155146085	49.7	229.8
579	Spectrogram 1	1	12318.556242136	12319.339207576	77.6	260.9
580	Spectrogram 1	1	12319.462833698	12320.987555871	40.4	270.2
581	Spectrogram 1	1	12333.737578759	12334.602961614	40.4	192.5
582	Spectrogram 1	1	12337.281527593	12338.064493033	31.1	245.3
583	Spectrogram 1	1	12338.806249765	12339.918884864	43.5	245.3
584	Spectrogram 1	1	12343.792503357	12344.616677504	37.3	201.9
585	Spectrogram 1	1	12349.405153715	12350.641414936	34.2	291.9
586	Spectrogram 1	1	12354.515033428	12355.504042405	34.2	285.7
587	Spectrogram 1	1	12359.377660898	12360.243043753	62.1	254.7
588	Spectrogram 1	1	12363.548006498	12364.537015475	43.5	555.9
590	Spectrogram 1	1	12367.916129479	12368.905138456	46.6	540.4
591	Spectrogram 1	1	12371.913374094	12372.819965656	74.5	574.5
592	Spectrogram 1	1	12376.512308561	12377.212856586	43.5	599.4
593	Spectrogram 1	1	12379.767796443	12380.798014127	55.9	338.5
594	Spectrogram 1	1	12389.204590431	12389.863929749	55.9	260.9
595	Spectrogram 1	1	12390.605686481	12391.388651921	46.6	649.1
596	Spectrogram 1	1	12394.232052730	12394.973809462	52.8	338.5
597	Spectrogram 1	1	12399.267781184	12400.050746624	46.6	313.7
598	Spectrogram 1	1	12404.295243483	12405.160626338	62.1	319.9
599	Spectrogram 1	1	12409.166137108	12409.990311256	52.8	307.5
600	Spectrogram 1	1	12413.946347163	12414.646895189	40.4	335.4
601	Spectrogram 1	1	12418.701850304	12419.484815744	15.5	251.6
602	Spectrogram 1	1	12423.688103896	12424.512278043	31.1	301.2
603	Spectrogram 1	1	12426.119417631	12426.984800485	18.6	447.2
604	Spectrogram 1	1	12432.885911795	12433.627668527	28.0	437.9
605	Spectrogram 1	1	12438.819965656	12439.520513681	55.9	344.7
606	Spectrogram 1	1	12464.361189622	12465.391407306	34.2	282.6
607	Spectrogram 1	1	12470.872165386	12471.778756949	24.8	279.5
608	Spectrogram 1	1	12475.619432889	12476.443607037	43.5	298.1
609	Spectrogram 1	1	12479.493051382	12480.234808115	59.0	326.1
610	Spectrogram 1	1	12483.325461168	12484.149635315	49.7	360.2
611	Spectrogram 1	1	12486.053502009	12486.918884864	28.0	329.2
612	Spectrogram 1	1	12487.289763231	12488.196354793	40.4	441.0
614	Spectrogram 1	1	12488.608441866	12489.638659551	34.2	375.8
615	Spectrogram 1	1	12491.122173016	12491.699094919	40.4	403.7
616	Spectrogram 1	1	12491.863929749	12492.770521311	87.0	385.1
617	Spectrogram 1	1	12494.995791509	12495.737548241	65.2	462.7
618	Spectrogram 1	1	12498.795258742	12499.660641597	43.5	456.5
619	Spectrogram 1	1	12502.792503357	12503.699094919	46.6	481.4
620	Spectrogram 1	1	12506.789747972	12507.737548241	49.7	487.6
621	Spectrogram 1	1	12510.787023104	12511.652405959	28.0	577.6
622	Spectrogram 1	1	12514.784267719	12515.649650574	43.5	475.2
623	Spectrogram 1	1	12513.012293302	12514.001302279	37.3	472.0
624	Spectrogram 1	1	12518.699094919	12519.482060359	40.4	344.7
625	Spectrogram 1	1	12522.655130827	12523.520513681	46.6	298.1
626	Spectrogram 1	1	12530.798014127	12531.498562153	65.2	596.3
627	Spectrogram 1	1	12532.652405959	12533.394162692	43.5	391.3
628	Spectrogram 1	1	12535.124928401	12535.743059012	68.3	518.6
629	Spectrogram 1	1	12539.369425260	12540.193599407	55.9	500.0
630	Spectrogram 1	1	12543.407878582	12544.149635315	46.6	528.0
631	Spectrogram 1	1	12547.413389353	12548.278772207	43.5	524.8
632	Spectrogram 1	1	12551.369425260	12552.482060359	43.5	618.0
633	Spectrogram 1	1	12555.490295997	12556.685348511	49.7	636.6
634	Spectrogram 1	1	12559.982075618	12560.394162692	62.1	565.2
635	Spectrogram 1	1	12560.352953984	12560.847458473	21.7	686.3
636	Spectrogram 1	1	12560.888667180	12561.506797791	21.7	798.1
637	Spectrogram 1	1	12564.556242136	12565.091955332	40.4	695.7
638	Spectrogram 1	1	12567.811730018	12568.347443214	74.5	568.3
639	Spectrogram 1	1	12569.624913142	12570.119417631	40.4	618.0
640	Spectrogram 1	1	12570.160626338	12570.819965656	43.5	701.9
641	Spectrogram 1	1	12572.839222835	12573.457353445	46.6	509.3
642	Spectrogram 1	1	12574.569988544	12575.105701740	24.8	546.6
643	Spectrogram 1	1	12575.105701740	12575.765041058	28.0	559.0
644	Spectrogram 1	1	12577.743059012	12578.319980915	55.9	537.3
645	Spectrogram 1	1	12579.432616014	12579.927120502	15.5	577.6
646	Spectrogram 1	1	12579.927120502	12580.545251113	28.0	605.6
647	Spectrogram 1	1	12582.688103896	12583.265025799	37.3	534.2
648	Spectrogram 1	1	12584.377660898	12584.913374094	24.8	583.9
649	Spectrogram 1	1	12584.995791509	12585.655130827	37.3	711.2
650	Spectrogram 1	1	12587.435371399	12588.135919424	68.3	618.0
651	Spectrogram 1	1	12589.207345816	12589.701850304	31.1	618.0
652	Spectrogram 1	1	12589.701850304	12590.402398330	31.1	649.1
653	Spectrogram 1	1	12592.215581454	12592.874920772	55.9	599.4
654	Spectrogram 1	1	12593.863929749	12594.399642944	43.5	621.1
655	Spectrogram 1	1	12594.482060359	12595.141399677	55.9	605.6
656	Spectrogram 1	1	12596.830956679	12597.696339534	71.4	500.0
657	Spectrogram 1	1	12598.899658203	12599.394162692	37.3	565.2
658	Spectrogram 1	1	12599.394162692	12599.929875887	28.0	745.3
659	Spectrogram 1	1	12601.124928401	12601.701850304	59.0	388.2
660	Spectrogram 1	1	12601.949102548	12602.608441866	80.7	559.0
661	Spectrogram 1	1	12603.638659551	12604.174372746	59.0	596.3
662	Spectrogram 1	1	12604.215581454	12604.957338186	31.1	534.2
663	Spectrogram 1	1	12606.894147433	12607.471069336	37.3	574.5
664	Spectrogram 1	1	12608.418869605	12609.037000216	43.5	605.6
665	Spectrogram 1	1	12609.037000216	12609.819965656	40.4	574.5
666	Spectrogram 1	1	12611.451842675	12612.193599407	77.6	571.4
667	Spectrogram 1	1	12613.141399677	12613.841947702	49.7	559.0
668	Spectrogram 1	1	12613.965573824	12614.583704435	43.5	509.3
669	Spectrogram 1	1	12616.355678852	12617.179852999	37.3	490.7
670	Spectrogram 1	1	12618.094710717	12618.630423913	43.5	543.5
671	Spectrogram 1	1	12618.712841327	12619.454598060	37.3	521.7
672	Spectrogram 1	1	12621.185363770	12621.721076965	46.6	546.6
673	Spectrogram 1	1	12622.874920772	12623.451842675	62.1	580.7
674	Spectrogram 1	1	12623.493051382	12624.358434237	71.4	552.8
675	Spectrogram 1	1	12626.047991239	12626.748539264	114.9	552.8
676	Spectrogram 1	1	12628.479304974	12629.344687829	77.6	580.7
677	Spectrogram 1	1	12631.083719694	12632.031519963	139.8	531.1
678	Spectrogram 1	1	12633.638659551	12634.668877235	37.3	605.6
679	Spectrogram 1	1	12637.100190970	12637.759530288	31.1	590.1
680	Spectrogram 1	1	12639.613922119	12640.479304974	43.5	627.3
681	Spectrogram 1	1	12642.341962961	12642.918884864	59.0	568.3
682	Spectrogram 1	1	12644.072728671	12644.773276696	49.7	562.1
683	Spectrogram 1	1	12645.061737647	12645.844703087	52.8	614.9
684	Spectrogram 1	1	12647.946347163	12648.811730018	59.0	521.7
685	Spectrogram 1	1	12650.583704435	12651.366669875	28.0	481.4
686	Spectrogram 1	1	12651.861174363	12652.685348511	37.3	531.1
687	Spectrogram 1	1	12653.649650574	12654.267781184	37.3	540.4
688	Spectrogram 1	1	12655.668877235	12656.122173016	68.3	487.6
689	Spectrogram 1	1	12656.287007845	12657.111181993	18.6	596.3
690	Spectrogram 1	1	12659.377660898	12660.078208923	80.7	649.1
691	Spectrogram 1	1	12662.979320233	12663.762285673	77.6	667.7
692	Spectrogram 1	1	12667.058982262	12667.800738995	55.9	621.1
693	Spectrogram 1	1	12670.776032081	12671.311745277	80.7	661.5
694	Spectrogram 1	1	12671.435371399	12672.177128132	90.1	546.6
695	Spectrogram 1	1	12674.319980915	12674.979320233	46.6	596.3
696	Spectrogram 1	1	12728.855724628	12729.638690068	43.5	341.6
697	Spectrogram 1	1	13079.427135761	13080.210101201	21.7	307.5
698	Spectrogram 1	1	13266.201865563	13267.190874540	55.9	242.2
699	Spectrogram 1	1	13480.668877235	13481.657886212	31.1	189.4
700	Spectrogram 1	1	13734.218336839	13735.248554523	40.4	242.2
701	Spectrogram 1	1	13746.383171668	13747.289763231	90.1	332.3
702	Spectrogram 1	1	13907.765041058	13908.548006498	65.2	198.8
703	Spectrogram 1	1	13934.765041058	13935.918884864	55.9	189.4
705	Spectrogram 1	1	14281.207345816	14282.072728671	37.3	232.9
706	Spectrogram 1	1	14295.267811702	14296.339238093	52.8	208.1
707	Spectrogram 1	1	14405.798014127	14406.828231812	65.2	260.9
709	Spectrogram 1	1	14682.663396982	14683.693614666	55.9	310.6
710	Spectrogram 1	1	14812.652405959	14813.352953984	71.4	326.1
714	Spectrogram 1	1	14862.424380376	14863.495806767	93.2	282.6
715	Spectrogram 1	1	14866.297998869	14867.039755601	124.2	298.1
716	Spectrogram 1	1	14873.723832351	14874.383171668	108.7	301.2
717	Spectrogram 1	1	14881.026039710	14881.850213858	108.7	291.9
718	Spectrogram 1	1	15101.352953984	15102.218336839	52.8	242.2
719	Spectrogram 1	1	15313.817240788	15314.641414936	68.3	260.9
720	Spectrogram 1	1	15346.190874540	15347.221092224	59.0	245.3
722	Spectrogram 1	1	15546.004057664	15546.828231812	59.0	214.3
723	Spectrogram 1	1	15729.960093572	15730.537015475	59.0	239.1
724	Spectrogram 1	1	15769.693614666	15770.476580106	40.4	201.9
725	Spectrogram 1	1	15796.495806767	15797.155146085	62.1	232.9
727	Spectrogram 1	1	15957.960093572	15958.907893841	59.0	264.0
728	Spectrogram 1	1	16362.111212510	16362.605716999	102.5	332.3
731	Spectrogram 1	1	16541.723832351	16542.341962961	127.3	304.3
732	Spectrogram 1	1	16687.067248418	16687.767796443	74.5	344.7
733	Spectrogram 1	1	16693.190874540	16693.726587736	62.1	232.9
734	Spectrogram 1	1	16735.166137108	16735.990311256	68.3	378.9
735	Spectrogram 1	1	16827.251309908	16827.993066641	68.3	232.9
736	Spectrogram 1	1	16994.196354793	16995.020528940	65.2	385.1
737	Spectrogram 1	1	17021.773276696	17022.556242136	65.2	400.6
738	Spectrogram 1	1	17075.196354793	17076.020528940	77.6	382.0
739	Spectrogram 1	1	17081.418900123	17082.078239441	62.1	248.4
