Selection	View	Channel	Begin Time (s)	End Time (s)	Low Freq (Hz)	High Freq (Hz)
1	Spectrogram 1	1	1.995071862	4.359601477	1099.9	1771.3
2	Spectrogram 1	1	7.056643068	11.268461444	1123.5	1592.5
3	Spectrogram 1	1	22.499977112	25.566476455	995.3	1757.8
4	Spectrogram 1	1	26.674849712	29.815240606	944.7	1649.9
5	Spectrogram 1	1	31.145288514	33.953167431	1093.2	1612.8
6	Spectrogram 1	1	33.768438555	36.502425922	1039.2	1636.4
7	Spectrogram 1	1	51.096007136	54.310289580	938.0	1690.4
8	Spectrogram 1	1	54.495018456	56.342307218	1008.8	1693.7
9	Spectrogram 1	1	59.394083183	61.241371944	1174.1	1558.8
10	Spectrogram 1	1	65.970431173	68.482743888	904.2	1764.6
11	Spectrogram 1	1	79.714259556	82.669921574	1184.3	1643.1
12	Spectrogram 1	1	81.746277194	84.923613863	911.0	1649.9
13	Spectrogram 1	1	85.403908941	87.768438555	907.6	1643.1
14	Spectrogram 1	1	88.433462509	91.906365380	1042.6	1663.4
15	Spectrogram 1	1	97.928526742	101.031971861	938.0	1565.5
16	Spectrogram 1	1	102.103399343	105.169898686	1049.3	1646.5
17	Spectrogram 1	1	108.458072681	111.930975552	1265.2	1558.8
18	Spectrogram 1	1	111.990143724	114.022161362	904.2	1727.5
19	Spectrogram 1	1	119.342352994	121.706882608	971.7	1572.3
20	Spectrogram 1	1	132.421157423	135.081253240	843.5	1633.0
21	Spectrogram 1	1	134.829972619	137.573056480	944.7	1666.7
22	Spectrogram 1	1	141.021504762	142.510607429	884.0	1656.6
23	Spectrogram 1	1	143.242096458	144.417703827	968.3	1491.3
24	Spectrogram 1	1	145.044694424	146.899541606	975.1	1660.0
25	Spectrogram 1	1	148.049024367	150.008369982	1069.5	1649.9
26	Spectrogram 1	1	152.585046833	155.014635396	1083.0	1555.4
27	Spectrogram 1	1	156.503738063	159.168448099	1157.3	1575.6
28	Spectrogram 1	1	159.246821924	161.284541363	900.9	1636.4
29	Spectrogram 1	1	165.830223189	167.554447330	948.1	1562.1
30	Spectrogram 1	1	168.505027441	169.941880892	978.5	1541.9
31	Spectrogram 1	1	171.117488261	173.834447513	1039.2	1545.3
32	Spectrogram 1	1	178.223381691	181.175462417	1187.6	1575.6
33	Spectrogram 1	1	181.776328406	184.414913833	1012.2	1582.4
34	Spectrogram 1	1	184.676159915	187.967860548	954.8	1646.5
35	Spectrogram 1	1	191.050564316	194.107143475	914.3	1653.2
36	Spectrogram 1	1	194.446763381	195.648495358	1157.3	1514.9
37	Spectrogram 1	1	201.099174760	204.808869124	1305.7	1646.5
38	Spectrogram 1	1	205.078262816	207.324979121	958.2	1761.2
39	Spectrogram 1	1	220.153812703	223.785133243	911.0	1680.2
40	Spectrogram 1	1	223.576136377	228.461438110	998.7	1660.0
41	Spectrogram 1	1	234.339474955	237.265431073	1174.1	1511.5
42	Spectrogram 1	1	240.635505530	243.718209298	1066.2	1670.1
43	Spectrogram 1	1	247.297280621	250.484482821	975.1	1676.9
46	Spectrogram 1	1	251.180262224	253.923346084	1315.8	1592.5
47	Spectrogram 1	1	253.844972260	255.621445617	1018.9	1683.6
48	Spectrogram 1	1	258.860897034	261.185987163	1012.2	1541.9
49	Spectrogram 1	1	266.149662721	269.075618839	873.9	1656.6
50	Spectrogram 1	1	271.854847182	274.571806435	1035.8	1552.0
51	Spectrogram 1	1	274.310560353	275.878036844	985.2	1460.9
52	Spectrogram 1	1	287.398989060	289.671829973	1113.4	1454.2
53	Spectrogram 1	1	290.612315868	293.041904430	1045.9	1538.5
54	Spectrogram 1	1	295.993985157	298.501947544	1049.3	1629.6
55	Spectrogram 1	1	298.319075286	301.558526703	1008.8	1639.7
56	Spectrogram 1	1	321.888705249	324.684038326	1197.8	1548.7
57	Spectrogram 1	1	324.161546162	326.512760900	1039.2	1761.2
58	Spectrogram 1	1	328.258311136	331.523887161	1113.4	1494.7
59	Spectrogram 1	1	331.759008635	334.449843279	1137.0	1619.5
60	Spectrogram 1	1	334.528217104	337.924416169	897.5	1575.6
61	Spectrogram 1	1	338.185662251	339.282895796	1069.5	1568.9
62	Spectrogram 1	1	355.245031404	358.249361347	934.6	1673.5
63	Spectrogram 1	1	358.902476552	360.600576085	1207.9	1545.3
64	Spectrogram 1	1	362.795043173	364.911136437	991.9	1565.5
65	Spectrogram 1	1	365.366190817	368.370520760	1059.4	1585.8
66	Spectrogram 1	1	370.591112456	372.707205720	934.6	1680.2
67	Spectrogram 1	1	377.984376576	380.492338963	1039.2	1683.6
68	Spectrogram 1	1	381.644438408	383.525410199	1018.9	1700.5
69	Spectrogram 1	1	387.039114436	388.319220238	1292.2	1545.3
70	Spectrogram 1	1	388.711089361	391.584796263	1025.7	1670.1
71	Spectrogram 1	1	391.767668520	393.857637176	978.5	1565.5
72	Spectrogram 1	1	394.223381691	396.417848779	1194.4	1531.8
73	Spectrogram 1	1	395.973730440	398.899686558	991.9	1558.8
74	Spectrogram 1	1	411.674619967	413.712339406	1150.5	1467.7
75	Spectrogram 1	1	416.063554144	418.205772016	958.2	1741.0
76	Spectrogram 1	1	418.641227126	422.429295314	944.7	1771.3
77	Spectrogram 1	1	427.210098615	429.874808651	1029.1	1562.1
78	Spectrogram 1	1	434.368241261	436.118590010	941.3	1568.9
79	Spectrogram 1	1	440.673369922	442.475967887	1056.1	1619.5
80	Spectrogram 1	1	452.873561950	455.224776688	991.9	1690.4
81	Spectrogram 1	1	458.438103496	461.050564316	1275.4	1484.5
82	Spectrogram 1	1	460.371324503	462.147797860	931.2	1541.9
83	Spectrogram 1	1	462.800913065	466.406108996	971.7	1568.9
84	Spectrogram 1	1	466.641230470	468.104208529	958.2	1579.0
85	Spectrogram 1	1	468.652825301	471.291410729	1251.7	1514.9
86	Spectrogram 1	1	472.570250868	475.208836296	1072.9	1633.0
87	Spectrogram 1	1	477.115932694	480.747253234	1184.3	1545.3
88	Spectrogram 1	1	487.800897447	490.805227390	1110.0	1535.2
89	Spectrogram 1	1	491.329420072	493.680634810	900.9	1562.1
90	Spectrogram 1	1	502.615250814	504.025979656	890.7	1633.0
91	Spectrogram 1	1	505.645705365	506.899686558	998.7	1572.3
92	Spectrogram 1	1	509.120278255	511.523742209	961.6	1670.1
93	Spectrogram 1	1	514.371324503	516.330670117	1147.1	1538.5
94	Spectrogram 1	1	516.200047076	518.316140340	1187.6	1666.7
95	Spectrogram 1	1	522.391579219	524.272551009	1211.3	1545.3
96	Spectrogram 1	1	524.455423267	526.205772016	978.5	1538.5
97	Spectrogram 1	1	534.140760442	535.812735366	1245.0	1460.9
98	Spectrogram 1	1	535.499240068	540.358417193	1282.1	1433.9
99	Spectrogram 1	1	540.567414058	543.336622527	1187.6	1427.2
100	Spectrogram 1	1	544.676304867	548.673369922	907.6	1555.4
101	Spectrogram 1	1	554.786528240	558.679094861	897.5	1680.2
102	Spectrogram 1	1	565.157997694	567.378589391	1066.2	1562.1
103	Spectrogram 1	1	567.065094093	570.957660714	931.2	1568.9
104	Spectrogram 1	1	574.641230470	576.940195991	1255.1	1474.4
105	Spectrogram 1	1	576.992445208	579.735529068	1008.8	1555.4
106	Spectrogram 1	1	585.789545704	587.879514360	968.3	1683.6
107	Spectrogram 1	1	587.931763576	590.204604489	1197.8	1464.3
108	Spectrogram 1	1	590.805470478	593.052186783	1326.0	1545.3
109	Spectrogram 1	1	598.702429476	602.307625407	857.0	1568.9
110	Spectrogram 1	1	609.883761784	611.999855048	900.9	1646.5
111	Spectrogram 1	1	620.960595660	623.390184222	998.7	1666.7
112	Spectrogram 1	1	627.883616832	630.287080786	1299.0	1538.5
113	Spectrogram 1	1	633.369784554	635.694874683	1336.1	1535.2
114	Spectrogram 1	1	639.442478670	641.036079770	1039.2	1670.1
115	Spectrogram 1	1	642.603556262	645.398889339	1137.0	1656.6
116	Spectrogram 1	1	646.469998275	650.336440288	958.2	1646.5
117	Spectrogram 1	1	655.471637944	659.050709268	961.6	1656.6
118	Spectrogram 1	1	659.259706133	662.525282158	1214.6	1450.8
119	Spectrogram 1	1	667.332210066	672.609380922	914.3	1700.5
120	Spectrogram 1	1	683.294345675	686.768918565	1288.9	1548.7
121	Spectrogram 1	1	687.778168486	689.424018802	1018.9	1673.5
122	Spectrogram 1	1	692.846342476	696.059669284	968.3	1687.0
123	Spectrogram 1	1	699.063999227	702.120578386	1106.7	1707.2
124	Spectrogram 1	1	701.859332304	704.106048609	1214.6	1592.5
125	Spectrogram 1	1	706.571806435	708.478902833	1012.2	1646.5
126	Spectrogram 1	1	715.715419304	717.439643445	978.5	1660.0
127	Spectrogram 1	1	717.204521971	718.745873855	1221.4	1552.0
128	Spectrogram 1	1	718.615250814	720.940340943	1099.9	1649.9
129	Spectrogram 1	1	722.638440476	726.113013366	1022.3	1626.3
130	Spectrogram 1	1	738.104208529	740.638295524	944.7	1687.0
131	Spectrogram 1	1	747.906219533	750.257434271	941.3	1670.1
132	Spectrogram 1	1	751.224044774	754.594119231	1224.8	1572.3
133	Spectrogram 1	1	754.985988354	757.833570648	1305.7	1535.2
134	Spectrogram 1	1	758.455713171	760.127688095	1045.9	1626.3
135	Spectrogram 1	1	762.087033710	765.117488261	1093.2	1572.3
136	Spectrogram 1	1	765.091363653	767.024584659	985.2	1538.5
137	Spectrogram 1	1	771.021649714	773.268366019	985.2	1552.0
138	Spectrogram 1	1	774.287225738	775.854702230	1029.1	1568.9
139	Spectrogram 1	1	778.859032173	781.445368384	1035.8	1541.9
140	Spectrogram 1	1	781.366994560	785.964925603	968.3	1660.0
141	Spectrogram 1	1	799.533563474	801.414535264	948.1	1670.1
142	Spectrogram 1	1	804.392740598	808.520428694	911.0	1676.9
143	Spectrogram 1	1	809.696036062	811.916627759	944.7	1599.3
144	Spectrogram 1	1	815.303295464	817.105893430	1170.8	1531.8
145	Spectrogram 1	1	820.528217104	822.435313502	1315.8	1471.1
146	Spectrogram 1	1	826.066634041	829.488957715	1319.2	1545.3
147	Spectrogram 1	1	829.541206932	831.343804897	965.0	1521.7
148	Spectrogram 1	1	834.348134840	837.274090958	985.2	1558.8
149	Spectrogram 1	1	837.378589391	838.841567450	1022.3	1649.9
150	Spectrogram 1	1	838.919941275	841.166657580	995.3	1616.1
151	Spectrogram 1	1	841.741398960	843.622370750	1285.5	1440.7
152	Spectrogram 1	1	845.477217932	846.705074518	1062.8	1639.7
153	Spectrogram 1	1	849.306032399	854.165209524	1272.0	1548.7
154	Spectrogram 1	1	858.501894485	861.166604521	1312.5	1541.9
155	Spectrogram 1	1	861.819719726	864.484429762	998.7	1541.9
156	Spectrogram 1	1	870.923021172	872.255376190	1039.2	1649.9
157	Spectrogram 1	1	874.084098764	875.912821338	944.7	1629.6
158	Spectrogram 1	1	879.674764919	881.764733574	1039.2	1683.6
159	Spectrogram 1	1	884.481692827	887.329275120	1234.9	1444.1
160	Spectrogram 1	1	887.773393460	891.038969484	850.2	1646.5
161	Spectrogram 1	1	891.613710865	895.636900527	948.1	1737.6
162	Spectrogram 1	1	908.305222392	911.962667540	965.0	1575.6
163	Spectrogram 1	1	912.354536663	914.940872875	1042.6	1673.5
164	Spectrogram 1	1	916.717346232	919.878423824	988.6	1778.1
165	Spectrogram 1	1	927.483232776	929.625450648	1258.5	1454.2
166	Spectrogram 1	1	929.520952215	931.114553315	1062.8	1558.8
167	Spectrogram 1	1	941.877891893	946.188452245	961.6	1690.4
168	Spectrogram 1	1	945.587586257	947.886551778	1059.4	1764.6
169	Spectrogram 1	1	953.790713231	956.899541606	1096.5	1579.0
170	Spectrogram 1	1	957.434811862	959.707652775	1315.8	1562.1
171	Spectrogram 1	1	964.096586952	966.735172380	988.6	1457.6
172	Spectrogram 1	1	966.604549339	969.426007025	961.6	1552.0
173	Spectrogram 1	1	973.671974925	978.870771956	927.8	1751.1
174	Spectrogram 1	1	980.203126974	982.580466320	938.0	1747.7
175	Spectrogram 1	1	982.528217104	984.983930274	887.4	1747.7
176	Spectrogram 1	1	992.011449879	996.844502396	1295.6	1531.8
177	Spectrogram 1	1	1002.435168550	1004.812507896	954.8	1788.2
178	Spectrogram 1	1	1009.421374979	1012.190583448	890.7	1751.1
179	Spectrogram 1	1	1017.102009789	1018.930732363	1299.0	1558.8
180	Spectrogram 1	1	1018.695610889	1021.438694750	1042.6	1629.6
181	Spectrogram 1	1	1039.323550181	1044.992590160	954.8	1751.1
182	Spectrogram 1	1	1047.735674020	1051.001250045	917.7	1595.9
183	Spectrogram 1	1	1051.889486724	1053.979455380	1322.6	1548.7
184	Spectrogram 1	1	1064.455423267	1067.747123900	1315.8	1660.0
185	Spectrogram 1	1	1068.586525933	1071.904351174	995.3	1653.2
186	Spectrogram 1	1	1076.214911527	1079.140867645	1329.3	1457.6
187	Spectrogram 1	1	1081.596580816	1083.529801822	904.2	1703.9
188	Spectrogram 1	1	1086.896896564	1088.412123840	985.2	1579.0
189	Spectrogram 1	1	1088.124753149	1090.345344846	1123.5	1555.4
190	Spectrogram 1	1	1089.953475723	1091.912821338	1069.5	1636.4
191	Spectrogram 1	1	1098.025979656	1100.847437342	1302.4	1579.0
192	Spectrogram 1	1	1101.317680289	1104.113013366	985.2	1707.2
193	Spectrogram 1	1	1110.591916199	1112.159392691	1083.0	1582.4
194	Spectrogram 1	1	1111.950395826	1114.353859780	961.6	1717.4
195	Spectrogram 1	1	1116.130333137	1119.604906027	1170.8	1562.1
196	Spectrogram 1	1	1123.431779321	1127.167598293	1211.3	1555.4
197	Spectrogram 1	1	1128.865697826	1131.870027769	938.0	1649.9
198	Spectrogram 1	1	1133.411379652	1136.624706461	991.9	1568.9
199	Spectrogram 1	1	1137.422323674	1141.550011769	941.3	1575.6
200	Spectrogram 1	1	1152.130478089	1155.892421670	884.0	1649.9
201	Spectrogram 1	1	1155.735674020	1158.139137975	968.3	1575.6
202	Spectrogram 1	1	1162.946065883	1166.316140340	914.3	1535.2
203	Spectrogram 1	1	1166.028769650	1167.752993791	978.5	1572.3
204	Spectrogram 1	1	1169.633965581	1171.070819032	1002.1	1568.9
205	Spectrogram 1	1	1172.612170916	1174.728264180	981.8	1582.4
206	Spectrogram 1	1	1181.565097272	1184.386554958	880.6	1663.4
207	Spectrogram 1	1	1187.710007002	1190.479215471	1326.0	1450.8
208	Spectrogram 1	1	1196.020254717	1197.796728074	1177.5	1481.2
209	Spectrogram 1	1	1198.711089361	1201.506422438	975.1	1714.0
210	Spectrogram 1	1	1202.734279023	1204.954870720	1312.5	1545.3
211	Spectrogram 1	1	1210.911281389	1212.792253179	907.6	1697.1
212	Spectrogram 1	1	1214.908346443	1218.931536106	1214.6	1636.4
213	Spectrogram 1	1	1219.950395826	1224.391579219	1045.9	1568.9
214	Spectrogram 1	1	1224.574451477	1226.507672483	1076.3	1568.9
215	Spectrogram 1	1	1230.806655556	1232.661502738	1002.1	1575.6
216	Spectrogram 1	1	1237.494555255	1240.054766858	1309.1	1471.1
217	Spectrogram 1	1	1241.987987865	1244.286953386	1332.7	1454.2
218	Spectrogram 1	1	1245.474572890	1248.348279792	1302.4	1545.3
219	Spectrogram 1	1	1248.217656751	1251.613855817	873.9	1660.0
220	Spectrogram 1	1	1257.335145012	1259.973730440	1312.5	1467.7
221	Spectrogram 1	1	1260.391724171	1262.246571353	991.9	1764.6
222	Spectrogram 1	1	1263.657300196	1269.796583122	975.1	1660.0
223	Spectrogram 1	1	1272.827037673	1277.581716365	1218.0	1676.9
224	Spectrogram 1	1	1278.809572950	1282.440893490	1305.7	1477.8
225	Spectrogram 1	1	1282.762387524	1284.486611665	991.9	1572.3
226	Spectrogram 1	1	1284.094742542	1286.602704929	978.5	1646.5
227	Spectrogram 1	1	1291.200635972	1294.074342874	1076.3	1558.8
228	Spectrogram 1	1	1293.604099926	1297.366043507	971.7	1666.7
229	Spectrogram 1	1	1298.481837779	1302.505027441	971.7	1730.8
230	Spectrogram 1	1	1302.818522740	1305.143612869	1288.9	1666.7
231	Spectrogram 1	1	1308.069568987	1311.335145012	1194.4	1636.4
232	Spectrogram 1	1	1318.310415401	1322.620975753	907.6	1572.3
233	Spectrogram 1	1	1322.986720268	1325.834302562	1302.4	1413.7
234	Spectrogram 1	1	1326.827037673	1329.648495358	1288.9	1572.3
235	Spectrogram 1	1	1333.488812763	1336.571516531	978.5	1693.7
236	Spectrogram 1	1	1338.406443823	1340.783783169	1305.7	1538.5
237	Spectrogram 1	1	1342.638630351	1344.989845089	934.6	1764.6
238	Spectrogram 1	1	1345.460088037	1347.915801207	1309.1	1501.4
239	Spectrogram 1	1	1350.476012811	1354.002834917	1133.7	1538.5
240	Spectrogram 1	1	1353.840317405	1356.374404400	958.2	1663.4
241	Spectrogram 1	1	1365.282895796	1367.163867586	1201.1	1690.4
242	Spectrogram 1	1	1367.634110533	1370.011449879	1008.8	1660.0
243	Spectrogram 1	1	1371.657300196	1374.531007097	965.0	1754.5
244	Spectrogram 1	1	1374.531007097	1376.568726537	961.6	1649.9
245	Spectrogram 1	1	1377.378589391	1381.532402094	1241.6	1643.1
246	Spectrogram 1	1	1385.947460880	1387.514937372	850.2	1572.3
247	Spectrogram 1	1	1389.130681611	1392.735877542	1133.7	1565.5
248	Spectrogram 1	1	1393.415117355	1395.557335227	1147.1	1528.4
249	Spectrogram 1	1	1398.378792913	1400.312013919	1079.7	1535.2
250	Spectrogram 1	1	1401.618244329	1405.458561734	1326.0	1548.7
251	Spectrogram 1	1	1406.652772242	1409.526479144	924.5	1653.2
252	Spectrogram 1	1	1414.502092495	1417.532547046	1005.4	1778.1
253	Spectrogram 1	1	1419.282895796	1421.242241410	975.1	1558.8
254	Spectrogram 1	1	1424.978060383	1429.523742209	1268.6	1548.7
255	Spectrogram 1	1	1429.262496127	1430.908346443	978.5	1582.4
256	Spectrogram 1	1	1432.005579988	1434.983785322	1025.7	1670.1
257	Spectrogram 1	1	1435.245031404	1437.570121534	1312.5	1538.5
258	Spectrogram 1	1	1438.536732037	1439.816837839	806.4	1585.8
259	Spectrogram 1	1	1441.593311196	1443.761653677	816.5	1757.8
260	Spectrogram 1	1	1453.401240667	1457.424430329	1224.8	1474.4
261	Spectrogram 1	1	1457.581177978	1461.369246167	1025.7	1673.5
262	Spectrogram 1	1	1465.785133243	1468.397594063	938.0	1633.0
263	Spectrogram 1	1	1468.057974156	1469.782198297	931.2	1619.5
264	Spectrogram 1	1	1471.401924005	1472.995525105	1072.9	1690.4
265	Spectrogram 1	1	1473.909886392	1475.999855048	954.8	1595.9
266	Spectrogram 1	1	1476.052104265	1479.474427938	1177.5	1531.8
267	Spectrogram 1	1	1480.859032173	1483.079623870	1228.1	1440.7
268	Spectrogram 1	1	1485.091218701	1487.808177953	1322.6	1444.1
269	Spectrogram 1	1	1487.782053345	1489.427903662	971.7	1531.8
270	Spectrogram 1	1	1489.689149744	1491.935866049	1255.1	1545.3
271	Spectrogram 1	1	1492.223236739	1493.973585488	900.9	1653.2
272	Spectrogram 1	1	1495.436563547	1496.559921700	931.2	1656.6
273	Spectrogram 1	1	1496.612170916	1498.127398191	1261.9	1525.0
274	Spectrogram 1	1	1497.840027501	1499.485877818	998.7	1484.5
275	Spectrogram 1	1	1501.735038870	1504.817742638	1086.4	1511.5
276	Spectrogram 1	1	1507.377954241	1509.572421329	978.5	1430.6
277	Spectrogram 1	1	1512.263255974	1514.222601589	1224.8	1531.8
278	Spectrogram 1	1	1514.196476980	1517.096308490	1005.4	1754.5
279	Spectrogram 1	1	1518.452778225	1522.084098764	1258.5	1423.8
280	Spectrogram 1	1	1530.496222604	1533.866297061	961.6	1660.0
281	Spectrogram 1	1	1536.687754747	1538.673224970	1292.2	1521.7
282	Spectrogram 1	1	1548.562125871	1552.480817101	1039.2	1555.4
283	Spectrogram 1	1	1552.480817101	1554.022168985	1035.8	1555.4
284	Spectrogram 1	1	1557.470617267	1558.776847676	1123.5	1518.3
285	Spectrogram 1	1	1558.750723068	1560.866816332	961.6	1771.3
286	Spectrogram 1	1	1569.161077592	1573.785133243	978.5	1717.4
287	Spectrogram 1	1	1576.240846413	1578.226316636	1160.6	1521.7
288	Spectrogram 1	1	1580.473032941	1583.111618369	1319.2	1538.5
289	Spectrogram 1	1	1586.873561950	1588.623910699	1332.7	1545.3
290	Spectrogram 1	1	1588.806782956	1591.001250045	1012.2	1656.6
291	Spectrogram 1	1	1590.426508665	1592.516477321	927.8	1633.0
292	Spectrogram 1	1	1599.831367616	1602.287080786	951.5	1676.9
293	Spectrogram 1	1	1612.132872968	1615.502947426	1329.3	1531.8
294	Spectrogram 1	1	1619.108143357	1623.340329885	931.2	1643.1
295	Spectrogram 1	1	1625.669039979	1627.602260985	958.2	1687.0
296	Spectrogram 1	1	1627.523887161	1629.535481992	961.6	1633.0
297	Spectrogram 1	1	1635.126148146	1638.365599563	995.3	1653.2
298	Spectrogram 1	1	1641.030309599	1643.721144243	1282.1	1413.7
299	Spectrogram 1	1	1644.191387191	1648.057829204	1045.9	1531.8
300	Spectrogram 1	1	1656.025834704	1661.146257911	1032.4	1700.5
301	Spectrogram 1	1	1665.903454166	1670.710382074	924.5	1683.6
302	Spectrogram 1	1	1678.284435744	1681.053644213	1002.1	1633.0
303	Spectrogram 1	1	1681.001394997	1683.666105033	1056.1	1538.5
304	Spectrogram 1	1	1684.658840145	1689.779263351	975.1	1626.3
305	Spectrogram 1	1	1694.742938909	1696.885156781	958.2	1562.1
306	Spectrogram 1	1	1700.229106630	1704.382919334	917.7	1660.0
307	Spectrogram 1	1	1705.088283755	1706.734134072	921.1	1538.5
308	Spectrogram 1	1	1707.935866049	1710.391579219	1282.1	1504.8
309	Spectrogram 1	1	1710.313205395	1711.985180319	1309.1	1528.4
310	Spectrogram 1	1	1712.115803360	1713.631030636	1295.6	1562.1
311	Spectrogram 1	1	1713.955389159	1716.593974587	1319.2	1504.8
312	Spectrogram 1	1	1718.135326471	1721.165781022	1288.9	1464.3
313	Spectrogram 1	1	1727.984303761	1732.320988722	968.3	1535.2
314	Spectrogram 1	1	1734.609525874	1739.259706133	961.6	1649.9
315	Spectrogram 1	1	1744.589126205	1746.835842510	1329.3	1420.4
316	Spectrogram 1	1	1746.940340943	1749.369929506	1258.5	1535.2
317	Spectrogram 1	1	1749.970795494	1752.191387191	1315.8	1521.7
318	Spectrogram 1	1	1754.803848011	1757.233436573	1234.9	1427.2
319	Spectrogram 1	1	1761.935866049	1766.873416998	975.1	1545.3
320	Spectrogram 1	1	1766.768918565	1768.780513396	1299.0	1437.3
321	Spectrogram 1	1	1772.490835237	1775.442915963	1285.5	1531.8
322	Spectrogram 1	1	1783.437046071	1785.344142470	887.4	1656.6
323	Spectrogram 1	1	1786.519557218	1788.400529008	1012.2	1865.8
324	Spectrogram 1	1	1788.191532143	1789.889631676	1255.1	1477.8
325	Spectrogram 1	1	1790.542746881	1791.848977290	1032.4	1585.8
326	Spectrogram 1	1	1793.651575256	1795.140677923	1012.2	1538.5
327	Spectrogram 1	1	1799.764733574	1801.933076055	1312.5	1555.4
328	Spectrogram 1	1	1803.578926371	1805.773393460	1093.2	1518.3
329	Spectrogram 1	1	1814.290015732	1815.413373885	1332.7	1447.4
330	Spectrogram 1	1	1818.260956178	1822.728264180	890.7	1703.9
331	Spectrogram 1	1	1822.477009095	1826.134454243	1302.4	1633.0
332	Spectrogram 1	1	1828.590167413	1830.053145472	1035.8	1548.7
333	Spectrogram 1	1	1832.012491087	1833.736715228	1278.7	1501.4
334	Spectrogram 1	1	1835.069070246	1837.211288118	1278.7	1450.8
335	Spectrogram 1	1	1838.360770879	1840.006621195	911.0	1535.2
336	Spectrogram 1	1	1840.023189662	1842.740148915	968.3	1525.0
337	Spectrogram 1	1	1847.677699864	1854.261101130	1012.2	1555.4
338	Spectrogram 1	1	1856.455568219	1859.982390325	1285.5	1548.7
339	Spectrogram 1	1	1860.896751612	1863.404713999	921.1	1754.5
340	Spectrogram 1	1	1863.665960081	1866.147797860	911.0	1670.1
341	Spectrogram 1	1	1870.974030725	1873.063999381	1305.7	1464.3
342	Spectrogram 1	1	1874.840472738	1877.139438260	1332.7	1460.9
343	Spectrogram 1	1	1877.034939827	1879.412279173	1056.1	1676.9
344	Spectrogram 1	1	1879.281656132	1881.632870870	1224.8	1629.6
345	Spectrogram 1	1	1884.245331689	1888.346895176	1332.7	1633.0
346	Spectrogram 1	1	1889.391879504	1891.978215716	1353.0	1525.0
347	Spectrogram 1	1	1896.374404400	1900.293095630	1029.1	1666.7
348	Spectrogram 1	1	1901.050709268	1904.211786859	1062.8	1541.9
349	Spectrogram 1	1	1903.976665386	1906.354004732	1066.2	1666.7
350	Spectrogram 1	1	1909.541206932	1911.761798629	1258.5	1525.0
351	Spectrogram 1	1	1911.474427938	1915.340869952	1126.9	1558.8
352	Spectrogram 1	1	1916.333605063	1918.319075286	944.7	1595.9
353	Spectrogram 1	1	1925.555591757	1928.246426401	1292.2	1511.5
354	Spectrogram 1	1	1928.377049442	1930.310270449	1315.8	1535.2
355	Spectrogram 1	1	1936.377361015	1938.519578888	951.5	1612.8
356	Spectrogram 1	1	1938.310582022	1940.269927637	917.7	1781.5
357	Spectrogram 1	1	1942.542768550	1944.371491124	1025.7	1683.6
358	Spectrogram 1	1	1944.449864948	1945.782219966	1346.2	1454.2
359	Spectrogram 1	1	1946.435335171	1948.734300693	1018.9	1541.9
360	Spectrogram 1	1	1948.441183394	1951.837382459	1224.8	1521.7
361	Spectrogram 1	1	1960.980995328	1963.933076055	1349.6	1545.3
362	Spectrogram 1	1	1970.072358981	1973.390184222	948.1	1531.8
363	Spectrogram 1	1	1973.128938140	1975.245031404	1002.1	1666.7
364	Spectrogram 1	1	1974.435168550	1977.491747709	914.3	1541.9
365	Spectrogram 1	1	1978.080213751	1981.842157332	1204.5	1565.5
366	Spectrogram 1	1	1983.226761566	1986.204966901	975.1	1656.6
367	Spectrogram 1	1	1991.847882271	1994.852212214	921.1	1558.8
368	Spectrogram 1	1	1996.210691840	1998.379034321	1150.5	1545.3
369	Spectrogram 1	1	1998.718654227	2000.704124450	1147.1	1545.3
370	Spectrogram 1	1	2004.034784494	2009.494827607	1363.1	1552.0
371	Spectrogram 1	1	2007.927351115	2009.912821338	981.8	1687.0
372	Spectrogram 1	1	2013.100023538	2016.182727305	938.0	1660.0
373	Spectrogram 1	1	2023.053499261	2024.882221835	1147.1	1535.2
374	Spectrogram 1	1	2024.751598794	2027.938800994	1018.9	1531.8
375	Spectrogram 1	1	2027.755928737	2029.009909930	1032.4	1568.9
376	Spectrogram 1	1	2039.371695245	2041.122043994	894.1	1707.2
377	Spectrogram 1	1	2040.939171736	2043.342635691	880.6	1616.1
378	Spectrogram 1	1	2043.107514217	2044.648866100	1005.4	1518.3
379	Spectrogram 1	1	2045.563227387	2047.888317517	954.8	1558.8
380	Spectrogram 1	1	2049.534167833	2053.452859063	1275.4	1518.3
381	Spectrogram 1	1	2063.338079958	2065.663170087	1288.9	1585.8
382	Spectrogram 1	1	2065.428048614	2067.648640310	1312.5	1660.0
383	Spectrogram 1	1	2067.518017269	2069.947605832	1353.0	1535.2
384	Spectrogram 1	1	2076.740003963	2079.404713999	1197.8	1575.6
385	Spectrogram 1	1	2078.620975753	2081.181187357	904.2	1663.4
386	Spectrogram 1	1	2082.853162281	2084.342264949	1353.0	1447.4
387	Spectrogram 1	1	2085.779118399	2088.078083921	1272.0	1538.5
388	Spectrogram 1	1	2088.757323734	2091.500407595	991.9	1737.6
389	Spectrogram 1	1	2093.473453091	2096.085913910	1214.6	1521.7
390	Spectrogram 1	1	2099.299240719	2103.818797937	924.5	1636.4
391	Spectrogram 1	1	2104.602536183	2107.241121611	1072.9	1639.7
392	Spectrogram 1	1	2112.243781359	2114.412123840	971.7	1626.3
393	Spectrogram 1	1	2123.189992194	2126.246571353	1282.1	1508.2
394	Spectrogram 1	1	2126.037574488	2128.284290793	1299.0	1447.4
395	Spectrogram 1	1	2127.866297061	2130.322010232	1164.0	1555.4
396	Spectrogram 1	1	2130.792253179	2132.568726537	1265.2	1454.2
397	Spectrogram 1	1	2132.438103496	2134.815442842	1096.5	1629.6
398	Spectrogram 1	1	2134.475822935	2136.644165416	1062.8	1660.0
399	Spectrogram 1	1	2136.539666983	2138.890881721	1302.4	1541.9
400	Spectrogram 1	1	2138.681884855	2139.961990657	1012.2	1609.4
401	Spectrogram 1	1	2139.909741440	2142.078083921	1015.6	1629.6
402	Spectrogram 1	1	2150.396572553	2152.486541209	1211.3	1417.1
403	Spectrogram 1	1	2153.374777887	2155.673743409	1305.7	1538.5
404	Spectrogram 1	1	2165.799663020	2168.098628541	853.6	1575.6
405	Spectrogram 1	1	2167.994130108	2170.684964753	911.0	1643.1
406	Spectrogram 1	1	2171.468702999	2174.525282158	1005.4	1670.1
407	Spectrogram 1	1	2187.247966350	2189.808177953	897.5	1528.4
408	Spectrogram 1	1	2189.050564316	2191.036034539	1288.9	1437.3
409	Spectrogram 1	1	2192.054894258	2195.111473418	1018.9	1636.4
410	Spectrogram 1	1	2197.567186588	2199.239161513	985.2	1541.9
411	Spectrogram 1	1	2209.243594483	2211.516435396	988.6	1656.6
412	Spectrogram 1	1	2212.535295116	2215.200005152	1002.1	1562.1
413	Spectrogram 1	1	2217.239451416	2221.759008635	944.7	1663.4
414	Spectrogram 1	1	2222.960740612	2227.010054882	1302.4	1562.1
415	Spectrogram 1	1	2235.213181856	2237.015779822	1035.8	1582.4
416	Spectrogram 1	1	2244.670290024	2246.969255545	1059.4	1649.9
417	Spectrogram 1	1	2246.603511031	2248.536732037	981.8	1670.1
418	Spectrogram 1	1	2247.988115265	2250.234831570	954.8	1643.1
419	Spectrogram 1	1	2250.182582354	2251.358189722	1322.6	1457.6
420	Spectrogram 1	1	2252.638295524	2255.355254777	1194.4	1427.2
421	Spectrogram 1	1	2266.810490410	2269.318452796	1282.1	1555.4
422	Spectrogram 1	1	2269.083331323	2271.852539792	911.0	1784.8
423	Spectrogram 1	1	2275.654510202	2278.632715536	1079.7	1646.5
424	Spectrogram 1	1	2280.513687327	2282.995525105	1039.2	1633.0
425	Spectrogram 1	1	2287.802453014	2290.493287658	1110.0	1697.1
426	Spectrogram 1	1	2290.467163050	2292.635505530	1234.9	1757.8
427	Spectrogram 1	1	2300.760258680	2302.327735172	1076.3	1636.4
428	Spectrogram 1	1	2304.287080786	2308.022899759	1025.7	1622.9
429	Spectrogram 1	1	2307.909738096	2310.914068039	1282.1	1437.3
430	Spectrogram 1	1	2312.350921490	2315.015631526	1295.6	1437.3
431	Spectrogram 1	1	2317.837089211	2319.352316487	927.8	1636.4
432	Spectrogram 1	1	2324.760110384	2326.092465402	1120.2	1633.0
433	Spectrogram 1	1	2329.210391863	2331.901226507	1096.5	1656.6
434	Spectrogram 1	1	2334.278565853	2338.014384825	1137.0	1606.0
435	Spectrogram 1	1	2350.972190491	2353.009909930	1096.5	1538.5
436	Spectrogram 1	1	2357.577635774	2359.014489225	1052.7	1653.2
437	Spectrogram 1	1	2360.190096594	2361.339579355	1221.4	1528.4
438	Spectrogram 1	1	2371.632674984	2376.256730635	1045.9	1525.0
439	Spectrogram 1	1	2382.714024307	2385.012989828	1025.7	1541.9
440	Spectrogram 1	1	2384.464373056	2387.651575256	1052.7	1653.2
441	Spectrogram 1	1	2398.832907565	2400.661630138	927.8	1670.1
442	Spectrogram 1	1	2400.661630138	2402.333605063	934.6	1541.9
443	Spectrogram 1	1	2404.083953812	2406.618040808	873.9	1653.2
444	Spectrogram 1	1	2406.931536106	2409.387249276	1042.6	1599.3
445	Spectrogram 1	1	2411.006974985	2413.671685021	1130.3	1518.3
446	Spectrogram 1	1	2413.645560413	2416.362519665	1312.5	1548.7
447	Spectrogram 1	1	2427.131068357	2429.351660054	1029.1	1531.8
448	Spectrogram 1	1	2430.187647516	2432.930731377	1221.4	1535.2
449	Spectrogram 1	1	2436.714024307	2439.195862086	1319.2	1639.7
450	Spectrogram 1	1	2442.827182625	2445.309020404	1062.8	1734.2
451	Spectrogram 1	1	2444.969400497	2447.163867586	850.2	1690.4
452	Spectrogram 1	1	2449.149337809	2451.605050979	789.5	1687.0
453	Spectrogram 1	1	2453.930141109	2456.255231239	1315.8	1528.4
454	Spectrogram 1	1	2464.144862914	2466.469953044	1083.0	1636.4
455	Spectrogram 1	1	2468.457965610	2472.246033799	1319.2	1525.0
456	Spectrogram 1	1	2474.048631764	2475.616108256	1069.5	1572.3
457	Spectrogram 1	1	2475.642232864	2477.366457005	1305.7	1531.8
458	Spectrogram 1	1	2477.105210923	2478.124070643	1099.9	1639.7
459	Spectrogram 1	1	2478.646562807	2481.050026761	1349.6	1528.4
460	Spectrogram 1	1	2480.841029896	2482.643627861	975.1	1724.1
461	Spectrogram 1	1	2497.454173222	2499.335145012	985.2	1552.0
462	Spectrogram 1	1	2501.059369153	2504.298820569	1326.0	1633.0
463	Spectrogram 1	1	2507.668895027	2510.647100362	1056.1	1528.4
464	Spectrogram 1	1	2516.551261814	2520.234831570	1116.8	1535.2
465	Spectrogram 1	1	2525.883951660	2529.123403076	877.2	1639.7
466	Spectrogram 1	1	2530.194512012	2531.631365463	988.6	1528.4
467	Spectrogram 1	1	2533.198841955	2536.725664062	921.1	1774.7
468	Spectrogram 1	1	2537.483277699	2541.375844321	1349.6	1653.2
469	Spectrogram 1	1	2555.216116802	2557.149337809	1025.7	1548.7
470	Spectrogram 1	1	2558.063699096	2560.493287658	1339.5	1531.8
471	Spectrogram 1	1	2561.172527471	2564.229106630	1336.1	1646.5
472	Spectrogram 1	1	2564.098483589	2566.998315099	938.0	1633.0
473	Spectrogram 1	1	2568.513542375	2571.570121534	1120.2	1433.9
474	Spectrogram 1	1	2571.596246142	2573.398844108	968.3	1555.4
475	Spectrogram 1	1	2586.622184181	2592.317348768	1015.6	1653.2
476	Spectrogram 1	1	2595.709694364	2599.001394997	975.1	1673.5
477	Spectrogram 1	1	2599.889631676	2601.195862086	1059.4	1622.9
478	Spectrogram 1	1	2603.573201432	2606.864902064	975.1	1666.7
479	Spectrogram 1	1	2607.230646579	2610.522347212	1292.2	1562.1
480	Spectrogram 1	1	2614.153667752	2616.766128571	1126.9	1531.8
481	Spectrogram 1	1	2617.079623870	2619.247966350	965.0	1629.6
482	Spectrogram 1	1	2619.247966350	2622.748663849	917.7	1639.7
483	Spectrogram 1	1	2623.689149744	2625.073753978	1207.9	1494.7
484	Spectrogram 1	1	2629.619435804	2633.929996157	1039.2	1680.2
485	Spectrogram 1	1	2639.371913398	2641.670878920	968.3	1666.7
486	Spectrogram 1	1	2641.670878920	2643.316729236	1332.7	1518.3
487	Spectrogram 1	1	2643.525726102	2645.746317798	1292.2	1531.8
488	Spectrogram 1	1	2646.948049776	2650.318124233	961.6	1757.8
489	Spectrogram 1	1	2654.673369922	2655.979600331	1005.4	1666.7
490	Spectrogram 1	1	2657.494827607	2658.670434976	1066.2	1599.3
491	Spectrogram 1	1	2658.827182625	2660.838777456	1342.8	1447.4
492	Spectrogram 1	1	2663.268366019	2666.089823704	1238.2	1531.8
493	Spectrogram 1	1	2667.605050979	2670.322010232	1282.1	1525.0
494	Spectrogram 1	1	2671.993985157	2674.005579988	1157.3	1660.0
495	Spectrogram 1	1	2674.136203029	2676.800913065	948.1	1784.8
496	Spectrogram 1	1	2680.473054224	2682.040530716	701.8	1754.5
497	Spectrogram 1	1	2682.275652190	2683.843128682	718.7	1687.0
498	Spectrogram 1	1	2686.847458624	2689.407670228	1218.0	1471.1
499	Spectrogram 1	1	2689.407670228	2691.523763492	911.0	1714.0
500	Spectrogram 1	1	2692.464249387	2696.252317575	975.1	1568.9
501	Spectrogram 1	1	2697.480174161	2699.335021343	1353.0	1528.4
502	Spectrogram 1	1	2702.377339346	2706.008659885	863.7	1670.1
503	Spectrogram 1	1	2712.618185759	2716.145007866	1157.3	1653.2
504	Spectrogram 1	1	2718.496222604	2721.500552547	991.9	1538.5
505	Spectrogram 1	1	2725.811112899	2727.326340175	941.3	1636.4
506	Spectrogram 1	1	2728.710944409	2729.677554912	914.3	1545.3
507	Spectrogram 1	1	2732.681884855	2736.522202260	934.6	1649.9
508	Spectrogram 1	1	2737.735815321	2739.590662503	988.6	1666.7
509	Spectrogram 1	1	2740.087030058	2743.927347463	1322.6	1531.8
510	Spectrogram 1	1	2754.224031128	2757.202236462	1160.6	1541.9
511	Spectrogram 1	1	2758.702429476	2760.975270389	1309.1	1531.8
512	Spectrogram 1	1	2761.419388728	2762.699494530	904.2	1592.5
513	Spectrogram 1	1	2763.248111302	2764.737213969	1191.0	1531.8
514	Spectrogram 1	1	2764.449843279	2766.801058017	1022.3	1568.9
515	Spectrogram 1	1	2766.827182625	2768.159537643	819.9	1481.2
516	Spectrogram 1	1	2776.179792360	2778.322010232	991.9	1714.0
517	Spectrogram 1	1	2781.665960081	2784.435168550	1292.2	1676.9
518	Spectrogram 1	1	2787.905809532	2790.622768785	1231.5	1535.2
519	Spectrogram 1	1	2791.093011732	2794.332463149	985.2	1754.5
520	Spectrogram 1	1	2794.384712365	2798.016032905	1305.7	1737.6
521	Spectrogram 1	1	2802.640088556	2805.696667715	1356.3	1531.8
522	Spectrogram 1	1	2805.618293890	2807.394767248	1302.4	1555.4
523	Spectrogram 1	1	2807.867626880	2810.453963091	1005.4	1744.3
524	Spectrogram 1	1	2812.206061920	2814.322155184	978.5	1724.1
525	Spectrogram 1	1	2816.751743746	2819.494827607	1332.7	1538.5
526	Spectrogram 1	1	2820.043444379	2822.420783725	1045.9	1538.5
527	Spectrogram 1	1	2823.204521971	2824.876496896	1339.5	1535.2
528	Spectrogram 1	1	2826.025979656	2828.429443610	968.3	1572.3
529	Spectrogram 1	1	2828.455568219	2830.362664617	1275.4	1430.6
530	Spectrogram 1	1	2836.083953812	2837.520807263	1032.4	1741.0
531	Spectrogram 1	1	2837.416308830	2839.349529837	1332.7	1545.3
532	Spectrogram 1	1	2839.218906796	2840.603511031	1062.8	1616.1
533	Spectrogram 1	1	2842.850227336	2843.869087055	1025.7	1535.2
534	Spectrogram 1	1	2852.052393262	2855.056723204	931.2	1649.9
535	Spectrogram 1	1	2855.657589193	2858.087177755	1012.2	1687.0
536	Spectrogram 1	1	2860.307769452	2862.894105664	1339.5	1484.5
537	Spectrogram 1	1	2868.766273523	2871.404858951	1329.3	1639.7
538	Spectrogram 1	1	2872.815587794	2874.461438110	1056.1	1626.3
539	Spectrogram 1	1	2874.513687327	2876.211786859	1197.8	1545.3
540	Spectrogram 1	1	2876.107288427	2877.335145012	1332.7	1545.3
541	Spectrogram 1	1	2877.100023538	2879.059369153	1346.2	1541.9
542	Spectrogram 1	1	2882.351069786	2885.721144243	917.7	1703.9
543	Spectrogram 1	1	2885.668895027	2887.027374653	917.7	1687.0
544	Spectrogram 1	1	2889.874956947	2894.760258680	971.7	1771.3
545	Spectrogram 1	1	2901.975036463	2903.516388347	1066.2	1673.5
546	Spectrogram 1	1	2904.509123459	2907.017085846	1363.1	1528.4
547	Spectrogram 1	1	2907.670201051	2910.334911087	1346.2	1535.2
548	Spectrogram 1	1	2910.935777075	2915.089589779	1228.1	1619.5
549	Spectrogram 1	1	2916.604817054	2919.609146997	1299.0	1633.0
550	Spectrogram 1	1	2921.355544680	2922.714024307	843.5	1741.0
551	Spectrogram 1	1	2924.124753149	2927.834447513	904.2	1636.4
552	Spectrogram 1	1	2930.891026673	2933.607985925	971.7	1680.2
553	Spectrogram 1	1	2935.671829973	2938.754533740	1221.4	1508.2
554	Spectrogram 1	1	2938.728409132	2941.184122302	1045.9	1558.8
555	Spectrogram 1	1	2956.348228106	2960.867785324	897.5	1778.1
556	Spectrogram 1	1	2961.181280622	2963.323498495	1231.5	1666.7
557	Spectrogram 1	1	2966.902569818	2969.828525936	931.2	1646.5
558	Spectrogram 1	1	2971.813996159	2974.374207762	1153.9	1433.9
559	Spectrogram 1	1	2977.445513336	2979.979600331	995.3	1629.6
560	Spectrogram 1	1	2981.756073689	2984.655905199	1241.6	1440.7
561	Spectrogram 1	1	2987.764733574	2989.227711633	1005.4	1521.7
562	Spectrogram 1	1	2991.474427938	2995.236371519	1299.0	1471.1
563	Spectrogram 1	1	2995.837237507	2998.528072152	1261.9	1498.0
564	Spectrogram 1	1	3000.121673252	3003.021504762	1295.6	1538.5
565	Spectrogram 1	1	3005.398844108	3011.877746941	1008.8	1636.4
566	Spectrogram 1	1	3012.292680992	3013.677285226	1322.6	1538.5
567	Spectrogram 1	1	3015.166387893	3017.517602631	991.9	1670.1
568	Spectrogram 1	1	3020.443558749	3022.559652013	1295.6	1552.0
569	Spectrogram 1	1	3025.172112833	3026.556717068	995.3	1690.4
570	Spectrogram 1	1	3027.314330705	3029.221427104	1045.9	1714.0
571	Spectrogram 1	1	3030.113158318	3031.680634810	975.1	1676.9
572	Spectrogram 1	1	3034.031849548	3038.786528240	1170.8	1484.5
573	Spectrogram 1	1	3043.906951447	3046.859032173	1305.7	1447.4
574	Spectrogram 1	1	3059.356658703	3066.279679876	1292.2	1552.0
575	Spectrogram 1	1	3068.421897748	3071.478476907	1106.7	1666.7
576	Spectrogram 1	1	3075.971909517	3078.323124255	1319.2	1521.7
577	Spectrogram 1	1	3077.931255132	3080.151846829	988.6	1498.0
578	Spectrogram 1	1	3082.232186528	3083.904161453	1315.8	1538.5
579	Spectrogram 1	1	3084.165407535	3088.371469454	1258.5	1707.2
580	Spectrogram 1	1	3092.159537643	3095.085493761	1315.8	1639.7
581	Spectrogram 1	1	3095.268366019	3097.750203797	1062.8	1653.2
582	Spectrogram 1	1	3104.333605063	3107.128938140	1332.7	1477.8
583	Spectrogram 1	1	3107.233436573	3109.480152878	1035.8	1602.6
584	Spectrogram 1	1	3110.237766516	3112.928601160	1305.7	1444.1
585	Spectrogram 1	1	3113.895211663	3116.690544741	1299.0	1528.4
586	Spectrogram 1	1	3116.377049442	3118.414768882	921.1	1805.1
587	Spectrogram 1	1	3120.532482700	3122.230582232	911.0	1768.0
588	Spectrogram 1	1	3123.719684900	3124.660170795	1305.7	1440.7
589	Spectrogram 1	1	3125.600656690	3127.821248387	1302.4	1413.7
590	Spectrogram 1	1	3129.205852621	3132.863297769	914.3	1683.6
591	Spectrogram 1	1	3150.287225738	3152.638440476	1039.2	1673.5
592	Spectrogram 1	1	3155.303150512	3159.613710865	1238.2	1525.0
593	Spectrogram 1	1	3172.902448427	3175.253663165	877.2	1795.0
594	Spectrogram 1	1	3175.828404545	3178.075120850	1332.7	1521.7
595	Spectrogram 1	1	3178.754360664	3183.143294841	1103.3	1649.9
596	Spectrogram 1	1	3183.064921016	3185.886378702	1025.7	1703.9
597	Spectrogram 1	1	3202.745873855	3204.443973387	944.7	1690.4
598	Spectrogram 1	1	3208.597786091	3212.490352712	1187.6	1525.0
599	Spectrogram 1	1	3212.542601929	3215.703679521	897.5	1676.9
600	Spectrogram 1	1	3225.694191112	3228.385025756	1319.2	1430.6
601	Spectrogram 1	1	3232.512713851	3241.316706814	1336.1	1538.5
602	Spectrogram 1	1	3241.825032847	3244.019499936	1315.8	1521.7
603	Spectrogram 1	1	3244.676304867	3246.426653617	1302.4	1528.4
604	Spectrogram 1	1	3249.195862086	3251.468702999	1005.4	1778.1
605	Spectrogram 1	1	3254.838777456	3258.548471820	1032.4	1703.9
606	Spectrogram 1	1	3263.094153647	3265.602116034	951.5	1555.4
607	Spectrogram 1	1	3265.863362116	3269.207311965	1329.3	1555.4
608	Spectrogram 1	1	3276.887946775	3279.265286121	954.8	1757.8
609	Spectrogram 1	1	3280.350020597	3282.648986118	1120.2	1504.8
610	Spectrogram 1	1	3289.937751805	3292.889832532	1332.7	1444.1
611	Spectrogram 1	1	3293.281701655	3295.502293351	1309.1	1552.0
612	Spectrogram 1	1	3297.082703767	3301.941880892	934.6	1663.4
613	Spectrogram 1	1	3303.039114436	3305.625450648	1224.8	1528.4
614	Spectrogram 1	1	3307.846042345	3309.805387960	880.6	1643.1
615	Spectrogram 1	1	3309.883761784	3312.339474955	1211.3	1545.3
616	Spectrogram 1	1	3312.339474955	3314.324945178	1295.6	1653.2
617	Spectrogram 1	1	3314.951935774	3317.773393460	1099.9	1656.6
618	Spectrogram 1	1	3325.636900527	3327.935866049	1059.4	1673.5
619	Spectrogram 1	1	3328.876351944	3331.593311196	1353.0	1541.9
620	Spectrogram 1	1	3333.446070048	3335.327041838	1353.0	1471.1
621	Spectrogram 1	1	3335.771160178	3338.174624132	1251.7	1541.9
622	Spectrogram 1	1	3340.996081817	3342.641932134	1029.1	1656.6
623	Spectrogram 1	1	3346.821869445	3349.486579481	988.6	1670.1
624	Spectrogram 1	1	3352.493432610	3354.296030576	941.3	1680.2
625	Spectrogram 1	1	3356.542746881	3358.789463186	1315.8	1447.4
626	Spectrogram 1	1	3359.285830741	3361.219051748	1251.7	1572.3
627	Spectrogram 1	1	3361.219051748	3363.674764919	1268.6	1545.3
628	Spectrogram 1	1	3363.753138743	3365.477362884	1288.9	1427.2
629	Spectrogram 1	1	3365.346739843	3366.626845645	1025.7	1649.9
630	Spectrogram 1	1	3377.442433439	3379.349529837	1278.7	1433.9
631	Spectrogram 1	1	3380.316140340	3384.678949909	965.0	1660.0
632	Spectrogram 1	1	3388.321158454	3390.254379461	1326.0	1437.3
633	Spectrogram 1	1	3391.377737613	3394.303693732	1302.4	1552.0
634	Spectrogram 1	1	3395.113556586	3397.830515838	1322.6	1518.3
635	Spectrogram 1	1	3403.395057384	3406.268764286	1062.8	1633.0
636	Spectrogram 1	1	3408.060909102	3410.281500799	1083.0	1663.4
637	Spectrogram 1	1	3412.946210835	3415.610920871	954.8	1525.0
638	Spectrogram 1	1	3416.185662251	3422.664565084	1022.3	1663.4
639	Spectrogram 1	1	3423.030309599	3425.668895027	995.3	1676.9
640	Spectrogram 1	1	3436.301610563	3441.813902893	1191.0	1437.3
641	Spectrogram 1	1	3441.976855261	3443.936200876	1045.9	1562.1
642	Spectrogram 1	1	3452.296075499	3453.445558260	975.1	1562.1
643	Spectrogram 1	1	3454.647290237	3455.431028483	1052.7	1528.4
644	Spectrogram 1	1	3459.428093537	3461.204566895	965.0	1774.7
645	Spectrogram 1	1	3461.251046248	3466.763338577	1315.8	1653.2
646	Spectrogram 1	1	3469.010054882	3471.518017269	1326.0	1528.4
647	Spectrogram 1	1	3473.425113668	3475.671829973	1130.3	1555.4
648	Spectrogram 1	1	3483.326340175	3485.808177953	1079.7	1555.4
649	Spectrogram 1	1	3486.461293158	3494.716669349	1295.6	1531.8
650	Spectrogram 1	1	3499.173396202	3501.289489466	1008.8	1626.3
651	Spectrogram 1	1	3507.899015340	3510.171856253	931.2	1646.5
652	Spectrogram 1	1	3517.680634810	3522.121818204	961.6	1676.9
653	Spectrogram 1	1	3522.174067420	3523.793793128	961.6	1656.6
654	Spectrogram 1	1	3526.197257082	3530.821312733	1241.6	1531.8
655	Spectrogram 1	1	3537.456963216	3539.755928737	927.8	1774.7
656	Spectrogram 1	1	3541.819772785	3543.674619967	1083.0	1741.0
657	Spectrogram 1	1	3546.287080786	3548.507672483	1305.7	1467.7
658	Spectrogram 1	1	3550.548905616	3553.579360167	1326.0	1427.2
659	Spectrogram 1	1	3553.657733991	3555.956699513	951.5	1535.2
660	Spectrogram 1	1	3562.278854696	3564.891315516	1197.8	1433.9
661	Spectrogram 1	1	3567.239451416	3570.505027441	1339.5	1541.9
662	Spectrogram 1	1	3571.941880892	3574.606590928	836.7	1656.6
663	Spectrogram 1	1	3575.442578391	3578.002789994	965.0	1619.5
664	Spectrogram 1	1	3579.021649714	3584.142072920	1184.3	1653.2
665	Spectrogram 1	1	3586.650035307	3588.713879355	1322.6	1521.7
666	Spectrogram 1	1	3596.681884855	3600.208706962	1309.1	1471.1
667	Spectrogram 1	1	3601.993253397	3606.147066100	951.5	1673.5
668	Spectrogram 1	1	3609.151396043	3612.234099810	1319.2	1548.7
669	Spectrogram 1	1	3611.502610781	3615.395177402	806.4	1666.7
670	Spectrogram 1	1	3615.787046525	3616.962653894	1025.7	1737.6
671	Spectrogram 1	1	3618.477881169	3622.840690738	786.1	1707.2
672	Spectrogram 1	1	3628.580466320	3631.532547046	1299.0	1541.9
673	Spectrogram 1	1	3633.727014135	3636.574596428	1326.0	1460.9
674	Spectrogram 1	1	3642.922876220	3645.509212432	1066.2	1757.8
675	Spectrogram 1	1	3648.827037673	3651.596246142	1312.5	1437.3
676	Spectrogram 1	1	3651.491747709	3654.313205395	1049.3	1649.9
677	Spectrogram 1	1	3654.371733671	3655.730213297	1029.1	1646.5
678	Spectrogram 1	1	3658.107552643	3661.843371616	1234.9	1427.2
679	Spectrogram 1	1	3662.418112996	3664.272960178	1059.4	1683.6
680	Spectrogram 1	1	3664.534206260	3667.146667080	988.6	1538.5
681	Spectrogram 1	1	3678.296030576	3681.039114436	921.1	1656.6
682	Spectrogram 1	1	3681.430983559	3683.991195163	1197.8	1548.7
683	Spectrogram 1	1	3685.637045479	3687.988260217	1319.2	1423.8
684	Spectrogram 1	1	3694.832907565	3699.561461648	1079.7	1768.0
685	Spectrogram 1	1	3701.964925603	3705.256626235	1187.6	1717.4
686	Spectrogram 1	1	3704.708009463	3707.189847242	1160.6	1565.5
687	Spectrogram 1	1	3707.320470283	3709.305940506	914.3	1552.0
688	Spectrogram 1	1	3711.086824565	3713.516413128	1045.9	1653.2
689	Spectrogram 1	1	3714.091154508	3716.337870813	1056.1	1538.5
690	Spectrogram 1	1	3717.252232100	3718.741334767	1194.4	1514.9
691	Spectrogram 1	1	3721.562792452	3723.757259541	995.3	1649.9
692	Spectrogram 1	1	3734.229251582	3736.266971022	1056.1	1633.0
693	Spectrogram 1	1	3736.371469454	3738.774933409	1339.5	1541.9
694	Spectrogram 1	1	3738.539811935	3743.137742978	1012.2	1643.1
695	Spectrogram 1	1	3745.985325271	3752.411978888	911.0	1680.2
696	Spectrogram 1	1	3758.342264949	3760.406108996	941.3	1579.0
697	Spectrogram 1	1	3767.251383820	3769.602598558	985.2	1639.7
698	Spectrogram 1	1	3768.949483353	3771.823190255	995.3	1545.3
699	Spectrogram 1	1	3774.801395589	3777.884099356	762.5	1649.9
700	Spectrogram 1	1	3790.162472589	3792.304690461	1180.9	1629.6
701	Spectrogram 1	1	3795.332496718	3797.992592534	902.5	1558.6
702	Spectrogram 1	1	3798.583724938	3801.428549630	989.3	1537.7
703	Spectrogram 1	1	3801.169929204	3803.497513043	1343.3	1530.8
704	Spectrogram 1	1	3803.201946841	3806.785687038	1110.8	1530.8
705	Spectrogram 1	1	3808.965487776	3812.438390647	781.0	1631.5
706	Spectrogram 1	1	3817.610799179	3820.714244298	1048.3	1659.2
707	Spectrogram 1	1	3821.527051353	3825.036899999	968.5	1541.2
708	Spectrogram 1	1	3829.063989498	3831.613247989	1332.9	1544.7
709	Spectrogram 1	1	3831.317681787	3834.568910007	1336.4	1624.5
710	Spectrogram 1	1	3839.120423207	3842.203126974	961.5	1690.5
711	Spectrogram 1	1	3843.300360518	3845.886696730	1058.7	1673.1
712	Spectrogram 1	1	3855.187057248	3858.504882489	1024.0	1562.0
713	Spectrogram 1	1	3858.295885624	3860.856097227	916.4	1621.0
714	Spectrogram 1	1	3860.777723402	3863.102813532	1218.4	1457.9
715	Spectrogram 1	1	3872.638295524	3874.571516531	1027.5	1673.1
716	Spectrogram 1	1	3881.337790064	3883.480007937	968.5	1704.4
717	Spectrogram 1	1	3885.387104335	3889.802163120	878.2	1746.0
718	Spectrogram 1	1	3889.802163120	3892.284000899	1277.4	1457.9
719	Spectrogram 1	1	3901.401924005	3903.361269620	1034.4	1690.5
720	Spectrogram 1	1	3903.204521971	3905.529612101	1017.1	1652.3
721	Spectrogram 1	1	3909.134808032	3911.851767284	1221.9	1659.2
722	Spectrogram 1	1	3912.400384057	3914.856097227	1329.5	1544.7
723	Spectrogram 1	1	3915.848832339	3918.644165416	1024.0	1638.4
724	Spectrogram 1	1	3920.838632504	3922.980850377	1319.1	1530.8
725	Spectrogram 1	1	3923.451093324	3926.847292390	1242.7	1634.9
726	Spectrogram 1	1	3931.605410433	3933.773752914	978.9	1687.0
727	Spectrogram 1	1	3935.759223137	3937.143827371	1013.6	1544.7
728	Spectrogram 1	1	3939.155422202	3941.585010765	1048.3	1610.6
729	Spectrogram 1	1	3944.824462181	3946.914430837	1228.8	1423.2
730	Spectrogram 1	1	3947.956410669	3950.673369922	1117.7	1735.6
731	Spectrogram 1	1	3954.618185759	3957.073898930	1301.7	1437.1
732	Spectrogram 1	1	3957.544141878	3960.025979656	1055.2	1527.3
733	Spectrogram 1	1	3961.123213201	3963.709549412	1312.1	1437.1
734	Spectrogram 1	1	3965.930141109	3968.647100362	947.6	1607.2
735	Spectrogram 1	1	3970.214576853	3973.741398960	1079.5	1631.5
736	Spectrogram 1	1	3976.379984388	3978.496077652	1315.6	1666.2
737	Spectrogram 1	1	3986.938662460	3991.458219678	1058.7	1648.8
738	Spectrogram 1	1	3995.821029247	3998.799234582	1326.0	1419.7
739	Spectrogram 1	1	4000.258311136	4002.034784494	906.0	1777.2
740	Spectrogram 1	1	4003.680634810	4005.065239045	1149.0	1575.9
741	Spectrogram 1	1	4005.535481992	4008.226316636	1336.4	1527.3
742	Spectrogram 1	1	4011.491892661	4013.816982791	1232.3	1437.1
743	Spectrogram 1	1	4021.811112899	4026.435168550	1006.6	1662.7
744	Spectrogram 1	1	4030.641230470	4035.265286121	1003.2	1728.7
745	Spectrogram 1	1	4037.592869033	4039.317093174	829.6	1551.6
746	Spectrogram 1	1	4039.891834554	4042.164675467	1020.5	1541.2
747	Spectrogram 1	1	4042.948413713	4045.299628451	1291.3	1537.7
748	Spectrogram 1	1	4049.009322815	4052.222649623	1298.2	1548.1
749	Spectrogram 1	1	4054.519557218	4058.594996097	968.5	1676.6
750	Spectrogram 1	1	4060.031849548	4063.428048614	1090.0	1655.8
751	Spectrogram 1	1	4072.023044711	4074.896751612	739.4	1704.4
752	Spectrogram 1	1	4077.169592525	4080.774788457	999.7	1759.9
753	Spectrogram 1	1	4082.133268083	4086.156457745	992.8	1662.7
754	Spectrogram 1	1	4086.548326868	4088.638295524	1308.6	1513.4
755	Spectrogram 1	1	4089.922861588	4091.777708770	1013.6	1780.7
756	Spectrogram 1	1	4103.179994896	4105.191589727	1096.9	1652.3
757	Spectrogram 1	1	4105.792455715	4108.822910266	722.0	1666.2
758	Spectrogram 1	1	4110.766273523	4113.848977290	1027.5	1773.8
759	Spectrogram 1	1	4114.502092495	4117.558671655	961.5	1641.9
760	Spectrogram 1	1	4124.795188125	4126.676159915	996.2	1707.8
761	Spectrogram 1	1	4127.799518068	4129.471492993	1114.3	1652.3
762	Spectrogram 1	1	4129.941735940	4132.240701462	1291.3	1648.8
763	Spectrogram 1	1	4136.577386422	4138.484482821	1329.5	1461.4
764	Spectrogram 1	1	4141.044694424	4143.683279852	1051.8	1544.7
765	Spectrogram 1	1	4144.008656234	4147.875098247	1305.2	1530.8
766	Spectrogram 1	1	4152.185658600	4154.562997946	951.1	1704.4
767	Spectrogram 1	1	4154.589122554	4157.906947795	985.8	1687.0
768	Spectrogram 1	1	4162.467308002	4165.523887161	971.9	1645.3
769	Spectrogram 1	1	4174.589126205	4178.142072920	1017.1	1662.7
770	Spectrogram 1	1	4187.024439707	4191.387249276	1048.3	1638.4
771	Spectrogram 1	1	4191.674619967	4193.633965581	947.6	1742.5
772	Spectrogram 1	1	4198.455539940	4201.694991357	805.3	1746.0
773	Spectrogram 1	1	4204.176829136	4206.972162213	1086.5	1666.2
774	Spectrogram 1	1	4209.662996857	4212.536703759	1267.0	1652.3
775	Spectrogram 1	1	4212.170959244	4215.619407526	1006.6	1652.3
776	Spectrogram 1	1	4215.474572890	4218.060909102	1291.3	1523.9
777	Spectrogram 1	1	4224.722684192	4227.596391094	1291.3	1437.1
778	Spectrogram 1	1	4231.044839376	4233.056434207	1044.8	1714.8
779	Spectrogram 1	1	4233.082558815	4236.008514934	1062.2	1662.7
780	Spectrogram 1	1	4235.695019635	4238.594851145	1322.5	1530.8
781	Spectrogram 1	1	4242.879286890	4245.622370750	1135.1	1614.1
782	Spectrogram 1	1	4246.144862914	4249.123068249	989.3	1766.8
783	Spectrogram 1	1	4253.175673188	4256.180003131	1315.6	1530.8
784	Spectrogram 1	1	4261.822918502	4264.069634807	944.2	1749.5
785	Spectrogram 1	1	4265.140743743	4267.152338574	954.6	1621.0
786	Spectrogram 1	1	4267.413584656	4270.548537640	919.9	1676.6
787	Spectrogram 1	1	4272.139282926	4277.364204566	1339.9	1537.7
788	Spectrogram 1	1	4283.503487492	4286.194322137	1253.1	1544.7
789	Spectrogram 1	1	4286.481692827	4288.179792360	933.7	1832.8
790	Spectrogram 1	1	4288.336540009	4290.818377788	1294.8	1513.4
791	Spectrogram 1	1	4293.665960081	4295.677554912	1312.1	1451.0
792	Spectrogram 1	1	4295.991050211	4301.738464014	975.4	1673.1
793	Spectrogram 1	1	4306.192351158	4309.144431885	1239.2	1541.2
794	Spectrogram 1	1	4310.816406809	4312.723503208	1291.3	1409.3
795	Spectrogram 1	1	4312.697378600	4316.093577665	971.9	1735.6
796	Spectrogram 1	1	4321.161751656	4323.591340218	1246.2	1530.8
797	Spectrogram 1	1	4324.023189662	4328.359874623	1030.9	1749.5
798	Spectrogram 1	1	4329.535481992	4331.834447513	826.1	1725.2
799	Spectrogram 1	1	4333.558671655	4334.786528240	923.3	1700.9
800	Spectrogram 1	1	4339.880826838	4342.519412266	1260.0	1537.7
801	Spectrogram 1	1	4345.523742209	4348.240701462	1096.9	1634.9
802	Spectrogram 1	1	4348.423573719	4351.140532971	1336.4	1523.9
803	Spectrogram 1	1	4354.066489090	4357.776183454	1093.4	1527.3
804	Spectrogram 1	1	4371.319445042	4375.003014798	850.4	1742.5
805	Spectrogram 1	1	4375.917376085	4378.869456811	1239.2	1530.8
806	Spectrogram 1	1	4378.624055651	4380.191532143	874.7	1707.8
807	Spectrogram 1	1	4380.870771956	4383.927351115	1308.6	1659.2
808	Spectrogram 1	1	4391.607985925	4394.089823704	1228.8	1534.3
809	Spectrogram 1	1	4394.742938909	4395.944670886	1329.5	1430.1
810	Spectrogram 1	1	4402.449698327	4404.696414632	1322.5	1655.8
811	Spectrogram 1	1	4404.800913065	4407.596246142	1037.9	1725.2
812	Spectrogram 1	1	4408.379984388	4412.533797091	1103.8	1676.6
813	Spectrogram 1	1	4425.241120779	4429.812927213	1024.0	1634.9
814	Spectrogram 1	1	4430.325090130	4436.516622272	961.5	1780.7
815	Spectrogram 1	1	4438.084098764	4440.853307233	1235.7	1645.3
816	Spectrogram 1	1	4444.301755515	4446.208851914	978.9	1759.9
817	Spectrogram 1	1	4451.773393460	4460.420638773	1090.0	1704.4
818	Spectrogram 1	1	4473.895907916	4475.385010584	1051.8	1693.9
819	Spectrogram 1	1	4476.560617952	4480.035190843	968.5	1687.0
820	Spectrogram 1	1	4487.982535277	4490.150877758	1301.7	1534.3
821	Spectrogram 1	1	4496.891026673	4500.940340943	843.5	1652.3
822	Spectrogram 1	1	4501.436708499	4504.232041576	1346.8	1527.3
823	Spectrogram 1	1	4505.094153647	4507.575991425	1339.9	1544.7
824	Spectrogram 1	1	4510.919941275	4512.591916199	1319.1	1513.4
825	Spectrogram 1	1	4519.355030921	4521.967491740	843.5	1662.7
826	Spectrogram 1	1	4522.228737822	4525.233067765	1128.1	1468.3
827	Spectrogram 1	1	4527.845528585	4530.666986270	1246.2	1419.7
828	Spectrogram 1	1	4530.510238621	4533.619066996	1020.5	1537.7
829	Spectrogram 1	1	4545.195862086	4547.311955350	965.0	1662.7
830	Spectrogram 1	1	4553.294490627	4557.892421670	958.0	1752.9
831	Spectrogram 1	1	4565.964925603	4570.693479686	1319.1	1555.1
832	Spectrogram 1	1	4579.229430170	4582.103137071	926.8	1756.4
833	Spectrogram 1	1	4593.624089287	4595.269939603	1103.8	1631.5
834	Spectrogram 1	1	4598.385999231	4603.558671655	937.2	1864.0
835	Spectrogram 1	1	4605.335145012	4609.854702230	1346.8	1537.7
836	Spectrogram 1	1	4613.695019635	4618.710944409	1329.5	1530.8
837	Spectrogram 1	1	4622.969255545	4628.742793957	1003.2	1874.4
838	Spectrogram 1	1	4632.544512466	4635.862337707	1357.2	1541.2
839	Spectrogram 1	1	4636.515452912	4638.030680187	1353.8	1520.4
840	Spectrogram 1	1	4637.795558713	4642.706985055	923.3	1739.1
841	Spectrogram 1	1	4643.751969383	4646.129308728	923.3	1791.1
842	Spectrogram 1	1	4648.676304867	4650.870771956	1246.2	1520.4
843	Spectrogram 1	1	4655.259706133	4659.230646579	888.6	1721.7
844	Spectrogram 1	1	4659.544141878	4662.600721037	1221.9	1523.9
845	Spectrogram 1	1	4665.657300196	4667.407648945	1322.5	1655.8
846	Spectrogram 1	1	4670.673224970	4672.371324503	1260.0	1523.9
847	Spectrogram 1	1	4673.964925603	4675.192782188	1287.8	1541.2
848	Spectrogram 1	1	4675.245031404	4677.099878586	978.9	1645.3
849	Spectrogram 1	1	4678.223236739	4682.638295524	1322.5	1461.4
850	Spectrogram 1	1	4683.822972101	4687.715538722	1110.8	1534.3
851	Spectrogram 1	1	4690.902740922	4692.600840455	1107.3	1541.2
852	Spectrogram 1	1	4695.213301275	4697.669014446	1173.3	1513.4
853	Spectrogram 1	1	4701.500697498	4705.863507067	1034.4	1544.7
854	Spectrogram 1	1	4707.169737477	4709.886696730	996.2	1742.5
855	Spectrogram 1	1	4710.592061151	4712.028914602	1322.5	1447.5
856	Spectrogram 1	1	4713.073898930	4715.294490627	1020.5	1676.6
857	Spectrogram 1	1	4723.732739075	4727.494682655	968.5	1756.4
858	Spectrogram 1	1	4728.591916199	4730.211641908	1065.7	1773.8
859	Spectrogram 1	1	4733.451093324	4737.030164647	1329.5	1634.9
860	Spectrogram 1	1	4745.245124670	4749.059317467	1090.0	1711.3
861	Spectrogram 1	1	4749.764681888	4751.619529070	1301.7	1655.8
862	Spectrogram 1	1	4756.728554084	4758.844647348	1336.4	1621.0
863	Spectrogram 1	1	4758.452778225	4760.490497664	992.8	1766.8
864	Spectrogram 1	1	4761.065239045	4763.573201432	1142.0	1655.8
865	Spectrogram 1	1	4765.480297830	4768.693624638	1280.9	1641.9
866	Spectrogram 1	1	4768.510752381	4770.522347212	982.3	1777.2
867	Spectrogram 1	1	4779.483087824	4782.095548644	1336.4	1555.1
868	Spectrogram 1	1	4782.382919334	4786.301610563	933.7	1655.8
869	Spectrogram 1	1	4788.428615087	4790.858203649	1291.3	1523.9
870	Spectrogram 1	1	4791.459069638	4793.052670738	1048.3	1565.5
871	Spectrogram 1	1	4793.758035159	4798.721710717	1072.6	1572.4
872	Spectrogram 1	1	4805.618607281	4808.074320452	1197.6	1645.3
873	Spectrogram 1	1	4808.649061832	4811.470519517	975.4	1652.3
874	Spectrogram 1	1	4813.210391863	4815.352609735	1260.0	1541.2
875	Spectrogram 1	1	4816.711089361	4818.827182625	1225.3	1537.7
876	Spectrogram 1	1	4819.428048614	4822.249506299	1176.7	1537.7
877	Spectrogram 1	1	4825.593456148	4828.127543143	1232.3	1457.9
878	Spectrogram 1	1	4830.374259448	4833.143467917	971.9	1641.9
879	Spectrogram 1	1	4833.300215566	4835.991050211	971.9	1648.8
880	Spectrogram 1	1	4839.596246142	4841.712339406	961.5	1655.8
881	Spectrogram 1	1	4844.646418163	4847.755246538	1353.8	1641.9
882	Spectrogram 1	1	4850.681202656	4853.215289651	996.2	1766.8
883	Spectrogram 1	1	4853.372037301	4857.499725396	1326.0	1648.8
884	Spectrogram 1	1	4858.048342168	4861.653538099	1096.9	1666.2
885	Spectrogram 1	1	4876.954870720	4878.992590160	1030.9	1645.3
886	Spectrogram 1	1	4879.201587025	4881.056434207	1312.1	1544.7
887	Spectrogram 1	1	4881.709549412	4884.217511799	1100.4	1655.8
888	Spectrogram 1	1	4884.139137975	4886.908346443	1024.0	1645.3
889	Spectrogram 1	1	4887.404713999	4889.311810398	1006.6	1662.7
890	Spectrogram 1	1	4891.401779053	4893.230501627	1336.4	1530.8
891	Spectrogram 1	1	4904.038275165	4905.762499307	1069.1	1683.5
892	Spectrogram 1	1	4907.408349623	4909.968561226	1037.9	1752.9
893	Spectrogram 1	1	4913.338635684	4915.297981299	1308.6	1412.8
894	Spectrogram 1	1	4915.245732082	4917.100579264	1339.9	1544.7
895	Spectrogram 1	1	4917.022205440	4919.556292435	1332.9	1516.9
896	Spectrogram 1	1	4920.505027441	4922.359874623	1100.4	1652.3
897	Spectrogram 1	1	4924.893961618	4927.375799397	1093.4	1416.2
898	Spectrogram 1	1	4929.648640310	4931.085493761	1096.9	1638.4
899	Spectrogram 1	1	4933.724079189	4937.773393460	1273.9	1447.5
900	Spectrogram 1	1	4939.811112899	4942.031704596	1260.0	1555.1
901	Spectrogram 1	1	4946.655760247	4948.301610563	1332.9	1444.0
902	Spectrogram 1	1	4951.342928339	4954.843625838	1037.9	1447.5
903	Spectrogram 1	1	4954.843625838	4957.325463617	1208.0	1523.9
904	Spectrogram 1	1	4957.377712833	4959.310933840	937.2	1621.0
905	Spectrogram 1	1	4959.284809231	4962.863880554	1273.9	1541.2
906	Spectrogram 1	1	4965.528590591	4966.651948743	989.3	1638.4
907	Spectrogram 1	1	4968.167176019	4969.447281820	1027.5	1652.3
908	Spectrogram 1	1	4982.741025174	4986.785911545	935.1	1774.3
909	Spectrogram 1	1	4987.295267607	4989.452540338	1003.5	1669.4
910	Spectrogram 1	1	4989.362653974	4991.400078220	1035.4	1555.4
911	Spectrogram 1	1	4992.748373677	4994.725873681	1300.0	1505.2
912	Spectrogram 1	1	5007.769848798	5014.751023053	1008.0	1587.3
913	Spectrogram 1	1	5015.020682145	5018.136742756	1030.8	1587.3
914	Spectrogram 1	1	5030.720833688	5034.016667027	1026.3	1555.4
915	Spectrogram 1	1	5034.406174604	5038.421098854	1322.8	1546.3
916	Spectrogram 1	1	5055.537727575	5058.414091217	1049.1	1660.3
917	Spectrogram 1	1	5058.803598793	5063.567576074	962.4	1678.5
918	Spectrogram 1	1	5063.747348802	5067.462651839	953.3	1737.8
919	Spectrogram 1	1	5068.810947296	5071.597424574	957.9	1655.7
920	Spectrogram 1	1	5075.222841247	5078.848257920	953.3	1751.5
921	Spectrogram 1	1	5080.166591256	5082.503636715	1309.1	1555.4
922	Spectrogram 1	1	5086.758257934	5089.245113999	1286.3	1473.3
923	Spectrogram 1	1	5093.559942525	5098.413806171	925.9	1765.2
924	Spectrogram 1	1	5101.080434963	5103.567291028	894.0	1664.9
925	Spectrogram 1	1	5103.567291028	5106.353768306	1295.4	1564.5
926	Spectrogram 1	1	5116.279204860	5119.395265472	1040.0	1559.9
927	Spectrogram 1	1	5125.417651846	5127.485038213	1021.7	1683.1
928	Spectrogram 1	1	5129.941932157	5131.050530644	1094.7	1564.5
929	Spectrogram 1	1	5131.499962463	5134.765833681	1300.0	1537.1
930	Spectrogram 1	1	5136.144091259	5140.368750358	1204.2	1651.2
931	Spectrogram 1	1	5148.233327930	5149.851282479	998.9	1674.0
932	Spectrogram 1	1	5151.559123391	5153.416774909	930.5	1674.0
933	Spectrogram 1	1	5154.105903698	5157.042191583	907.7	1655.7
934	Spectrogram 1	1	5159.708820375	5161.176964317	1313.6	1651.2
935	Spectrogram 1	1	5172.736098804	5176.031932143	976.1	1710.5
936	Spectrogram 1	1	5178.249129117	5181.335227607	1131.2	1546.3
937	Spectrogram 1	1	5181.844583669	5185.859507918	976.1	1664.9
938	Spectrogram 1	1	5189.185303379	5190.653447321	1268.0	1546.3
939	Spectrogram 1	1	5197.904280667	5199.821856428	1286.3	1445.9
940	Spectrogram 1	1	5203.272026468	5205.189602229	948.7	1701.3
941	Spectrogram 1	1	5212.859905273	5215.556496187	998.9	1705.9
942	Spectrogram 1	1	5221.762386674	5224.698674558	1040.0	1646.6
943	Spectrogram 1	1	5227.754810927	5229.732310930	1163.1	1651.2
944	Spectrogram 1	1	5239.529924584	5242.616023075	907.7	1683.1
945	Spectrogram 1	1	5247.230189750	5248.967992783	1103.8	1550.8
946	Spectrogram 1	1	5249.477348845	5251.424886727	898.6	1710.5
947	Spectrogram 1	1	5266.783390872	5268.551156027	1322.8	1555.4
948	Spectrogram 1	1	5270.918163607	5272.775815125	1067.3	1660.3
949	Spectrogram 1	1	5274.983371521	5277.350379101	953.3	1660.3
950	Spectrogram 1	1	5278.548863951	5281.844697291	1300.0	1555.4
951	Spectrogram 1	1	5289.874545790	5292.451288219	1290.8	1646.6
952	Spectrogram 1	1	5292.661023068	5294.099204888	912.2	1674.0
953	Spectrogram 1	1	5295.926894286	5297.095417015	1044.5	1660.3
954	Spectrogram 1	1	5298.174053381	5299.372538231	994.4	1705.9
955	Spectrogram 1	1	5308.207544044	5312.432203142	1154.0	1564.5
956	Spectrogram 1	1	5319.533225882	5324.057506193	971.5	1664.9
957	Spectrogram 1	1	5331.500189707	5333.537613953	907.7	1623.8
958	Spectrogram 1	1	5337.402727596	5340.039394268	1309.1	1468.7
959	Spectrogram 1	1	5351.215265500	5354.630947324	967.0	1674.0
960	Spectrogram 1	1	5355.200227628	5357.087841268	1295.4	1610.1
961	Spectrogram 1	1	5362.093425182	5364.460432762	962.4	1701.3
962	Spectrogram 1	1	5383.912197280	5386.818523043	1231.5	1532.6
963	Spectrogram 1	1	5388.196780621	5389.994507897	889.4	1683.1
964	Spectrogram 1	1	5397.664810941	5399.073030641	898.6	1710.5
965	Spectrogram 1	1	5400.511212461	5401.739659433	989.8	1687.7
966	Spectrogram 1	1	5411.806932179	5415.761932186	1268.0	1477.8
967	Spectrogram 1	1	5423.608222998	5426.304813912	948.7	1728.7
968	Spectrogram 1	1	5448.578712451	5450.975682152	930.5	1769.8
969	Spectrogram 1	1	5453.013106398	5456.249015495	1309.1	1578.2
970	Spectrogram 1	1	5457.926894286	5460.473674593	907.7	1815.4
971	Spectrogram 1	1	5480.411325436	5482.928143622	921.4	1806.3
972	Spectrogram 1	1	5489.994621519	5492.930909403	871.2	1792.6
973	Spectrogram 1	1	5496.436477591	5500.091856386	1318.2	1555.4
974	Spectrogram 1	1	5513.155341258	5515.252689746	912.2	1747.0
975	Spectrogram 1	1	5523.162689760	5524.990379158	1058.2	1769.8
976	Spectrogram 1	1	5533.303646779	5539.176222547	1331.9	1537.1
977	Spectrogram 1	1	5545.402841218	5548.219280617	1017.2	1733.3
978	Spectrogram 1	1	5568.503636715	5573.207689753	967.0	1678.5
979	Spectrogram 1	1	5576.473560971	5579.379886734	1071.9	1546.3
980	Spectrogram 1	1	5591.323523880	5593.420872369	907.7	1664.9
981	Spectrogram 1	1	5600.930909403	5602.878447285	957.9	1674.0
982	Spectrogram 1	1	5612.915757909	5615.162917004	1322.8	1550.8
983	Spectrogram 1	1	5617.649773069	5620.765833681	894.0	1674.0
984	Spectrogram 1	1	5631.492273094	5633.619583704	903.1	1651.2
985	Spectrogram 1	1	5637.143014948	5639.959454347	1350.1	1555.4
986	Spectrogram 1	1	5648.109151331	5650.805742245	1318.2	1532.6
987	Spectrogram 1	1	5661.732310930	5664.309053359	875.8	1696.8
988	Spectrogram 1	1	5671.649773069	5674.376326105	925.9	1642.0
989	Spectrogram 1	1	5684.528813899	5687.255366935	1304.5	1518.9
990	Spectrogram 1	1	5689.802147242	5692.708473005	1081.0	1655.7
991	Spectrogram 1	1	5700.978018474	5704.393700299	1222.4	1418.5
992	Spectrogram 1	1	5710.369091224	5713.005757895	971.5	1642.0
993	Spectrogram 1	1	5718.219166995	5720.855833667	1231.5	1546.3
994	Spectrogram 1	1	5721.005644273	5723.822083672	1012.6	1715.0
995	Spectrogram 1	1	5724.031818521	5726.338901859	1309.1	1637.5
996	Spectrogram 1	1	5743.813821077	5747.678934720	1026.3	1664.9
997	Spectrogram 1	1	5749.236965026	5751.244427151	1309.1	1555.4
998	Spectrogram 1	1	5755.918518068	5757.746207465	1331.9	1541.7
999	Spectrogram 1	1	5768.264166988	5771.170492751	985.2	1742.4
1000	Spectrogram 1	1	5774.016894271	5776.683523064	1304.5	1496.1
1001	Spectrogram 1	1	5783.454962470	5785.971780657	1286.3	1537.1
1002	Spectrogram 1	1	5791.090597077	5794.326506174	816.5	1769.8
1003	Spectrogram 1	1	5800.468741033	5803.255218311	976.1	1742.4
1004	Spectrogram 1	1	5816.751136675	5819.387803347	1222.4	1541.7
1005	Spectrogram 1	1	5826.848371542	5830.323977609	998.9	1660.3
1006	Spectrogram 1	1	5837.005530651	5839.522348838	1227.0	1559.9
1007	Spectrogram 1	1	5849.306943596	5852.393042086	1040.0	1646.6
1008	Spectrogram 1	1	5859.284329977	5861.291792102	1076.5	1651.2
1009	Spectrogram 1	1	5869.582613946	5872.099432132	1081.0	1518.9
1010	Spectrogram 1	1	5882.046856393	5884.713485185	957.9	1683.1
1011	Spectrogram 1	1	5887.170379129	5890.166591256	1300.0	1537.1
1012	Spectrogram 1	1	5892.593523078	5895.350038235	830.1	1651.2
1013	Spectrogram 1	1	5899.364962484	5902.301250369	1300.0	1445.9
1014	Spectrogram 1	1	5924.181856371	5927.178068498	957.9	1655.7
1015	Spectrogram 1	1	5937.604886698	5939.762159430	1313.6	1642.0
1016	Spectrogram 1	1	5942.578598829	5945.065454894	1313.6	1642.0
1017	Spectrogram 1	1	5945.844470047	5948.301363990	866.6	1632.9
1018	Spectrogram 1	1	5958.001875064	5960.578617493	1322.8	1559.9
1019	Spectrogram 1	1	5967.499867505	5969.417443266	1030.8	1619.2
1020	Spectrogram 1	1	5971.440379086	5976.713712429	989.8	1655.7
1021	Spectrogram 1	1	5977.073257884	5979.200568494	1026.3	1642.0
1022	Spectrogram 1	1	5981.507651832	5983.664924563	1195.0	1564.5
1023	Spectrogram 1	1	6000.743333685	6002.720833688	998.9	1564.5
1024	Spectrogram 1	1	6004.848144298	6007.125265514	1231.5	1523.5
1025	Spectrogram 1	1	6010.153419428	6011.891222461	875.8	1619.2
1026	Spectrogram 1	1	6016.205767923	6018.243192169	1008.0	1628.4
1027	Spectrogram 1	1	6026.489053331	6030.414091217	1263.5	1642.0
1028	Spectrogram 1	1	6031.013333642	6032.691212433	862.1	1683.1
1029	Spectrogram 1	1	6041.200454872	6042.788447299	989.8	1532.6
1030	Spectrogram 1	1	6058.458636722	6060.585947332	1026.3	1532.6
1031	Spectrogram 1	1	6063.416040230	6066.472176600	1300.0	1537.1
1032	Spectrogram 1	1	6069.168767514	6071.715547821	985.2	1674.0
1033	Spectrogram 1	1	6089.927121530	6092.983257899	925.9	1742.4
1034	Spectrogram 1	1	6096.309053359	6099.035606394	1331.9	1664.9
1035	Spectrogram 1	1	6100.174167003	6103.380113978	1021.7	1642.0
1036	Spectrogram 1	1	6116.401396131	6118.289009771	857.5	1815.4
1037	Spectrogram 1	1	6125.390032511	6126.978024938	875.8	1797.1
1038	Spectrogram 1	1	6132.550979493	6134.977911316	1304.5	1514.3
1039	Spectrogram 1	1	6146.983257899	6151.537500331	1008.0	1737.8
1040	Spectrogram 1	1	6156.001856400	6158.249015495	1199.6	1523.5
1041	Spectrogram 1	1	6171.570768687	6174.357245965	798.2	1792.6
1042	Spectrogram 1	1	6176.694291424	6179.480768702	1318.2	1518.9
1043	Spectrogram 1	1	6185.862700531	6188.319594475	1190.5	1537.1
1044	Spectrogram 1	1	6194.811060918	6197.957083651	1058.2	1737.8
1045	Spectrogram 1	1	6198.136856378	6199.634962442	1331.9	1546.3
1046	Spectrogram 1	1	6219.260151871	6221.836894300	985.2	1769.8
1047	Spectrogram 1	1	6223.297892028	6226.204217791	1300.0	1436.8
1048	Spectrogram 1	1	6228.900808705	6231.627361740	1227.0	1669.4
1049	Spectrogram 1	1	6236.121679930	6239.267702663	1172.2	1651.2
1050	Spectrogram 1	1	6242.443687517	6244.331301157	1026.3	1696.8
1051	Spectrogram 1	1	6252.646212440	6256.241666992	1008.0	1651.2
1052	Spectrogram 1	1	6269.125379136	6270.683409442	1003.5	1669.4
1053	Spectrogram 1	1	6273.140303386	6276.016667027	985.2	1674.0
1054	Spectrogram 1	1	6276.316288240	6277.874318546	1026.3	1610.1
1055	Spectrogram 1	1	6297.268068484	6300.414091217	1026.3	1655.7
1056	Spectrogram 1	1	6321.357613982	6323.784545804	1035.4	1664.9
1057	Spectrogram 1	1	6330.466098846	6334.241326126	953.3	1559.9
1058	Spectrogram 1	1	6338.761786476	6341.218680420	1122.1	1436.8
1059	Spectrogram 1	1	6346.192392550	6348.499475888	1309.1	1550.8
1060	Spectrogram 1	1	6363.432689718	6366.309053359	948.7	1646.6
1061	Spectrogram 1	1	6368.016894271	6371.222841247	1268.0	1432.2
1062	Spectrogram 1	1	6373.979356403	6376.106667013	1258.9	1528.0
1063	Spectrogram 1	1	6376.855720045	6379.132841261	1309.1	1646.6
1064	Spectrogram 1	1	6389.941985823	6393.327705526	1021.7	1705.9
1065	Spectrogram 1	1	6406.706250304	6411.200568494	948.7	1646.6
1066	Spectrogram 1	1	6411.230530616	6412.968333649	1026.3	1674.0
1067	Spectrogram 1	1	6420.908295785	6422.735985182	1117.5	1537.1
1068	Spectrogram 1	1	6430.556098832	6435.230189750	889.4	1651.2
1069	Spectrogram 1	1	6440.348971169	6444.633554510	930.5	1660.3
1070	Spectrogram 1	1	6450.985524218	6452.933062101	1058.2	1632.9
1071	Spectrogram 1	1	6465.080720009	6467.747348802	907.7	1642.0
1072	Spectrogram 1	1	6471.612462445	6474.189204874	1281.7	1555.4
1073	Spectrogram 1	1	6484.166591256	6486.683409442	1295.4	1532.6
1074	Spectrogram 1	1	6487.522348838	6490.458636722	944.2	1669.4
1075	Spectrogram 1	1	6493.070540660	6497.984328547	944.2	1559.9
1076	Spectrogram 1	1	6517.822310916	6521.178068498	976.1	1655.7
1077	Spectrogram 1	1	6526.061894264	6530.825871546	907.7	1687.7
1078	Spectrogram 1	1	6531.574924577	6534.061780642	894.0	1678.5
1079	Spectrogram 1	1	6538.556098832	6542.630947324	1286.3	1537.1
1080	Spectrogram 1	1	6551.650605661	6554.946439000	948.7	1696.8
1081	Spectrogram 1	1	6570.144432125	6572.721174554	998.9	1669.4
1082	Spectrogram 1	1	6574.429015466	6575.687424559	925.9	1651.2
1083	Spectrogram 1	1	6577.515113957	6578.683636686	1144.9	1537.1
1084	Spectrogram 1	1	6580.661136690	6582.548750329	1236.1	1559.9
1085	Spectrogram 1	1	6590.938144284	6593.395038228	1268.0	1537.1
1086	Spectrogram 1	1	6599.207689753	6601.305038242	921.4	1655.7
1087	Spectrogram 1	1	6602.203901880	6604.720720066	1286.3	1500.7
1088	Spectrogram 1	1	6606.644450047	6612.517025815	1090.1	1660.3
1089	Spectrogram 1	1	6612.936495512	6614.854071273	1290.8	1550.8
1090	Spectrogram 1	1	6621.417879090	6624.593863944	912.2	1774.3
1091	Spectrogram 1	1	6644.249015495	6647.005530651	889.4	1765.2
1092	Spectrogram 1	1	6660.259930323	6662.866634874	1322.8	1546.3
1093	Spectrogram 1	1	6666.252354577	6668.918983369	980.7	1774.3
1094	Spectrogram 1	1	6683.657462438	6685.005757895	1313.6	1468.7
1095	Spectrogram 1	1	6687.372765475	6690.249129117	985.2	1683.1
1096	Spectrogram 1	1	6691.777197301	6693.095530637	1094.7	1696.8
1097	Spectrogram 1	1	6712.538788978	6715.145493528	925.9	1883.8
1098	Spectrogram 1	1	6727.140757874	6732.773636672	921.4	1696.8
1099	Spectrogram 1	1	6739.335341229	6742.691098811	1263.5	1655.7
1100	Spectrogram 1	1	6745.177954876	6747.095530637	1290.8	1632.9
1101	Spectrogram 1	1	6749.612348823	6752.758371556	1249.8	1559.9
1102	Spectrogram 1	1	6753.926894286	6756.683409442	971.5	1664.9
1103	Spectrogram 1	1	6765.215467789	6767.432664762	1071.9	1642.0
1104	Spectrogram 1	1	6771.867058710	6774.953157200	1295.4	1450.5
1105	Spectrogram 1	1	6777.889445084	6780.615998120	1277.1	1427.7
1106	Spectrogram 1	1	6780.795770847	6784.481111763	1126.6	1532.6
1107	Spectrogram 1	1	6787.522689703	6789.650000313	1053.6	1660.3
1108	Spectrogram 1	1	6797.440151843	6799.956970029	1103.8	1696.8
1109	Spectrogram 1	1	6804.391363976	6806.728409435	1304.5	1432.2
1110	Spectrogram 1	1	6816.885568544	6819.582159458	1199.6	1518.9
1111	Spectrogram 1	1	6819.922000036	6821.509992463	953.3	1660.3
1112	Spectrogram 1	1	6828.970560659	6834.004197031	821.0	1541.7
1113	Spectrogram 1	1	6836.580939460	6839.726962193	1012.6	1646.6
1114	Spectrogram 1	1	6851.260379115	6852.938257906	976.1	1669.4
1115	Spectrogram 1	1	6860.698447314	6862.256477620	1099.3	1660.3
1116	Spectrogram 1	1	6863.574810955	6865.432462474	1300.0	1423.1
1117	Spectrogram 1	1	6868.788220056	6870.825644302	1281.7	1436.8
1118	Spectrogram 1	1	6881.545787328	6884.302302484	971.5	1564.5
1119	Spectrogram 1	1	6893.065795760	6894.983371521	957.9	1651.2
1120	Spectrogram 1	1	6897.769848798	6900.736098804	1286.3	1459.6
1121	Spectrogram 1	1	6906.009432147	6908.676060939	1049.1	1692.2
1122	Spectrogram 1	1	6910.593636700	6912.810833674	1313.6	1669.4
1123	Spectrogram 1	1	6916.645985196	6918.114129138	853.0	1669.4
1124	Spectrogram 1	1	6924.093499494	6928.707666169	1295.4	1646.6
1125	Spectrogram 1	1	6929.127135867	6930.565317687	1003.5	1646.6
1126	Spectrogram 1	1	6935.479105575	6938.055848004	1044.5	1555.4
1127	Spectrogram 1	1	6941.711226798	6944.138158621	980.7	1655.7
1128	Spectrogram 1	1	6962.046856393	6966.301477612	921.4	1669.4
1129	Spectrogram 1	1	6967.589848827	6969.507424588	1313.6	1637.5
1130	Spectrogram 1	1	6969.237765497	6971.814507925	1213.3	1432.2
1131	Spectrogram 1	1	6972.503636715	6974.421212476	1167.7	1637.5
1132	Spectrogram 1	1	6986.036009584	6988.223244437	1331.9	1660.3
1133	Spectrogram 1	1	6992.777486869	6995.324267177	1272.6	1528.0
1134	Spectrogram 1	1	6996.342979300	6999.129456578	1021.7	1715.0
1135	Spectrogram 1	1	7005.080720009	7007.807273044	1213.3	1637.5
1136	Spectrogram 1	1	7009.395265472	7011.163030626	1085.6	1646.6
1137	Spectrogram 1	1	7015.417651846	7017.604886698	1327.3	1651.2
1138	Spectrogram 1	1	7020.301477612	7022.968106405	916.8	1751.5
1139	Spectrogram 1	1	7029.709583690	7032.436136725	889.4	1669.4
1140	Spectrogram 1	1	7040.778375109	7043.055496325	1304.5	1660.3
1141	Spectrogram 1	1	7045.512390269	7047.699625121	1030.8	1660.3
1142	Spectrogram 1	1	7053.717500303	7056.234318489	935.1	1756.1
1143	Spectrogram 1	1	7063.155568501	7065.282879111	1035.4	1760.6
1144	Spectrogram 1	1	7075.350151857	7077.567348830	1044.5	1719.6
1145	Spectrogram 1	1	7088.323750365	7090.301250369	1044.5	1737.8
1146	Spectrogram 1	1	7096.993167185	7099.929455069	998.9	1669.4
1147	Spectrogram 1	1	7102.356386892	7105.023015685	1231.5	1537.1
1148	Spectrogram 1	1	7121.020682145	7123.477576089	903.1	1774.3
1149	Spectrogram 1	1	7125.335227607	7129.080492765	1304.5	1678.5
1150	Spectrogram 1	1	7131.447500345	7133.844470047	1071.9	1742.4
1151	Spectrogram 1	1	7134.533598836	7137.320076114	1017.2	1683.1
1152	Spectrogram 1	1	7142.952954912	7144.870530673	1322.8	1655.7
1153	Spectrogram 1	1	7148.483776751	7151.599837362	1336.4	1646.6
1154	Spectrogram 1	1	7153.906920700	7156.393776765	989.8	1888.4
1155	Spectrogram 1	1	7158.790746466	7161.157754046	1222.4	1537.1
1156	Spectrogram 1	1	7166.121932129	7168.578826073	962.4	1660.3
1157	Spectrogram 1	1	7169.927121530	7172.354053352	1322.8	1559.9
1158	Spectrogram 1	1	7174.181742749	7176.069356389	1099.3	1632.9
1159	Spectrogram 1	1	7183.859507918	7187.065454894	1341.0	1541.7
1160	Spectrogram 1	1	7189.522348838	7193.836894300	976.1	1642.0
1161	Spectrogram 1	1	7202.166717078	7204.593648901	985.2	1646.6
1162	Spectrogram 1	1	7207.320201936	7210.705921639	1272.6	1445.9
1163	Spectrogram 1	1	7213.402512553	7215.859406497	1204.2	1532.6
1164	Spectrogram 1	1	7216.796136668	7219.013333642	1290.8	1500.7
1165	Spectrogram 1	1	7234.563674579	7237.230303372	1003.5	1687.7
1166	Spectrogram 1	1	7246.009204903	7248.406174604	1313.6	1550.8
1167	Spectrogram 1	1	7255.169617969	7258.045981610	1017.2	1642.0
1168	Spectrogram 1	1	7258.285678580	7260.323102827	948.7	1637.5
1169	Spectrogram 1	1	7267.012190151	7269.558970459	985.2	1637.5
1170	Spectrogram 1	1	7284.279091238	7287.395151850	1245.2	1669.4
1171	Spectrogram 1	1	7292.458750344	7294.945606409	1030.8	1632.9
1172	Spectrogram 1	1	7296.024242774	7298.391250354	1030.8	1564.5
1173	Spectrogram 1	1	7299.739545811	7302.076591270	1258.9	1537.1
1174	Spectrogram 1	1	7301.986704906	7303.994167031	971.5	1760.6
1175	Spectrogram 1	1	7314.822518183	7317.878654552	1300.0	1651.2
1176	Spectrogram 1	1	7322.552745470	7324.410396988	989.8	1550.8
1177	Spectrogram 1	1	7326.563901823	7328.331666978	1309.1	1660.3
1178	Spectrogram 1	1	7330.129394254	7331.747348802	1300.0	1523.5
1179	Spectrogram 1	1	7332.017007893	7333.814735169	1071.9	1655.7
1180	Spectrogram 1	1	7336.870871538	7338.998182148	1313.6	1651.2
1181	Spectrogram 1	1	7354.751041717	7357.297822025	957.9	1678.5
1182	Spectrogram 1	1	7357.627405359	7361.162935668	1149.4	1651.2
1183	Spectrogram 1	1	7368.323882651	7371.020473565	1336.4	1532.6
1184	Spectrogram 1	1	7374.795700844	7376.263844786	1012.6	1678.5
1185	Spectrogram 1	1	7377.702026607	7378.990397822	962.4	1683.1
1186	Spectrogram 1	1	7392.668598814	7396.144204881	1099.3	1655.7
1187	Spectrogram 1	1	7399.320189735	7401.387576103	1309.1	1646.6
1188	Spectrogram 1	1	7401.297689739	7404.054204896	998.9	1747.0
1189	Spectrogram 1	1	7426.472129300	7429.348492941	862.1	1715.0
1190	Spectrogram 1	1	7432.676288183	7435.672500310	1204.2	1632.9
1191	Spectrogram 1	1	7436.271742735	7438.848485164	1331.9	1518.9
1192	Spectrogram 1	1	7447.088068512	7449.724735184	994.4	1769.8
1193	Spectrogram 1	1	7468.820158431	7470.707772071	916.8	1769.8
1194	Spectrogram 1	1	7471.666559952	7474.572885715	1227.0	1546.3
1195	Spectrogram 1	1	7477.718908447	7480.205764513	1067.3	1760.6
1196	Spectrogram 1	1	7502.436363969	7504.503750336	948.7	1760.6
1197	Spectrogram 1	1	7512.293901866	7513.792007929	994.4	1824.5
1198	Spectrogram 1	1	7550.833447292	7553.200454872	907.7	1742.4
1199	Spectrogram 1	1	7555.058106391	7559.882007915	1240.7	1555.4
1200	Spectrogram 1	1	7561.320189735	7563.028030648	1017.2	1660.3
1201	Spectrogram 1	1	7528.468812563	7531.614835295	939.6	1719.6
1202	Spectrogram 1	1	7534.581085301	7537.217751972	1331.9	1541.7
1203	Spectrogram 1	1	7594.915985153	7597.852273037	1327.3	1537.1
1204	Spectrogram 1	1	7607.889583661	7610.616136697	1035.4	1705.9
1205	Spectrogram 1	1	7617.896932164	7620.533598836	1003.5	1642.0
1206	Spectrogram 1	1	7623.859394296	7628.054091274	1304.5	1445.9
1207	Spectrogram 1	1	7645.380454844	7648.466553334	953.3	1751.5
1208	Spectrogram 1	1	7653.859735162	7656.256704863	1327.3	1450.5
1209	Spectrogram 1	1	7664.945720031	7666.713485185	1071.9	1619.2
1210	Spectrogram 1	1	7668.661023068	7670.129167010	962.4	1683.1
1211	Spectrogram 1	1	7671.657235194	7674.593523078	1277.1	1528.0
1212	Spectrogram 1	1	7676.091629142	7678.608447328	1304.5	1605.6
1213	Spectrogram 1	1	7678.308826115	7679.866856421	1058.2	1660.3
1214	Spectrogram 1	1	7703.125720002	7705.432803340	957.9	1546.3
1215	Spectrogram 1	1	7706.091970007	7712.653674565	1081.0	1537.1
1216	Spectrogram 1	1	7713.043182141	7714.481363962	839.3	1632.9
1217	Spectrogram 1	1	7738.320810025	7740.538006999	1281.7	1473.3
1218	Spectrogram 1	1	7743.354446398	7744.762666098	1003.5	1651.2
1219	Spectrogram 1	1	7744.942438825	7747.579105497	1026.3	1537.1
1220	Spectrogram 1	1	7749.646491864	7753.301870658	1268.0	1432.2
1221	Spectrogram 1	1	7763.327879104	7765.634962442	1044.5	1756.1
1222	Spectrogram 1	1	7772.855833667	7774.743447307	894.0	1701.3
1223	Spectrogram 1	1	7786.379822428	7790.844178496	1281.7	1546.3
1224	Spectrogram 1	1	7792.731792136	7794.829140625	1071.9	1705.9
1225	Spectrogram 1	1	7802.439519426	7804.926375491	976.1	1760.6
1226	Spectrogram 1	1	7810.077045758	7811.545189700	1341.0	1541.7
1227	Spectrogram 1	1	7824.848371542	7829.282765489	998.9	1683.1
1228	Spectrogram 1	1	7835.335113985	7837.941818535	1350.1	1541.7
1229	Spectrogram 1	1	7859.353521003	7861.420907370	1076.5	1692.2
1230	Spectrogram 1	1	7864.166932122	7867.073257884	1204.2	1651.2
1231	Spectrogram 1	1	7879.417651846	7881.694773062	1030.8	1774.3
1232	Spectrogram 1	1	7892.271401869	7895.447386723	1304.5	1541.7
1233	Spectrogram 1	1	7903.866211037	7906.682650436	1040.0	1651.2
1234	Spectrogram 1	1	7910.637650443	7913.064582266	957.9	1683.1
1235	Spectrogram 1	1	7921.043295763	7922.541401826	994.4	1765.2
1236	Spectrogram 1	1	7924.039507890	7925.387803347	1053.6	1733.3
1237	Spectrogram 1	1	7928.384015473	7930.751023053	1295.4	1432.2
1238	Spectrogram 1	1	7938.661023068	7941.447500345	1304.5	1445.9
1239	Spectrogram 1	1	7945.941818535	7948.488598843	1012.6	1783.4
1240	Spectrogram 1	1	7968.006849990	7970.883213632	953.3	1678.5
1241	Spectrogram 1	1	7973.065795760	7977.200568494	1236.1	1559.9
1242	Spectrogram 1	1	7978.818523043	7986.039394268	1313.6	1564.5
1243	Spectrogram 1	1	7996.795795802	7999.672159444	1003.5	1728.7
1244	Spectrogram 1	1	8004.046629149	8007.252576124	1309.1	1546.3
1245	Spectrogram 1	1	8013.962779702	8017.138764556	1154.0	1559.9
1246	Spectrogram 1	1	8017.947741830	8022.112476686	1227.0	1532.6
1247	Spectrogram 1	1	8023.520696385	8026.636756997	1090.1	1610.1
1248	Spectrogram 1	1	8032.429015466	8033.717386681	1290.8	1541.7
1249	Spectrogram 1	1	8038.151780628	8041.088068512	1313.6	1468.7
1250	Spectrogram 1	1	8046.361401855	8048.548636707	1062.8	1669.4
1251	Spectrogram 1	1	8055.889356418	8059.604659455	944.2	1637.5
1252	Spectrogram 1	1	8063.774663701	8066.531178858	1295.4	1523.5
1253	Spectrogram 1	1	8080.526477577	8083.702462431	1126.6	1569.1
1254	Spectrogram 1	1	8098.383901851	8101.440038221	1099.3	1582.8
1255	Spectrogram 1	1	8109.290113992	8111.836894300	953.3	1660.3
1256	Spectrogram 1	1	8125.324374964	8129.189488607	1026.3	1669.4
1257	Spectrogram 1	1	8131.047140126	8133.953465888	1217.9	1546.3
1258	Spectrogram 1	1	8139.679962435	8145.043182141	921.4	1687.7
1259	Spectrogram 1	1	8150.915757909	8153.762159430	1290.8	1537.1
1260	Spectrogram 1	1	8154.990606402	8157.926894286	1290.8	1514.3
1261	Spectrogram 1	1	8157.896932164	8160.953068534	985.2	1646.6
1262	Spectrogram 1	1	8166.912489002	8169.938663250	1071.9	1778.9
1263	Spectrogram 1	1	8170.657754161	8173.234496590	1286.3	1564.5
1264	Spectrogram 1	1	8185.339193581	8187.915936010	1295.4	1468.7
1265	Spectrogram 1	1	8191.642538188	8194.818523043	1040.0	1783.4
1266	Spectrogram 1	1	8196.017007893	8199.043182141	1122.1	1692.2
1267	Spectrogram 1	1	8216.181515505	8218.848144298	1017.2	1769.8
1268	Spectrogram 1	1	8233.468347890	8236.494522138	1300.0	1537.1
1269	Spectrogram 1	1	8242.376666970	8245.522689703	1236.1	1550.8
1270	Spectrogram 1	1	8245.912197280	8250.046970015	967.0	1651.2
1271	Spectrogram 1	1	8255.649886691	8259.365189728	1240.7	1546.3
1272	Spectrogram 1	1	8261.792121551	8264.518674586	1309.1	1546.3
1273	Spectrogram 1	1	8268.353826108	8271.080379143	1040.0	1756.1
1274	Spectrogram 1	1	8273.717045815	8276.773182184	1258.9	1427.7
1275	Spectrogram 1	1	8278.016910781	8281.162933514	1327.3	1491.5
1276	Spectrogram 1	1	8289.432478983	8293.866872931	1008.0	1692.2
1277	Spectrogram 1	1	8303.777310923	8306.024470018	1295.4	1477.8
1278	Spectrogram 1	1	8305.994507897	8308.361515477	998.9	1778.9
1279	Spectrogram 1	1	8309.769735176	8312.436363969	1277.1	1505.2
1280	Spectrogram 1	1	8326.039167024	8329.275076121	1185.9	1528.0
1281	Spectrogram 1	1	8333.800451269	8336.197420970	1172.2	1678.5
1282	Spectrogram 1	1	8336.107534606	8340.062534613	980.7	1655.7
1283	Spectrogram 1	1	8341.171133100	8343.478216438	1254.3	1482.4
1284	Spectrogram 1	1	8356.369091224	8358.556326076	971.5	1664.9
1285	Spectrogram 1	1	8359.964545776	8361.462651839	1067.3	1651.2
1286	Spectrogram 1	1	8363.560000328	8366.346477605	1268.0	1537.1
1287	Spectrogram 1	1	8374.256477620	8377.192765504	1071.9	1569.1
1288	Spectrogram 1	1	8378.001742778	8380.848144298	1336.4	1550.8
1289	Spectrogram 1	1	8384.024129152	8386.121477641	998.9	1623.8
1290	Spectrogram 1	1	8390.631077456	8393.297706249	1304.5	1473.3
1291	Spectrogram 1	1	8393.597327461	8396.863198679	1094.7	1546.3
1292	Spectrogram 1	1	8401.717062324	8404.683312330	1290.8	1436.8
1293	Spectrogram 1	1	8414.024470018	8416.151780628	1258.9	1550.8
1294	Spectrogram 1	1	8416.271629113	8418.908295785	1245.2	1573.6
1295	Spectrogram 1	1	8419.927007908	8422.893257913	1272.6	1646.6
1296	Spectrogram 1	1	8423.911970036	8426.608560950	1099.3	1678.5
1297	Spectrogram 1	1	8443.503412384	8446.020230571	1304.5	1450.5
1298	Spectrogram 1	1	8454.529473010	8457.975116956	939.6	1797.1
1299	Spectrogram 1	1	8470.061894264	8472.249129117	948.7	1778.9
1300	Spectrogram 1	1	8471.619924570	8474.346477605	953.3	1655.7
1301	Spectrogram 1	1	8493.507413188	8496.863170769	962.4	1664.9
1302	Spectrogram 1	1	8504.261514829	8508.426249685	1304.5	1450.5
1303	Spectrogram 1	1	8508.576060292	8511.242689084	1012.6	1678.5
1304	Spectrogram 1	1	8516.960871524	8519.417765468	962.4	1778.9
1305	Spectrogram 1	1	8529.934470032	8532.391363976	1217.9	1518.9
1306	Spectrogram 1	1	8537.335113985	8539.132841261	994.4	1674.0
1307	Spectrogram 1	1	8539.612235201	8541.320076114	1290.8	1651.2
1308	Spectrogram 1	1	8541.559773084	8544.166477634	939.6	1642.0
1309	Spectrogram 1	1	8553.479250788	8556.385576550	1322.8	1550.8
1310	Spectrogram 1	1	8561.988493227	8563.995955352	916.8	1559.9
1311	Spectrogram 1	1	8563.906068988	8566.962205357	839.3	1669.4
1312	Spectrogram 1	1	8570.930909403	8573.687424559	1085.6	1642.0
1313	Spectrogram 1	1	8587.290227614	8589.417538224	1322.8	1674.0
1314	Spectrogram 1	1	8598.847575380	8602.622802660	1085.6	1678.5
1315	Spectrogram 1	1	8602.622802660	8605.319393574	1090.1	1651.2
1316	Spectrogram 1	1	8606.967310243	8609.184507217	1304.5	1550.8
1317	Spectrogram 1	1	8608.914848126	8611.102082978	1099.3	1664.9
1318	Spectrogram 1	1	8633.470113964	8637.005644273	1076.5	1655.7
1319	Spectrogram 1	1	8640.211591249	8642.548636707	1300.0	1505.2
1320	Spectrogram 1	1	8643.447500345	8648.061667020	967.0	1628.4
1321	Spectrogram 1	1	8658.710988741	8661.976859959	1030.8	1660.3
1322	Spectrogram 1	1	8661.647276625	8664.643488752	1176.8	1546.3
1323	Spectrogram 1	1	8671.325041794	8674.141481193	1012.6	1710.5
1324	Spectrogram 1	1	8688.309053359	8690.556212454	1277.1	1655.7
1325	Spectrogram 1	1	8693.911970036	8696.578598829	985.2	1669.4
1326	Spectrogram 1	1	8704.488598843	8707.185189757	1245.2	1651.2
1327	Spectrogram 1	1	8708.652766936	8711.708903305	1094.7	1660.3
1328	Spectrogram 1	1	8714.105873006	8716.083373010	1290.8	1550.8
1329	Spectrogram 1	1	8719.139509379	8720.967198776	994.4	1774.3
1330	Spectrogram 1	1	8728.856060911	8731.013333642	985.2	1778.9
1331	Spectrogram 1	1	8735.897159408	8738.473901837	1313.6	1573.6
1332	Spectrogram 1	1	8739.822197294	8742.908295785	1277.1	1642.0
1333	Spectrogram 1	1	8751.477462467	8753.275189743	1318.2	1710.5
1334	Spectrogram 1	1	8753.065454894	8754.893144291	1003.5	1760.6
1335	Spectrogram 1	1	8762.721817058	8764.579468576	953.3	1778.9
1336	Spectrogram 1	1	8766.796665550	8769.433332221	1213.3	1655.7
1337	Spectrogram 1	1	8771.051286770	8773.657991320	1263.5	1532.6
1338	Spectrogram 1	1	8786.032045765	8787.620038192	998.9	1760.6
1339	Spectrogram 1	1	8789.867197287	8791.964545776	1290.8	1550.8
1340	Spectrogram 1	1	8791.934583654	8794.241666992	1258.9	1591.9
1341	Spectrogram 1	1	8795.290341236	8796.878333663	989.8	1742.4
1342	Spectrogram 1	1	8798.586174575	8802.241553370	1008.0	1696.8
1343	Spectrogram 1	1	8821.486787224	8824.632809957	1071.9	1719.6
1344	Spectrogram 1	1	8839.822310916	8842.369091224	1053.6	1701.3
1345	Spectrogram 1	1	8844.226742742	8846.413977595	1286.3	1518.9
1346	Spectrogram 1	1	8846.893371535	8850.878333663	903.1	1655.7
1347	Spectrogram 1	1	8858.998068526	8861.724621562	948.7	1737.8
1348	Spectrogram 1	1	8869.134744460	8872.250805072	1222.4	1555.4
1349	Spectrogram 1	1	8884.984706610	8888.040842979	1286.3	1559.9
1350	Spectrogram 1	1	8889.597651818	8891.485265457	967.0	1632.9
1351	Spectrogram 1	1	8892.863523036	8896.968333649	1017.2	1651.2
1352	Spectrogram 1	1	8899.275416987	8901.282879111	1258.9	1473.3
1353	Spectrogram 1	1	8906.586174575	8908.294015488	1318.2	1450.5
1354	Spectrogram 1	1	8914.915644287	8917.192765504	1290.8	1541.7
1355	Spectrogram 1	1	8923.066472636	8925.673177186	1277.1	1509.8
1356	Spectrogram 1	1	8926.631965067	8928.100109009	1300.0	1436.8
1357	Spectrogram 1	1	8928.219957494	8931.336018106	980.7	1674.0
1358	Spectrogram 1	1	8939.126169635	8940.834010547	1268.0	1550.8
1359	Spectrogram 1	1	8953.455189714	8957.050644266	948.7	1756.1
1360	Spectrogram 1	1	8958.309053359	8960.136742756	1300.0	1541.7
1361	Spectrogram 1	1	8963.132954883	8965.859507918	1254.3	1637.5
1362	Spectrogram 1	1	8967.687197316	8969.934356410	967.0	1683.1
1363	Spectrogram 1	1	8971.402500353	8973.110341265	1030.8	1696.8
1364	Spectrogram 1	1	8975.057879147	8978.054091274	1322.8	1569.1
1365	Spectrogram 1	1	8991.650597941	8993.897757036	1309.1	1477.8
1366	Spectrogram 1	1	8994.287264613	8995.995105525	935.1	1705.9
1367	Spectrogram 1	1	9002.870985160	9005.208030619	944.2	1765.2
1368	Spectrogram 1	1	9005.867197287	9008.503863958	985.2	1614.7
1369	Spectrogram 1	1	9018.930682159	9023.215265500	1076.5	1674.0
1370	Spectrogram 1	1	9027.589735205	9029.776970057	994.4	1769.8
1371	Spectrogram 1	1	9037.559020541	9039.746255394	939.6	1747.0
1372	Spectrogram 1	1	9041.154475093	9042.592656914	1030.8	1696.8
1373	Spectrogram 1	1	9044.809853887	9046.997088740	1240.7	1477.8
1374	Spectrogram 1	1	9063.522576081	9065.889583661	998.9	1751.5
1375	Spectrogram 1	1	9067.327765482	9069.754697305	1322.8	1546.3
1376	Spectrogram 1	1	9069.964432154	9072.391363976	1304.5	1532.6
1377	Spectrogram 1	1	9082.370625019	9086.085928056	1336.4	1573.6
1378	Spectrogram 1	1	9088.722594727	9093.876079585	971.5	1769.8
1379	Spectrogram 1	1	9104.938485150	9107.665038185	1245.2	1473.3
1380	Spectrogram 1	1	9113.717386681	9117.163030626	967.0	1792.6
1381	Spectrogram 1	1	9121.237879118	9123.994394275	953.3	1678.5
1382	Spectrogram 1	1	9128.848257920	9131.395038228	1231.5	1541.7
1383	Spectrogram 1	1	9137.447386723	9140.533485214	1131.2	1655.7
1384	Spectrogram 1	1	9159.047137971	9160.904789490	994.4	1678.5
1385	Spectrogram 1	1	9161.275530608	9164.960871524	994.4	1664.9
1386	Spectrogram 1	1	9176.346477605	9177.844583669	1336.4	1564.5
1387	Spectrogram 1	1	9182.518674586	9185.155341258	976.1	1674.0
1388	Spectrogram 1	1	9189.859394296	9192.346250361	1272.6	1455.0
1389	Spectrogram 1	1	9192.466098846	9193.544735212	962.4	1724.2
1390	Spectrogram 1	1	9195.927059419	9196.915809420	1012.6	1692.2
1391	Spectrogram 1	1	9198.833385181	9200.451339730	1300.0	1546.3
1392	Spectrogram 1	1	9203.807097311	9206.174104892	1290.8	1459.6
1393	Spectrogram 1	1	9212.076642781	9213.874370057	1281.7	1514.3
1394	Spectrogram 1	1	9217.223068491	9218.571363948	1067.3	1573.6
1395	Spectrogram 1	1	9218.781098797	9220.219280617	1249.8	1550.8
1396	Spectrogram 1	1	9222.106894257	9224.923333656	925.9	1651.2
1397	Spectrogram 1	1	9232.084280639	9233.852045793	930.5	1646.6
1398	Spectrogram 1	1	9254.847496760	9259.042193737	1213.3	1678.5
1399	Spectrogram 1	1	9259.701360405	9261.439163438	1026.3	1651.2
1400	Spectrogram 1	1	9263.686322533	9265.064580111	953.3	1591.9
1401	Spectrogram 1	1	9287.852045793	9290.938144284	1030.8	1596.4
1402	Spectrogram 1	1	9295.851932172	9298.368750358	1117.5	1651.2
1403	Spectrogram 1	1	9299.477348845	9302.683295820	1071.9	1619.2
1404	Spectrogram 1	1	9315.135509204	9317.412630420	930.5	1664.9
1405	Spectrogram 1	1	9333.702348809	9337.747235180	994.4	1683.1
1406	Spectrogram 1	1	9337.717273059	9338.706023061	866.6	1651.2
1407	Spectrogram 1	1	9361.331950711	9364.268238595	980.7	1623.8
1408	Spectrogram 1	1	9364.567859807	9367.444223449	1085.6	1532.6
1409	Spectrogram 1	1	9367.713882540	9370.200738605	1300.0	1541.7
1410	Spectrogram 1	1	9390.189204874	9391.897045786	1327.3	1450.5
1411	Spectrogram 1	1	9392.735985182	9395.372651853	1076.5	1646.6
1412	Spectrogram 1	1	9399.926894286	9402.563560957	1318.2	1523.5
1413	Spectrogram 1	1	9403.222727625	9406.938030662	1067.3	1733.3
1414	Spectrogram 1	1	9426.071727085	9429.247711939	884.9	1655.7
1415	Spectrogram 1	1	9443.739773055	9446.646098818	1008.0	1678.5
1416	Spectrogram 1	1	9448.264053366	9450.810833674	1026.3	1760.6
1417	Spectrogram 1	1	9480.189102197	9483.155352202	1313.6	1550.8
1418	Spectrogram 1	1	9483.807386666	9487.882235159	994.4	1660.3
1419	Spectrogram 1	1	9509.395038228	9512.571023082	953.3	1674.0
1420	Spectrogram 1	1	9514.908068541	9517.934242789	1309.1	1573.6
1421	Spectrogram 1	1	9519.172098704	9521.419257799	1290.8	1559.9
1422	Spectrogram 1	1	9525.014712351	9526.872363869	957.9	1623.8
1423	Spectrogram 1	1	9533.943424488	9536.610053281	1017.2	1637.5
1424	Spectrogram 1	1	9549.282879111	9552.608674572	1144.9	1550.8
1425	Spectrogram 1	1	9557.882007915	9560.608560950	998.9	1605.6
1426	Spectrogram 1	1	9562.735871560	9565.282651867	1012.6	1669.4
1427	Spectrogram 1	1	9586.516208206	9589.901927909	1021.7	1687.7
1428	Spectrogram 1	1	9596.631288190	9599.327879104	985.2	1747.0
1429	Spectrogram 1	1	9607.507538210	9610.353939730	1081.0	1651.2
1430	Spectrogram 1	1	9620.151553384	9622.218939752	935.1	1774.3
1431	Spectrogram 1	1	9629.148820409	9630.796737079	953.3	1737.8
1432	Spectrogram 1	1	9632.085108293	9635.081320420	1030.8	1742.4
1433	Spectrogram 1	1	9646.856060911	9649.282992733	1181.4	1642.0
1434	Spectrogram 1	1	9654.676174561	9659.050644266	994.4	1765.2
1435	Spectrogram 1	1	9679.337688324	9681.644771661	1017.2	1674.0
1436	Spectrogram 1	1	9683.832006514	9686.858180762	912.2	1674.0
1437	Spectrogram 1	1	9711.462651839	9713.020682145	1026.3	1651.2
1438	Spectrogram 1	1	9714.368977602	9715.567462452	989.8	1651.2
1439	Spectrogram 1	1	9716.885795788	9718.144204881	985.2	1751.5
1440	Spectrogram 1	1	9743.901156703	9745.908618828	1021.7	1660.3
1441	Spectrogram 1	1	9782.361288233	9785.657121572	1053.6	1660.3
1442	Spectrogram 1	1	9822.039394268	9824.885795788	1108.4	1601.0
1443	Spectrogram 1	1	9865.852273037	9869.417765468	939.6	1756.1
1444	Spectrogram 1	1	9899.544164140	9902.330641418	1190.5	1660.3
1445	Spectrogram 1	1	9927.312841233	9932.256591242	1286.3	1674.0
1446	Spectrogram 1	1	9950.438152290	9953.404402295	1199.6	1705.9
1447	Spectrogram 1	1	9973.462765461	9976.099432132	1035.4	1715.0
1448	Spectrogram 1	1	9980.563788201	9983.530038206	1281.7	1573.6
1449	Spectrogram 1	1	10018.168265057	10020.475348394	1094.7	1660.3
1450	Spectrogram 1	1	10047.297689739	10049.514886713	1286.3	1455.0
1451	Spectrogram 1	1	10057.275076121	10059.222614003	1058.2	1669.4
1452	Spectrogram 1	1	10069.927825418	10072.534529968	1272.6	1459.6
1453	Spectrogram 1	1	10102.346363983	10104.593523078	1322.8	1528.0
1454	Spectrogram 1	1	10126.908157207	10130.054179940	1131.2	1623.8
1455	Spectrogram 1	1	10179.868713847	10182.984774458	1181.4	1564.5
1456	Spectrogram 1	1	10209.567348830	10212.593523078	1222.4	1550.8
1457	Spectrogram 1	1	10243.133182127	10244.960871524	1350.1	1491.5
1458	Spectrogram 1	1	10385.525735847	10388.551910095	1313.6	1537.1
1459	Spectrogram 1	1	10415.530038206	10418.196666999	1217.9	1509.8
1460	Spectrogram 1	1	10445.825422126	10447.443376674	1290.8	1564.5
1461	Spectrogram 1	1	10476.271515491	10478.998068526	1071.9	1550.8
1462	Spectrogram 1	1	10501.013894742	10504.129955354	1336.4	1569.1
1463	Spectrogram 1	1	10523.200454872	10524.518788208	1172.2	1450.5
1464	Spectrogram 1	1	10580.106780635	10582.773409428	1231.5	1537.1
1465	Spectrogram 1	1	10630.930795781	10633.657348816	1185.9	1514.3
1466	Spectrogram 1	1	10657.869500763	10659.487455311	1240.7	1528.0
1467	Spectrogram 1	1	10693.619810948	10696.466212468	1208.7	1555.4
1468	Spectrogram 1	1	10719.875259822	10721.463252250	1322.8	1532.6
1469	Spectrogram 1	1	10744.174167003	10746.601098825	1331.9	1546.3
1470	Spectrogram 1	1	10794.908295785	10797.574924577	1190.5	1468.7
1471	Spectrogram 1	1	10818.022709779	10819.820437055	1227.0	1532.6
1472	Spectrogram 1	1	10841.387803347	10844.294129110	1231.5	1601.0
1473	Spectrogram 1	1	10881.047110959	10882.934724599	1281.7	1528.0
1474	Spectrogram 1	1	10941.473225174	10942.611785782	1350.1	1477.8
1475	Spectrogram 1	1	10965.327651860	10967.874432168	1327.3	1537.1
1476	Spectrogram 1	1	10992.260592217	10994.028357372	1295.4	1518.9
1477	Spectrogram 1	1	11015.372651853	11017.619810948	1290.8	1514.3
1478	Spectrogram 1	1	11045.496540624	11047.444078506	1327.3	1550.8
1479	Spectrogram 1	1	11073.087954890	11075.395038228	1318.2	1632.9
1480	Spectrogram 1	1	11100.084992517	11102.152378884	1336.4	1487.0
1481	Spectrogram 1	1	11157.048799571	11159.295958666	1339.4	1462.9
1482	Spectrogram 1	1	11168.593750322	11170.481363962	1334.9	1444.6
1483	Spectrogram 1	1	11227.327765482	11229.604886698	1138.3	1531.4
1484	Spectrogram 1	1	11251.792914832	11253.860301200	1206.9	1522.3
1485	Spectrogram 1	1	11276.893371535	11279.410189721	1307.4	1513.1
1486	Spectrogram 1	1	11308.948984801	11310.327242379	1298.3	1499.4
1487	Spectrogram 1	1	11335.777197301	11338.353939730	1257.1	1545.1
1488	Spectrogram 1	1	11392.234091245	11394.391363976	1298.3	1558.9
1489	Spectrogram 1	1	11422.311354680	11424.618438018	1325.7	1558.9
1490	Spectrogram 1	1	11454.833220048	11457.380000356	1334.9	1545.1
1491	Spectrogram 1	1	11489.327879104	11492.024470018	1302.9	1590.9
1492	Spectrogram 1	1	11523.087938553	11525.724605224	1334.9	1540.6
1493	Spectrogram 1	1	11597.417765468	11599.784773048	1344.0	1549.7
1494	Spectrogram 1	1	11630.305668676	11632.522865650	1270.9	1554.3
1495	Spectrogram 1	1	11652.196780621	11654.713598807	1129.1	1536.0
1496	Spectrogram 1	1	11684.155008242	11686.551977944	1124.6	1577.1
1497	Spectrogram 1	1	11742.422116596	11744.219843872	1270.9	1426.3
1498	Spectrogram 1	1	11795.663052857	11798.179871043	1316.6	1554.3
1499	Spectrogram 1	1	11829.297689739	11831.275189743	1316.6	1558.9
1500	Spectrogram 1	1	11858.655083966	11860.962167303	1234.3	1444.6
1501	Spectrogram 1	1	11892.906817489	11896.352461434	1238.9	1554.3
1502	Spectrogram 1	1	2699.201916324	2699.201916324	1990.7	1990.7
