Selection	View	Channel	Begin Time (s)	End Time (s)	Low Freq (Hz)	High Freq (Hz)
1	Waveform 1	1	34.73852539	34.80444336	75	250
1	Spectrogram 1	1	34.73852539	34.80444336	75	250
4	Waveform 1	1	76.0690918	76.13500977	50	250
4	Spectrogram 1	1	76.0690918	76.13500977	50	250
8	Waveform 1	1	156.5549316	156.6208496	100	250
8	Spectrogram 1	1	156.5549316	156.6208496	100	250
9	Waveform 1	1	159.5871582	160.048584	50	175
9	Spectrogram 1	1	159.5871582	160.048584	50	175
10	Waveform 1	1	173.2980957	173.3640137	125	250
10	Spectrogram 1	1	173.2980957	173.3640137	125	250
11	Waveform 1	1	182.4606934	182.5925293	125	250
11	Spectrogram 1	1	182.4606934	182.5925293	125	250
12	Waveform 1	1	189.447998	189.513916	25	250
12	Spectrogram 1	1	189.447998	189.513916	25	250
13	Waveform 1	1	191.0300293	191.0959473	75	225
13	Spectrogram 1	1	191.0300293	191.0959473	75	225
14	Waveform 1	1	206.322998	206.388916	100	250
14	Spectrogram 1	1	206.322998	206.388916	100	250
15	Waveform 1	1	221.6159668	221.6818848	125	250
15	Spectrogram 1	1	221.6159668	221.6818848	125	250
17	Waveform 1	1	306.1887207	306.2546387	125	250
17	Spectrogram 1	1	306.1887207	306.2546387	125	250
19	Waveform 1	1	312.7145996	312.7805176	75	250
19	Spectrogram 1	1	312.7145996	312.7805176	75	250
21	Waveform 1	1	329.8532715	329.9191895	100	250
21	Spectrogram 1	1	329.8532715	329.9191895	100	250
23	Waveform 1	1	375.0070801	375.072998	75	250
23	Spectrogram 1	1	375.0070801	375.072998	75	250
26	Waveform 1	1	543.7570801	543.822998	50	250
26	Spectrogram 1	1	543.7570801	543.822998	50	250
27	Waveform 1	1	545.0754395	545.1413574	75	225
27	Spectrogram 1	1	545.0754395	545.1413574	75	225
28	Waveform 1	1	553.5129395	553.5788574	50	225
28	Spectrogram 1	1	553.5129395	553.5788574	50	225
29	Waveform 1	1	556.4133301	556.611084	75	250
29	Spectrogram 1	1	556.4133301	556.611084	75	250
30	Waveform 1	1	557.4020996	557.4680176	75	200
30	Spectrogram 1	1	557.4020996	557.4680176	75	200
31	Waveform 1	1	564.8508301	564.982666	75	200
31	Spectrogram 1	1	564.8508301	564.982666	75	200
32	Waveform 1	1	579.9460449	580.0119629	75	225
32	Spectrogram 1	1	579.9460449	580.0119629	75	225
33	Waveform 1	1	589.8996582	589.9655762	50	225
33	Spectrogram 1	1	589.8996582	589.9655762	50	225
34	Waveform 1	1	596.755127	596.8210449	75	225
34	Spectrogram 1	1	596.755127	596.8210449	75	225
35	Waveform 1	1	599.3918457	599.4577637	75	200
35	Spectrogram 1	1	599.3918457	599.4577637	75	200
36	Waveform 1	1	599.9851074	600.4465332	25	250
36	Spectrogram 1	1	599.9851074	600.4465332	25	250
39	Waveform 1	1	675.9885254	676.0544434	75	250
39	Spectrogram 1	1	675.9885254	676.0544434	75	250
40	Waveform 1	1	680.1413574	680.2731934	100	250
40	Spectrogram 1	1	680.1413574	680.2731934	100	250
41	Waveform 1	1	682.7121582	682.7780762	100	250
41	Spectrogram 1	1	682.7121582	682.7780762	100	250
42	Waveform 1	1	689.1721191	689.2380371	75	250
42	Spectrogram 1	1	689.1721191	689.2380371	75	250
43	Waveform 1	1	708.6838379	708.7497559	100	225
43	Spectrogram 1	1	708.6838379	708.7497559	100	225
44	Waveform 1	1	750.0144043	750.2121582	25	200
44	Spectrogram 1	1	750.0144043	750.2121582	25	200
45	Waveform 1	1	789.5651855	789.7629395	0	200
45	Spectrogram 1	1	789.5651855	789.7629395	0	200
47	Waveform 1	1	941.9675293	942.2312012	75	225
47	Spectrogram 1	1	941.9675293	942.2312012	75	225
48	Waveform 1	1	960.2268066	960.4245605	75	225
48	Spectrogram 1	1	960.2268066	960.4245605	75	225
49	Waveform 1	1	974.6628418	974.7946777	50	175
49	Spectrogram 1	1	974.6628418	974.7946777	50	175
50	Waveform 1	1	974.9924316	975.0583496	100	250
50	Spectrogram 1	1	974.9924316	975.0583496	100	250
51	Waveform 1	1	980.463623	980.529541	75	250
51	Spectrogram 1	1	980.463623	980.529541	75	250
52	Waveform 1	1	980.7932129	980.8591309	125	250
52	Spectrogram 1	1	980.7932129	980.8591309	125	250
54	Waveform 1	1	990.6809082	990.8786621	50	225
54	Spectrogram 1	1	990.6809082	990.8786621	50	225
55	Waveform 1	1	994.7678223	994.8337402	125	250
55	Spectrogram 1	1	994.7678223	994.8337402	125	250
56	Waveform 1	1	1005.907959	1006.105713	25	250
56	Spectrogram 1	1	1005.907959	1006.105713	25	250
57	Waveform 1	1	1017.773193	1017.970947	25	200
57	Spectrogram 1	1	1017.773193	1017.970947	25	200
58	Waveform 1	1	1026.144775	1026.210693	125	250
58	Spectrogram 1	1	1026.144775	1026.210693	125	250
60	Waveform 1	1	1053.89624	1053.962158	100	250
60	Spectrogram 1	1	1053.89624	1053.962158	100	250
61	Waveform 1	1	1081.713623	1081.911377	75	200
61	Spectrogram 1	1	1081.713623	1081.911377	75	200
62	Waveform 1	1	1114.408936	1114.540771	75	200
62	Spectrogram 1	1	1114.408936	1114.540771	75	200
63	Waveform 1	1	1118.561768	1118.627686	100	250
63	Spectrogram 1	1	1118.561768	1118.627686	100	250
65	Waveform 1	1	1126.537842	1126.801514	50	200
65	Spectrogram 1	1	1126.537842	1126.801514	50	200
66	Waveform 1	1	1139.853271	1139.985107	75	200
66	Spectrogram 1	1	1139.853271	1139.985107	75	200
67	Waveform 1	1	1145.785889	1145.917725	75	250
67	Spectrogram 1	1	1145.785889	1145.917725	75	250
68	Waveform 1	1	1146.181396	1146.445068	25	175
68	Spectrogram 1	1	1146.181396	1146.445068	25	175
70	Waveform 1	1	1190.610107	1190.676025	125	250
70	Spectrogram 1	1	1190.610107	1190.676025	125	250
71	Waveform 1	1	1195.553955	1195.751709	25	150
71	Spectrogram 1	1	1195.553955	1195.751709	25	150
72	Waveform 1	1	1197.135986	1197.267822	50	225
72	Spectrogram 1	1	1197.135986	1197.267822	50	225
73	Waveform 1	1	1208.342041	1208.737549	75	250
73	Spectrogram 1	1	1208.342041	1208.737549	75	250
74	Waveform 1	1	1209.396729	1209.6604	25	150
74	Spectrogram 1	1	1209.396729	1209.6604	25	150
76	Waveform 1	1	1226.271729	1226.469482	50	175
76	Spectrogram 1	1	1226.271729	1226.469482	50	175
77	Waveform 1	1	1227.919678	1228.051514	50	175
77	Spectrogram 1	1	1227.919678	1228.051514	50	175
78	Waveform 1	1	1248.683838	1248.749756	125	250
78	Spectrogram 1	1	1248.683838	1248.749756	125	250
79	Waveform 1	1	1261.93335	1262.065186	50	200
79	Spectrogram 1	1	1261.93335	1262.065186	50	200
80	Waveform 1	1	1265.031494	1265.097412	25	250
80	Spectrogram 1	1	1265.031494	1265.097412	25	250
81	Waveform 1	1	1277.094482	1277.1604	75	250
81	Spectrogram 1	1	1277.094482	1277.1604	75	250
82	Waveform 1	1	1290.607666	1290.673584	100	250
82	Spectrogram 1	1	1290.607666	1290.673584	100	250
83	Waveform 1	1	1292.519287	1292.980713	50	250
83	Spectrogram 1	1	1292.519287	1292.980713	50	250
84	Waveform 1	1	1315.063232	1315.12915	75	250
84	Spectrogram 1	1	1315.063232	1315.12915	75	250
85	Waveform 1	1	1322.446045	1322.511963	125	250
85	Spectrogram 1	1	1322.446045	1322.511963	125	250
86	Waveform 1	1	1326.862549	1327.126221	50	200
86	Spectrogram 1	1	1326.862549	1327.126221	50	200
87	Waveform 1	1	1328.312744	1328.576416	25	250
87	Spectrogram 1	1	1328.312744	1328.576416	25	250
88	Waveform 1	1	1336.55249	1336.618408	0	200
88	Spectrogram 1	1	1336.55249	1336.618408	0	200
89	Waveform 1	1	1353.0979	1353.163818	125	250
89	Spectrogram 1	1	1353.0979	1353.163818	125	250
90	Waveform 1	1	1384.079346	1384.2771	25	175
90	Spectrogram 1	1	1384.079346	1384.2771	25	175
91	Waveform 1	1	1387.375244	1387.50708	25	175
91	Spectrogram 1	1	1387.375244	1387.50708	25	175
92	Waveform 1	1	1393.505615	1393.571533	125	250
92	Spectrogram 1	1	1393.505615	1393.571533	125	250
93	Waveform 1	1	1399.042725	1399.306396	25	225
93	Spectrogram 1	1	1399.042725	1399.306396	25	225
94	Waveform 1	1	1413.742432	1413.80835	25	250
94	Spectrogram 1	1	1413.742432	1413.80835	25	250
95	Waveform 1	1	1417.499756	1417.631592	25	225
95	Spectrogram 1	1	1417.499756	1417.631592	25	225
97	Waveform 1	1	1435.627197	1435.824951	25	225
97	Spectrogram 1	1	1435.627197	1435.824951	25	225
98	Waveform 1	1	1454.084229	1454.216064	25	200
98	Spectrogram 1	1	1454.084229	1454.216064	25	200
99	Waveform 1	1	1459.819092	1460.280518	25	225
99	Spectrogram 1	1	1459.819092	1460.280518	25	225
100	Waveform 1	1	1463.77417	1463.971924	25	175
100	Spectrogram 1	1	1463.77417	1463.971924	25	175
101	Waveform 1	1	1476.694092	1476.825928	100	250
101	Spectrogram 1	1	1476.694092	1476.825928	100	250
102	Waveform 1	1	1480.781006	1480.97876	100	225
102	Spectrogram 1	1	1480.781006	1480.97876	100	225
103	Waveform 1	1	1484.53833	1484.670166	100	250
103	Spectrogram 1	1	1484.53833	1484.670166	100	250
104	Waveform 1	1	1487.966064	1488.0979	50	200
104	Spectrogram 1	1	1487.966064	1488.0979	50	200
105	Waveform 1	1	1499.699463	1499.897217	50	225
105	Spectrogram 1	1	1499.699463	1499.897217	50	225
107	Waveform 1	1	1512.948975	1513.014893	0	250
107	Spectrogram 1	1	1512.948975	1513.014893	0	250
108	Waveform 1	1	1516.706299	1516.772217	100	250
108	Spectrogram 1	1	1516.706299	1516.772217	100	250
109	Waveform 1	1	1523.627686	1523.693604	100	250
109	Spectrogram 1	1	1523.627686	1523.693604	100	250
110	Waveform 1	1	1525.671143	1525.737061	125	250
110	Spectrogram 1	1	1525.671143	1525.737061	125	250
111	Waveform 1	1	1528.176025	1528.241943	75	250
111	Spectrogram 1	1	1528.176025	1528.241943	75	250
112	Waveform 1	1	1529.560303	1529.626221	125	250
112	Spectrogram 1	1	1529.560303	1529.626221	125	250
113	Waveform 1	1	1550.060791	1550.126709	100	250
113	Spectrogram 1	1	1550.060791	1550.126709	100	250
114	Waveform 1	1	1558.102783	1558.234619	100	250
114	Spectrogram 1	1	1558.102783	1558.234619	100	250
115	Waveform 1	1	1568.25415	1568.320068	100	250
115	Spectrogram 1	1	1568.25415	1568.320068	100	250
116	Waveform 1	1	1575.834717	1575.900635	125	250
116	Spectrogram 1	1	1575.834717	1575.900635	125	250
117	Waveform 1	1	1590.99585	1591.061768	0	250
117	Spectrogram 1	1	1590.99585	1591.061768	0	250
118	Waveform 1	1	1619.802002	1619.86792	125	250
118	Spectrogram 1	1	1619.802002	1619.86792	125	250
119	Waveform 1	1	1621.054443	1621.120361	100	225
119	Spectrogram 1	1	1621.054443	1621.120361	100	225
120	Waveform 1	1	1626.064209	1626.130127	100	250
120	Spectrogram 1	1	1626.064209	1626.130127	100	250
121	Waveform 1	1	1636.74292	1636.808838	125	250
121	Spectrogram 1	1	1636.74292	1636.808838	125	250
122	Waveform 1	1	1637.138428	1637.270264	125	250
122	Spectrogram 1	1	1637.138428	1637.270264	125	250
123	Waveform 1	1	1637.863525	1637.929443	125	250
123	Spectrogram 1	1	1637.863525	1637.929443	125	250
124	Waveform 1	1	1644.916748	1644.982666	0	250
124	Spectrogram 1	1	1644.916748	1644.982666	0	250
125	Waveform 1	1	1645.575928	1645.707764	125	250
125	Spectrogram 1	1	1645.575928	1645.707764	125	250
126	Waveform 1	1	1652.695068	1652.760986	25	175
126	Spectrogram 1	1	1652.695068	1652.760986	25	175
127	Waveform 1	1	1661.528076	1661.791748	75	250
127	Spectrogram 1	1	1661.528076	1661.791748	75	250
129	Waveform 1	1	1696.926025	1696.991943	100	250
129	Spectrogram 1	1	1696.926025	1696.991943	100	250
130	Waveform 1	1	1713.801025	1713.998779	50	200
130	Spectrogram 1	1	1713.801025	1713.998779	50	200
131	Waveform 1	1	1715.448975	1715.580811	75	225
131	Spectrogram 1	1	1715.448975	1715.580811	75	225
132	Waveform 1	1	1722.831787	1723.029541	25	200
132	Spectrogram 1	1	1722.831787	1723.029541	25	200
133	Waveform 1	1	1754.274658	1754.472412	125	250
133	Spectrogram 1	1	1754.274658	1754.472412	125	250
134	Waveform 1	1	1765.348877	1765.414795	100	250
134	Spectrogram 1	1	1765.348877	1765.414795	100	250
135	Waveform 1	1	1790.397705	1790.990967	25	150
135	Spectrogram 1	1	1790.397705	1790.990967	25	150
136	Waveform 1	1	1791.8479	1791.979736	100	250
136	Spectrogram 1	1	1791.8479	1791.979736	100	250
137	Waveform 1	1	1803.317627	1803.383545	100	250
137	Spectrogram 1	1	1803.317627	1803.383545	100	250
138	Waveform 1	1	1806.811279	1806.877197	75	250
138	Spectrogram 1	1	1806.811279	1806.877197	75	250
139	Waveform 1	1	1807.404541	1807.470459	125	250
139	Spectrogram 1	1	1807.404541	1807.470459	125	250
140	Waveform 1	1	1810.04126	1810.304932	100	250
140	Spectrogram 1	1	1810.04126	1810.304932	100	250
141	Waveform 1	1	1818.412842	1818.47876	75	225
141	Spectrogram 1	1	1818.412842	1818.47876	75	225
142	Waveform 1	1	1819.335693	1819.467529	75	250
142	Spectrogram 1	1	1819.335693	1819.467529	75	250
143	Waveform 1	1	1838.188232	1838.25415	75	250
143	Spectrogram 1	1	1838.188232	1838.25415	75	250
144	Waveform 1	1	1843.725342	1843.857178	75	250
144	Spectrogram 1	1	1843.725342	1843.857178	75	250
145	Waveform 1	1	1932.450928	1932.582764	100	250
145	Spectrogram 1	1	1932.450928	1932.582764	100	250
146	Waveform 1	1	1957.03833	1957.104248	50	225
146	Spectrogram 1	1	1957.03833	1957.104248	50	225
147	Waveform 1	1	1968.837646	1968.903564	50	250
147	Spectrogram 1	1	1968.837646	1968.903564	50	250
150	Waveform 1	1	2008.6521	2008.915771	100	250
150	Spectrogram 1	1	2008.6521	2008.915771	100	250
151	Waveform 1	1	2017.946533	2018.012451	125	250
151	Spectrogram 1	1	2017.946533	2018.012451	125	250
152	Waveform 1	1	2025.593018	2025.658936	125	250
152	Spectrogram 1	1	2025.593018	2025.658936	125	250
153	Waveform 1	1	2039.501709	2039.963135	25	150
153	Spectrogram 1	1	2039.501709	2039.963135	25	150
154	Waveform 1	1	2051.037354	2051.103271	100	250
154	Spectrogram 1	1	2051.037354	2051.103271	100	250
155	Waveform 1	1	2055.849365	2055.915283	25	250
155	Spectrogram 1	1	2055.849365	2055.915283	25	250
156	Waveform 1	1	2071.406006	2071.537842	75	250
156	Spectrogram 1	1	2071.406006	2071.537842	75	250
157	Waveform 1	1	2072.460693	2072.724365	25	250
157	Spectrogram 1	1	2072.460693	2072.724365	25	250
159	Waveform 1	1	2106.738037	2106.803955	100	250
159	Spectrogram 1	1	2106.738037	2106.803955	100	250
160	Waveform 1	1	2110.561279	2110.627197	125	250
160	Spectrogram 1	1	2110.561279	2110.627197	125	250
161	Waveform 1	1	2113.659424	2113.989014	50	175
161	Spectrogram 1	1	2113.659424	2113.989014	50	175
162	Waveform 1	1	2119.723877	2119.789795	100	250
162	Spectrogram 1	1	2119.723877	2119.789795	100	250
163	Waveform 1	1	2120.580811	2120.646729	100	225
163	Spectrogram 1	1	2120.580811	2120.646729	100	225
164	Waveform 1	1	2129.281982	2129.3479	50	250
164	Spectrogram 1	1	2129.281982	2129.3479	50	250
165	Waveform 1	1	2136.730713	2136.796631	100	225
165	Spectrogram 1	1	2136.730713	2136.796631	100	225
166	Waveform 1	1	2144.970459	2145.036377	25	175
166	Spectrogram 1	1	2144.970459	2145.036377	25	175
167	Waveform 1	1	2174.963135	2175.094971	75	250
167	Spectrogram 1	1	2174.963135	2175.094971	75	250
168	Waveform 1	1	2177.863525	2177.929443	75	250
168	Spectrogram 1	1	2177.863525	2177.929443	75	250
169	Waveform 1	1	2179.577393	2179.643311	75	225
169	Spectrogram 1	1	2179.577393	2179.643311	75	225
170	Waveform 1	1	2182.609619	2183.202881	75	250
170	Spectrogram 1	1	2182.609619	2183.202881	75	250
171	Waveform 1	1	2193.420166	2193.486084	100	250
171	Spectrogram 1	1	2193.420166	2193.486084	100	250
172	Waveform 1	1	2200.605225	2200.671143	100	250
172	Spectrogram 1	1	2200.605225	2200.671143	100	250
173	Waveform 1	1	2208.251709	2208.317627	75	225
173	Spectrogram 1	1	2208.251709	2208.317627	75	225
174	Waveform 1	1	2222.292236	2222.358154	50	225
174	Spectrogram 1	1	2222.292236	2222.358154	50	225
175	Waveform 1	1	2227.961182	2228.093018	125	250
175	Spectrogram 1	1	2227.961182	2228.093018	125	250
176	Waveform 1	1	2235.014404	2235.080322	125	250
176	Spectrogram 1	1	2235.014404	2235.080322	125	250
177	Waveform 1	1	2235.47583	2235.607666	50	200
177	Spectrogram 1	1	2235.47583	2235.607666	50	200
178	Waveform 1	1	2242.529053	2242.594971	100	225
178	Spectrogram 1	1	2242.529053	2242.594971	100	225
179	Waveform 1	1	2245.099854	2245.165771	75	250
179	Spectrogram 1	1	2245.099854	2245.165771	75	250
180	Waveform 1	1	2253.207764	2253.273682	75	250
180	Spectrogram 1	1	2253.207764	2253.273682	75	250
181	Waveform 1	1	2255.053467	2255.119385	25	250
181	Spectrogram 1	1	2255.053467	2255.119385	25	250
182	Waveform 1	1	2256.701416	2256.767334	100	250
182	Spectrogram 1	1	2256.701416	2256.767334	100	250
183	Waveform 1	1	2257.162842	2257.22876	50	250
183	Spectrogram 1	1	2257.162842	2257.22876	50	250
184	Waveform 1	1	2258.217529	2258.283447	50	250
184	Spectrogram 1	1	2258.217529	2258.283447	50	250
185	Waveform 1	1	2258.547119	2258.613037	100	225
185	Spectrogram 1	1	2258.547119	2258.613037	100	225
186	Waveform 1	1	2260.45874	2260.524658	75	250
186	Spectrogram 1	1	2260.45874	2260.524658	75	250
187	Waveform 1	1	2261.11792	2261.183838	50	200
187	Spectrogram 1	1	2261.11792	2261.183838	50	200
188	Waveform 1	1	2281.420654	2281.55249	75	225
188	Spectrogram 1	1	2281.420654	2281.55249	75	225
189	Waveform 1	1	2283.398193	2283.464111	125	250
189	Spectrogram 1	1	2283.398193	2283.464111	125	250
190	Waveform 1	1	2291.572021	2291.703857	75	250
190	Spectrogram 1	1	2291.572021	2291.703857	75	250
191	Waveform 1	1	2293.483643	2293.549561	75	250
191	Spectrogram 1	1	2293.483643	2293.549561	75	250
192	Waveform 1	1	2306.5354	2306.601318	25	250
192	Spectrogram 1	1	2306.5354	2306.601318	25	250
193	Waveform 1	1	2310.885986	2311.08374	75	250
193	Spectrogram 1	1	2310.885986	2311.08374	75	250
194	Waveform 1	1	2317.345947	2317.411865	75	250
194	Spectrogram 1	1	2317.345947	2317.411865	75	250
195	Waveform 1	1	2324.992432	2325.05835	50	250
195	Spectrogram 1	1	2324.992432	2325.05835	50	250
196	Waveform 1	1	2327.95874	2328.090576	75	200
196	Spectrogram 1	1	2327.95874	2328.090576	75	200
197	Waveform 1	1	2328.683838	2328.749756	75	200
197	Spectrogram 1	1	2328.683838	2328.749756	75	200
198	Waveform 1	1	2329.474854	2329.540771	0	175
198	Spectrogram 1	1	2329.474854	2329.540771	0	175
199	Waveform 1	1	2355.248779	2355.314697	75	200
199	Spectrogram 1	1	2355.248779	2355.314697	75	200
200	Waveform 1	1	2362.104248	2362.236084	50	250
200	Spectrogram 1	1	2362.104248	2362.236084	50	250
201	Waveform 1	1	2367.24585	2367.311768	100	225
201	Spectrogram 1	1	2367.24585	2367.311768	100	225
202	Waveform 1	1	2368.893799	2368.959717	0	250
202	Spectrogram 1	1	2368.893799	2368.959717	0	250
203	Waveform 1	1	2377.594971	2377.660889	25	250
203	Spectrogram 1	1	2377.594971	2377.660889	25	250
204	Waveform 1	1	2378.451904	2378.517822	75	225
204	Spectrogram 1	1	2378.451904	2378.517822	75	225
205	Waveform 1	1	2379.177002	2379.24292	75	200
205	Spectrogram 1	1	2379.177002	2379.24292	75	200
206	Waveform 1	1	2397.304443	2397.370361	50	200
206	Spectrogram 1	1	2397.304443	2397.370361	50	200
207	Waveform 1	1	2422.287354	2422.419189	50	175
207	Spectrogram 1	1	2422.287354	2422.419189	50	175
208	Waveform 1	1	2432.636475	2432.702393	75	225
208	Spectrogram 1	1	2432.636475	2432.702393	75	225
209	Waveform 1	1	2437.382568	2437.448486	50	250
209	Spectrogram 1	1	2437.382568	2437.448486	50	250
210	Waveform 1	1	2441.5354	2441.601318	50	250
210	Spectrogram 1	1	2441.5354	2441.601318	50	250
211	Waveform 1	1	2458.4104	2458.476318	75	250
211	Spectrogram 1	1	2458.4104	2458.476318	75	250
212	Waveform 1	1	2472.7146	2472.780518	25	225
212	Spectrogram 1	1	2472.7146	2472.780518	25	225
213	Waveform 1	1	2477.131104	2477.197021	50	250
213	Spectrogram 1	1	2477.131104	2477.197021	50	250
214	Waveform 1	1	2512.594971	2512.660889	50	175
214	Spectrogram 1	1	2512.594971	2512.660889	50	175
215	Waveform 1	1	2517.736572	2517.868408	25	200
215	Spectrogram 1	1	2517.736572	2517.868408	25	200
216	Waveform 1	1	2525.053467	2525.119385	75	225
216	Spectrogram 1	1	2525.053467	2525.119385	75	225
217	Waveform 1	1	2535.600342	2535.732178	100	225
217	Spectrogram 1	1	2535.600342	2535.732178	100	225
218	Waveform 1	1	2551.091064	2551.156982	75	225
218	Spectrogram 1	1	2551.091064	2551.156982	75	225
219	Waveform 1	1	2552.475342	2552.54126	0	150
219	Spectrogram 1	1	2552.475342	2552.54126	0	150
220	Waveform 1	1	2552.54126	2552.673096	25	250
220	Spectrogram 1	1	2552.54126	2552.673096	25	250
221	Waveform 1	1	2557.946533	2558.012451	25	250
221	Spectrogram 1	1	2557.946533	2558.012451	25	250
222	Waveform 1	1	2558.342041	2558.407959	100	250
222	Spectrogram 1	1	2558.342041	2558.407959	100	250
223	Waveform 1	1	2570.405029	2570.470947	75	225
223	Spectrogram 1	1	2570.405029	2570.470947	75	225
224	Waveform 1	1	2570.470947	2570.536865	25	250
224	Spectrogram 1	1	2570.470947	2570.536865	25	250
225	Waveform 1	1	2577.260498	2577.326416	75	225
225	Spectrogram 1	1	2577.260498	2577.326416	75	225
226	Waveform 1	1	2577.787842	2577.85376	25	175
226	Spectrogram 1	1	2577.787842	2577.85376	25	175
227	Waveform 1	1	2578.578857	2578.644775	50	225
227	Spectrogram 1	1	2578.578857	2578.644775	50	225
228	Waveform 1	1	2583.984131	2584.050049	100	250
228	Spectrogram 1	1	2583.984131	2584.050049	100	250
229	Waveform 1	1	2593.542236	2593.608154	100	225
229	Spectrogram 1	1	2593.542236	2593.608154	100	225
230	Waveform 1	1	2605.473389	2605.605225	25	250
230	Spectrogram 1	1	2605.473389	2605.605225	25	250
231	Waveform 1	1	2626.171631	2626.237549	25	250
231	Spectrogram 1	1	2626.171631	2626.237549	25	250
232	Waveform 1	1	2626.567139	2626.633057	100	225
232	Spectrogram 1	1	2626.567139	2626.633057	100	225
233	Waveform 1	1	2637.641357	2637.707275	25	250
233	Spectrogram 1	1	2637.641357	2637.707275	25	250
234	Waveform 1	1	2639.552979	2639.618896	50	250
234	Spectrogram 1	1	2639.552979	2639.618896	50	250
235	Waveform 1	1	2643.046631	2643.112549	75	200
235	Spectrogram 1	1	2643.046631	2643.112549	75	200
236	Waveform 1	1	2646.803955	2647.331299	25	225
236	Spectrogram 1	1	2646.803955	2647.331299	25	225
238	Waveform 1	1	2669.809326	2670.138916	25	250
238	Spectrogram 1	1	2669.809326	2670.138916	25	250
239	Waveform 1	1	2692.419189	2692.485107	25	225
239	Spectrogram 1	1	2692.419189	2692.485107	25	225
240	Waveform 1	1	2703.229736	2703.295654	100	225
240	Spectrogram 1	1	2703.229736	2703.295654	100	225
241	Waveform 1	1	2716.08374	2716.215576	75	200
241	Spectrogram 1	1	2716.08374	2716.215576	75	200
242	Waveform 1	1	2724.257568	2724.389404	25	150
242	Spectrogram 1	1	2724.257568	2724.389404	25	150
243	Waveform 1	1	2733.749756	2733.881592	25	250
243	Spectrogram 1	1	2733.749756	2733.881592	25	250
244	Waveform 1	1	2734.474854	2734.540771	25	200
244	Spectrogram 1	1	2734.474854	2734.540771	25	200
245	Waveform 1	1	2745.2854	2745.417236	0	250
245	Spectrogram 1	1	2745.2854	2745.417236	0	250
246	Waveform 1	1	2746.406006	2746.471924	50	250
246	Spectrogram 1	1	2746.406006	2746.471924	50	250
247	Waveform 1	1	2757.282471	2757.414307	100	250
247	Spectrogram 1	1	2757.282471	2757.414307	100	250
248	Waveform 1	1	2759.985107	2760.116943	100	225
248	Spectrogram 1	1	2759.985107	2760.116943	100	225
249	Waveform 1	1	2762.028564	2762.094482	0	175
249	Spectrogram 1	1	2762.028564	2762.094482	0	175
250	Waveform 1	1	2769.609131	2769.675049	50	250
250	Spectrogram 1	1	2769.609131	2769.675049	50	250
251	Waveform 1	1	2794.921631	2794.987549	25	250
251	Spectrogram 1	1	2794.921631	2794.987549	25	250
253	Waveform 1	1	2810.939697	2811.005615	0	225
253	Spectrogram 1	1	2810.939697	2811.005615	0	225
254	Waveform 1	1	2819.443115	2819.509033	75	200
254	Spectrogram 1	1	2819.443115	2819.509033	75	200
255	Waveform 1	1	2820.431885	2820.497803	50	200
255	Spectrogram 1	1	2820.431885	2820.497803	50	200
256	Waveform 1	1	2825.44165	2825.705322	50	175
256	Spectrogram 1	1	2825.44165	2825.705322	50	175
257	Waveform 1	1	2829.858154	2829.98999	75	250
257	Spectrogram 1	1	2829.858154	2829.98999	75	250
258	Waveform 1	1	2832.165283	2832.231201	25	250
258	Spectrogram 1	1	2832.165283	2832.231201	25	250
259	Waveform 1	1	2857.411865	2857.477783	75	200
259	Spectrogram 1	1	2857.411865	2857.477783	75	200
260	Waveform 1	1	2862.685303	2862.817139	100	225
260	Spectrogram 1	1	2862.685303	2862.817139	100	225
261	Waveform 1	1	2866.640381	2866.706299	75	225
261	Spectrogram 1	1	2866.640381	2866.706299	75	225
262	Waveform 1	1	2869.408936	2869.474854	75	250
262	Spectrogram 1	1	2869.408936	2869.474854	75	250
263	Waveform 1	1	2877.253174	2877.319092	75	250
263	Spectrogram 1	1	2877.253174	2877.319092	75	250
264	Waveform 1	1	2889.71167	2889.777588	75	225
264	Spectrogram 1	1	2889.71167	2889.777588	75	225
265	Waveform 1	1	2894.194092	2894.26001	125	250
265	Spectrogram 1	1	2894.194092	2894.26001	125	250
266	Waveform 1	1	2915.156006	2915.221924	100	250
266	Spectrogram 1	1	2915.156006	2915.221924	100	250
267	Waveform 1	1	2952.531494	2952.597412	25	250
267	Spectrogram 1	1	2952.531494	2952.597412	25	250
268	Waveform 1	1	2965.846924	2966.044678	25	200
268	Spectrogram 1	1	2965.846924	2966.044678	25	200
269	Waveform 1	1	2992.609619	2992.675537	25	225
269	Spectrogram 1	1	2992.609619	2992.675537	25	225
271	Waveform 1	1	3033.14917	3033.215088	100	225
271	Spectrogram 1	1	3033.14917	3033.215088	100	225
272	Waveform 1	1	3037.36792	3037.433838	25	250
272	Spectrogram 1	1	3037.36792	3037.433838	25	250
273	Waveform 1	1	3038.422607	3038.554443	50	225
273	Spectrogram 1	1	3038.422607	3038.554443	50	225
274	Waveform 1	1	3054.770264	3054.836182	25	250
274	Spectrogram 1	1	3054.770264	3054.836182	25	250
276	Waveform 1	1	3077.775635	3078.039307	50	175
276	Spectrogram 1	1	3077.775635	3078.039307	50	175
277	Waveform 1	1	3104.274658	3104.53833	50	175
277	Spectrogram 1	1	3104.274658	3104.53833	50	175
278	Waveform 1	1	3113.239502	3113.30542	75	225
278	Spectrogram 1	1	3113.239502	3113.30542	75	225
279	Waveform 1	1	3140.990967	3141.122803	75	225
279	Spectrogram 1	1	3140.990967	3141.122803	75	225
280	Waveform 1	1	3165.710205	3165.776123	75	225
280	Spectrogram 1	1	3165.710205	3165.776123	75	225
281	Waveform 1	1	3177.905029	3177.970947	75	200
281	Spectrogram 1	1	3177.905029	3177.970947	75	200
282	Waveform 1	1	3187.792725	3187.858643	100	225
282	Spectrogram 1	1	3187.792725	3187.858643	100	225
283	Waveform 1	1	3221.081299	3221.213135	25	250
283	Spectrogram 1	1	3221.081299	3221.213135	25	250
284	Waveform 1	1	3223.981689	3224.047607	75	250
284	Spectrogram 1	1	3223.981689	3224.047607	75	250
285	Waveform 1	1	3225.036377	3225.102295	125	250
285	Spectrogram 1	1	3225.036377	3225.102295	125	250
286	Waveform 1	1	3228.002686	3228.068604	25	150
286	Spectrogram 1	1	3228.002686	3228.068604	25	150
287	Waveform 1	1	3232.748779	3232.814697	25	150
287	Spectrogram 1	1	3232.748779	3232.814697	25	150
288	Waveform 1	1	3233.605713	3233.671631	100	250
288	Spectrogram 1	1	3233.605713	3233.671631	100	250
289	Waveform 1	1	3234.726318	3234.858154	25	225
289	Spectrogram 1	1	3234.726318	3234.858154	25	225
290	Waveform 1	1	3239.736084	3239.802002	25	225
290	Spectrogram 1	1	3239.736084	3239.802002	25	225
291	Waveform 1	1	3240.856689	3240.988525	0	150
291	Spectrogram 1	1	3240.856689	3240.988525	0	150
292	Waveform 1	1	3243.625244	3243.691162	25	200
292	Spectrogram 1	1	3243.625244	3243.691162	25	200
293	Waveform 1	1	3251.5354	3251.601318	25	225
293	Spectrogram 1	1	3251.5354	3251.601318	25	225
294	Waveform 1	1	3260.170654	3260.236572	50	225
294	Spectrogram 1	1	3260.170654	3260.236572	50	225
295	Waveform 1	1	3262.807373	3263.202881	0	175
295	Spectrogram 1	1	3262.807373	3263.202881	0	175
296	Waveform 1	1	3267.817139	3267.883057	25	250
296	Spectrogram 1	1	3267.817139	3267.883057	25	250
297	Waveform 1	1	3276.716064	3276.8479	25	250
297	Spectrogram 1	1	3276.716064	3276.8479	25	250
298	Waveform 1	1	3282.253174	3282.38501	100	225
298	Spectrogram 1	1	3282.253174	3282.38501	100	225
299	Waveform 1	1	3292.470459	3292.536377	75	250
299	Spectrogram 1	1	3292.470459	3292.536377	75	250
300	Waveform 1	1	3326.945557	3327.011475	100	225
300	Spectrogram 1	1	3326.945557	3327.011475	100	225
301	Waveform 1	1	3328.000244	3328.263916	0	225
301	Spectrogram 1	1	3328.000244	3328.263916	0	225
302	Waveform 1	1	3329.845947	3329.977783	50	250
302	Spectrogram 1	1	3329.845947	3329.977783	50	250
303	Waveform 1	1	3341.381592	3341.44751	25	250
303	Spectrogram 1	1	3341.381592	3341.44751	25	250
304	Waveform 1	1	3345.33667	3345.534424	75	225
304	Spectrogram 1	1	3345.33667	3345.534424	75	225
305	Waveform 1	1	3352.258057	3352.323975	25	150
305	Spectrogram 1	1	3352.258057	3352.323975	25	150
306	Waveform 1	1	3361.2229	3361.684326	25	200
306	Spectrogram 1	1	3361.2229	3361.684326	25	200
307	Waveform 1	1	3379.284424	3379.350342	50	250
307	Spectrogram 1	1	3379.284424	3379.350342	50	250
308	Waveform 1	1	3382.250732	3382.31665	25	250
308	Spectrogram 1	1	3382.250732	3382.31665	25	250
309	Waveform 1	1	3385.151123	3385.282959	25	250
309	Spectrogram 1	1	3385.151123	3385.282959	25	250
310	Waveform 1	1	3391.545166	3391.677002	75	225
310	Spectrogram 1	1	3391.545166	3391.677002	75	225
311	Waveform 1	1	3407.167725	3407.233643	75	200
311	Spectrogram 1	1	3407.167725	3407.233643	75	200
312	Waveform 1	1	3409.408936	3409.474854	25	150
312	Spectrogram 1	1	3409.408936	3409.474854	25	150
313	Waveform 1	1	3413.429932	3413.561768	25	250
313	Spectrogram 1	1	3413.429932	3413.561768	25	250
314	Waveform 1	1	3456.408447	3456.474365	50	225
314	Spectrogram 1	1	3456.408447	3456.474365	50	225
315	Waveform 1	1	3472.426514	3472.492432	50	225
315	Spectrogram 1	1	3472.426514	3472.492432	50	225
316	Waveform 1	1	3479.545654	3479.611572	100	225
316	Spectrogram 1	1	3479.545654	3479.611572	100	225
317	Waveform 1	1	3480.138916	3480.204834	25	225
317	Spectrogram 1	1	3480.138916	3480.204834	25	225
318	Waveform 1	1	3480.864014	3480.929932	50	200
318	Spectrogram 1	1	3480.864014	3480.929932	50	200
319	Waveform 1	1	3482.314209	3482.380127	25	200
319	Spectrogram 1	1	3482.314209	3482.380127	25	200
320	Waveform 1	1	3482.577881	3482.841553	0	225
320	Spectrogram 1	1	3482.577881	3482.841553	0	225
321	Waveform 1	1	3484.55542	3484.621338	25	250
321	Spectrogram 1	1	3484.55542	3484.621338	25	250
322	Waveform 1	1	3490.422119	3490.488037	25	200
322	Spectrogram 1	1	3490.422119	3490.488037	25	200
323	Waveform 1	1	3491.476807	3491.542725	75	250
323	Spectrogram 1	1	3491.476807	3491.542725	75	250
324	Waveform 1	1	3493.586182	3493.6521	50	175
324	Spectrogram 1	1	3493.586182	3493.6521	50	175
325	Waveform 1	1	3498.793701	3498.859619	100	225
325	Spectrogram 1	1	3498.793701	3498.859619	100	225
326	Waveform 1	1	3515.866455	3515.932373	25	250
326	Spectrogram 1	1	3515.866455	3515.932373	25	250
327	Waveform 1	1	3521.403564	3521.469482	0	250
327	Spectrogram 1	1	3521.403564	3521.469482	0	250
328	Waveform 1	1	3527.4021	3527.468018	50	225
328	Spectrogram 1	1	3527.4021	3527.468018	50	225
329	Waveform 1	1	3528.259033	3528.324951	25	250
329	Spectrogram 1	1	3528.259033	3528.324951	25	250
330	Waveform 1	1	3529.9729	3530.104736	50	200
330	Spectrogram 1	1	3529.9729	3530.104736	50	200
331	Waveform 1	1	3532.214111	3532.280029	25	200
331	Spectrogram 1	1	3532.214111	3532.280029	25	200
332	Waveform 1	1	3543.486084	3543.552002	25	175
332	Spectrogram 1	1	3543.486084	3543.552002	25	175
333	Waveform 1	1	3545.134033	3545.265869	25	250
333	Spectrogram 1	1	3545.134033	3545.265869	25	250
334	Waveform 1	1	3546.716064	3546.781982	50	225
334	Spectrogram 1	1	3546.716064	3546.781982	50	225
335	Waveform 1	1	3550.209717	3550.275635	50	225
335	Spectrogram 1	1	3550.209717	3550.275635	50	225
336	Waveform 1	1	3551.330322	3551.593994	75	200
336	Spectrogram 1	1	3551.330322	3551.593994	75	200
337	Waveform 1	1	3562.074951	3562.272705	50	175
337	Spectrogram 1	1	3562.074951	3562.272705	50	175
338	Waveform 1	1	3575.060791	3575.192627	75	250
338	Spectrogram 1	1	3575.060791	3575.192627	75	250
339	Waveform 1	1	3575.917725	3575.983643	0	250
339	Spectrogram 1	1	3575.917725	3575.983643	0	250
340	Waveform 1	1	3579.345459	3579.543213	25	225
340	Spectrogram 1	1	3579.345459	3579.543213	25	225
341	Waveform 1	1	3584.487061	3584.552979	100	225
341	Spectrogram 1	1	3584.487061	3584.552979	100	225
342	Waveform 1	1	3592.463135	3592.594971	75	200
342	Spectrogram 1	1	3592.463135	3592.594971	75	200
344	Waveform 1	1	3618.171143	3618.302979	25	150
344	Spectrogram 1	1	3618.171143	3618.302979	25	150
345	Waveform 1	1	3620.807861	3620.873779	50	200
345	Spectrogram 1	1	3620.807861	3620.873779	50	200
346	Waveform 1	1	3642.494873	3642.560791	50	250
346	Spectrogram 1	1	3642.494873	3642.560791	50	250
347	Waveform 1	1	3668.466553	3668.532471	75	200
347	Spectrogram 1	1	3668.466553	3668.532471	75	200
348	Waveform 1	1	3671.762451	3671.828369	75	250
348	Spectrogram 1	1	3671.762451	3671.828369	75	250
349	Waveform 1	1	3672.883057	3672.948975	75	200
349	Spectrogram 1	1	3672.883057	3672.948975	75	200
350	Waveform 1	1	3734.516357	3734.648193	25	150
350	Spectrogram 1	1	3734.516357	3734.648193	25	150
351	Waveform 1	1	3734.977783	3735.175537	0	150
351	Spectrogram 1	1	3734.977783	3735.175537	0	150
352	Waveform 1	1	3779.670166	3779.736084	100	250
352	Spectrogram 1	1	3779.670166	3779.736084	100	250
353	Waveform 1	1	3794.567627	3794.633545	100	250
353	Spectrogram 1	1	3794.567627	3794.633545	100	250
358	Waveform 1	1	3852.839111	3852.970947	75	250
358	Spectrogram 1	1	3852.839111	3852.970947	75	250
359	Waveform 1	1	3869.714111	3869.780029	125	250
359	Spectrogram 1	1	3869.714111	3869.780029	125	250
360	Waveform 1	1	3870.505127	3870.702881	25	150
360	Spectrogram 1	1	3870.505127	3870.702881	25	150
361	Waveform 1	1	3878.019775	3878.085693	75	250
361	Spectrogram 1	1	3878.019775	3878.085693	75	250
362	Waveform 1	1	3950.397705	3950.463623	75	250
362	Spectrogram 1	1	3950.397705	3950.463623	75	250
363	Waveform 1	1	4012.55835	4012.756104	0	150
363	Spectrogram 1	1	4012.55835	4012.756104	0	150
364	Waveform 1	1	4021.589111	4021.786865	0	150
364	Spectrogram 1	1	4021.589111	4021.786865	0	150
365	Waveform 1	1	4049.999756	4050.19751	75	225
365	Spectrogram 1	1	4049.999756	4050.19751	75	225
366	Waveform 1	1	4073.005127	4073.136963	50	175
366	Spectrogram 1	1	4073.005127	4073.136963	50	175
367	Waveform 1	1	4107.546143	4107.677979	50	200
367	Spectrogram 1	1	4107.546143	4107.677979	50	200
368	Waveform 1	1	4118.093018	4118.290771	50	200
368	Spectrogram 1	1	4118.093018	4118.290771	50	200
369	Waveform 1	1	4118.752197	4118.818115	50	175
369	Spectrogram 1	1	4118.752197	4118.818115	50	175
370	Waveform 1	1	4119.279541	4119.345459	125	250
370	Spectrogram 1	1	4119.279541	4119.345459	125	250
373	Waveform 1	1	4138.46167	4138.593506	50	250
373	Spectrogram 1	1	4138.46167	4138.593506	50	250
380	Waveform 1	1	4307.87085	4307.936768	75	225
380	Spectrogram 1	1	4307.87085	4307.936768	75	225
384	Waveform 1	1	4355.793213	4356.056885	100	250
384	Spectrogram 1	1	4355.793213	4356.056885	100	250
390	Waveform 1	1	4450.715088	4450.781006	100	225
390	Spectrogram 1	1	4450.715088	4450.781006	100	225
392	Waveform 1	1	4499.955811	4500.087646	100	250
392	Spectrogram 1	1	4499.955811	4500.087646	100	250
395	Waveform 1	1	4668.837646	4668.903564	50	250
395	Spectrogram 1	1	4668.837646	4668.903564	50	250
396	Waveform 1	1	4717.221436	4717.287354	25	225
396	Spectrogram 1	1	4717.221436	4717.287354	25	225
398	Waveform 1	1	4773.647217	4773.713135	75	200
398	Spectrogram 1	1	4773.647217	4773.713135	75	200
399	Waveform 1	1	4793.752197	4794.015869	50	225
399	Spectrogram 1	1	4793.752197	4794.015869	50	225
400	Waveform 1	1	4796.125244	4796.322998	50	200
400	Spectrogram 1	1	4796.125244	4796.322998	50	200
401	Waveform 1	1	4799.618896	4799.684814	50	250
401	Spectrogram 1	1	4799.618896	4799.684814	50	250
402	Waveform 1	1	4843.783936	4843.849854	25	200
402	Spectrogram 1	1	4843.783936	4843.849854	25	200
403	Waveform 1	1	4850.705322	4850.77124	50	225
403	Spectrogram 1	1	4850.705322	4850.77124	50	225
404	Waveform 1	1	4856.176514	4856.30835	50	200
404	Spectrogram 1	1	4856.176514	4856.30835	50	200
405	Waveform 1	1	4863.954834	4864.020752	100	225
405	Spectrogram 1	1	4863.954834	4864.020752	100	225
406	Waveform 1	1	4872.062744	4872.19458	25	150
406	Spectrogram 1	1	4872.062744	4872.19458	25	150
407	Waveform 1	1	4881.818604	4881.884521	25	200
407	Spectrogram 1	1	4881.818604	4881.884521	25	200
409	Waveform 1	1	4910.888428	4910.954346	50	175
409	Spectrogram 1	1	4910.888428	4910.954346	50	175
410	Waveform 1	1	4940.551514	4940.617432	25	150
410	Spectrogram 1	1	4940.551514	4940.617432	25	150
411	Waveform 1	1	4996.054443	4996.120361	50	175
411	Spectrogram 1	1	4996.054443	4996.120361	50	175
412	Waveform 1	1	5077.463135	5077.529053	0	200
412	Spectrogram 1	1	5077.463135	5077.529053	0	200
413	Waveform 1	1	5078.385986	5078.451904	75	200
413	Spectrogram 1	1	5078.385986	5078.451904	75	200
414	Waveform 1	1	5140.678467	5140.744385	50	175
414	Spectrogram 1	1	5140.678467	5140.744385	50	175
415	Waveform 1	1	5328.281006	5328.346924	25	175
415	Spectrogram 1	1	5328.281006	5328.346924	25	175
416	Waveform 1	1	5338.761963	5338.959717	50	175
416	Spectrogram 1	1	5338.761963	5338.959717	50	175
418	Waveform 1	1	5638.754639	5638.886475	25	250
418	Spectrogram 1	1	5638.754639	5638.886475	25	250
419	Waveform 1	1	5803.483643	5803.87915	25	175
419	Spectrogram 1	1	5803.483643	5803.87915	25	175
420	Waveform 1	1	5822.599854	5822.797607	25	175
420	Spectrogram 1	1	5822.599854	5822.797607	25	175
421	Waveform 1	1	5830.246338	5830.378174	25	200
421	Spectrogram 1	1	5830.246338	5830.378174	25	200
422	Waveform 1	1	5848.571533	5848.703369	25	200
422	Spectrogram 1	1	5848.571533	5848.703369	25	200
423	Waveform 1	1	5850.021729	5850.087646	75	225
423	Spectrogram 1	1	5850.021729	5850.087646	75	225
426	Waveform 1	1	5952.062744	5952.128662	75	250
426	Spectrogram 1	1	5952.062744	5952.128662	75	250
427	Waveform 1	1	5983.241943	5983.439697	25	175
427	Spectrogram 1	1	5983.241943	5983.439697	25	175
428	Waveform 1	1	6010.334229	6010.531982	50	175
428	Spectrogram 1	1	6010.334229	6010.531982	50	175
429	Waveform 1	1	6018.112549	6018.244385	25	200
429	Spectrogram 1	1	6018.112549	6018.244385	25	200
430	Waveform 1	1	6022.067627	6022.463135	50	200
430	Spectrogram 1	1	6022.067627	6022.463135	50	200
431	Waveform 1	1	6067.023682	6067.221436	50	200
431	Spectrogram 1	1	6067.023682	6067.221436	50	200
432	Waveform 1	1	6237.026123	6237.092041	25	250
432	Spectrogram 1	1	6237.026123	6237.092041	25	250
433	Waveform 1	1	6346.647705	6346.713623	50	200
433	Spectrogram 1	1	6346.647705	6346.713623	50	200
434	Waveform 1	1	6436.296143	6436.362061	25	200
434	Spectrogram 1	1	6436.296143	6436.362061	25	200
435	Waveform 1	1	6657.516846	6657.648682	0	250
435	Spectrogram 1	1	6657.516846	6657.648682	0	250
436	Waveform 1	1	6713.415283	6713.481201	25	200
436	Spectrogram 1	1	6713.415283	6713.481201	25	200
437	Waveform 1	1	6786.188721	6786.254639	75	200
437	Spectrogram 1	1	6786.188721	6786.254639	75	200
439	Waveform 1	1	6899.963135	6900.226807	25	250
439	Spectrogram 1	1	6899.963135	6900.226807	25	250
440	Waveform 1	1	6955.5979	6955.663818	75	225
440	Spectrogram 1	1	6955.5979	6955.663818	75	225
441	Waveform 1	1	7203.844971	7203.910889	50	225
441	Spectrogram 1	1	7203.844971	7203.910889	50	225
442	Waveform 1	1	7207.206787	7207.272705	50	175
442	Spectrogram 1	1	7207.206787	7207.272705	50	175
443	Waveform 1	1	7481.359619	7481.425537	75	200
443	Spectrogram 1	1	7481.359619	7481.425537	75	200
444	Waveform 1	1	7676.279053	7676.410889	50	200
444	Spectrogram 1	1	7676.279053	7676.410889	50	200
445	Waveform 1	1	7724.992432	7725.05835	25	250
445	Spectrogram 1	1	7724.992432	7725.05835	25	250
446	Waveform 1	1	7874.098877	7874.164795	25	150
446	Spectrogram 1	1	7874.098877	7874.164795	25	150
447	Waveform 1	1	7906.662354	7906.728271	50	200
447	Spectrogram 1	1	7906.662354	7906.728271	50	200
448	Waveform 1	1	7967.043213	7967.109131	50	250
448	Spectrogram 1	1	7967.043213	7967.109131	50	250
449	Waveform 1	1	7989.718994	7989.85083	0	150
449	Spectrogram 1	1	7989.718994	7989.85083	0	150
450	Waveform 1	1	8008.637451	8008.703369	0	150
450	Spectrogram 1	1	8008.637451	8008.703369	0	150
451	Waveform 1	1	8045.090088	8045.156006	25	200
451	Spectrogram 1	1	8045.090088	8045.156006	25	200
452	Waveform 1	1	8048.056396	8048.25415	50	225
452	Spectrogram 1	1	8048.056396	8048.25415	50	225
453	Waveform 1	1	8054.450439	8054.516357	50	175
453	Spectrogram 1	1	8054.450439	8054.516357	50	175
454	Waveform 1	1	8058.932861	8058.998779	50	175
454	Spectrogram 1	1	8058.932861	8058.998779	50	175
455	Waveform 1	1	8069.809326	8070.00708	75	225
455	Spectrogram 1	1	8069.809326	8070.00708	75	225
456	Waveform 1	1	8099.406494	8099.472412	25	200
456	Spectrogram 1	1	8099.406494	8099.472412	25	200
457	Waveform 1	1	8108.30542	8108.371338	25	225
457	Spectrogram 1	1	8108.30542	8108.371338	25	225
458	Waveform 1	1	8150.229248	8150.295166	50	250
458	Spectrogram 1	1	8150.229248	8150.295166	50	250
459	Waveform 1	1	8162.358154	8162.424072	25	250
459	Spectrogram 1	1	8162.358154	8162.424072	25	250
460	Waveform 1	1	8164.072021	8164.137939	50	200
460	Spectrogram 1	1	8164.072021	8164.137939	50	200
461	Waveform 1	1	8189.977783	8190.043701	25	150
461	Spectrogram 1	1	8189.977783	8190.043701	25	150
462	Waveform 1	1	8194.657959	8194.789795	25	250
462	Spectrogram 1	1	8194.657959	8194.789795	25	250
463	Waveform 1	1	8195.448975	8195.646729	25	250
463	Spectrogram 1	1	8195.448975	8195.646729	25	250
464	Waveform 1	1	8199.338135	8199.404053	25	175
464	Spectrogram 1	1	8199.338135	8199.404053	25	175
465	Waveform 1	1	8201.645264	8201.711182	25	200
465	Spectrogram 1	1	8201.645264	8201.711182	25	200
466	Waveform 1	1	8212.851318	8212.983154	50	250
466	Spectrogram 1	1	8212.851318	8212.983154	50	250
467	Waveform 1	1	8330.383057	8330.448975	50	175
467	Spectrogram 1	1	8330.383057	8330.448975	50	175
468	Waveform 1	1	8332.096924	8332.162842	75	250
468	Spectrogram 1	1	8332.096924	8332.162842	75	250
469	Waveform 1	1	8352.927002	8352.99292	25	150
469	Spectrogram 1	1	8352.927002	8352.99292	25	150
470	Waveform 1	1	8372.306885	8372.372803	75	250
470	Spectrogram 1	1	8372.306885	8372.372803	75	250
472	Waveform 1	1	8378.30542	8378.371338	50	225
472	Spectrogram 1	1	8378.30542	8378.371338	50	225
473	Waveform 1	1	8380.744385	8380.810303	50	250
473	Spectrogram 1	1	8380.744385	8380.810303	50	250
474	Waveform 1	1	8381.996826	8382.062744	25	200
474	Spectrogram 1	1	8381.996826	8382.062744	25	200
483	Waveform 1	1	8495.177979	8495.243896	25	200
483	Spectrogram 1	1	8495.177979	8495.243896	25	200
484	Waveform 1	1	8512.778076	8513.041748	50	200
484	Spectrogram 1	1	8512.778076	8513.041748	50	200
486	Waveform 1	1	8547.7146	8547.780518	25	200
486	Spectrogram 1	1	8547.7146	8547.780518	25	200
487	Waveform 1	1	8550.021729	8550.087646	50	225
487	Spectrogram 1	1	8550.021729	8550.087646	50	225
492	Waveform 1	1	8717.585205	8717.651123	100	225
492	Spectrogram 1	1	8717.585205	8717.651123	100	225
506	Waveform 1	1	9038.210205	9038.276123	25	250
506	Spectrogram 1	1	9038.210205	9038.276123	25	250
507	Waveform 1	1	9052.778076	9052.843994	75	200
507	Spectrogram 1	1	9052.778076	9052.843994	75	200
508	Waveform 1	1	9054.096436	9054.162354	50	200
508	Spectrogram 1	1	9054.096436	9054.162354	50	200
509	Waveform 1	1	9054.887451	9054.953369	75	250
509	Spectrogram 1	1	9054.887451	9054.953369	75	250
513	Waveform 1	1	9117.377686	9117.443604	50	250
513	Spectrogram 1	1	9117.377686	9117.443604	50	250
515	Waveform 1	1	9232.997803	9233.063721	25	225
515	Spectrogram 1	1	9232.997803	9233.063721	25	225
516	Waveform 1	1	9269.054932	9269.12085	75	200
516	Spectrogram 1	1	9269.054932	9269.12085	75	200
517	Waveform 1	1	9287.973389	9288.039307	50	225
517	Spectrogram 1	1	9287.973389	9288.039307	50	225
518	Waveform 1	1	9311.769775	9311.901611	25	250
518	Spectrogram 1	1	9311.769775	9311.901611	25	250
520	Waveform 1	1	9358.901123	9358.967041	25	225
520	Spectrogram 1	1	9358.901123	9358.967041	25	225
521	Waveform 1	1	9360.483154	9360.549072	50	175
521	Spectrogram 1	1	9360.483154	9360.549072	50	175
522	Waveform 1	1	9361.93335	9361.999268	25	250
522	Spectrogram 1	1	9361.93335	9361.999268	25	250
524	Waveform 1	1	9374.853271	9375.710205	25	250
524	Spectrogram 1	1	9374.853271	9375.710205	25	250
525	Waveform 1	1	9393.903564	9394.0354	125	250
525	Spectrogram 1	1	9393.903564	9394.0354	125	250
526	Waveform 1	1	9400.693115	9400.824951	100	250
526	Spectrogram 1	1	9400.693115	9400.824951	100	250
527	Waveform 1	1	9405.439209	9405.505127	75	200
527	Spectrogram 1	1	9405.439209	9405.505127	75	200
528	Waveform 1	1	9450.724854	9450.856689	75	250
528	Spectrogram 1	1	9450.724854	9450.856689	75	250
529	Waveform 1	1	9452.966064	9453.031982	75	200
529	Spectrogram 1	1	9452.966064	9453.031982	75	200
530	Waveform 1	1	9468.127197	9468.193115	75	225
530	Spectrogram 1	1	9468.127197	9468.193115	75	225
531	Waveform 1	1	9474.455322	9474.52124	50	200
531	Spectrogram 1	1	9474.455322	9474.52124	50	200
532	Waveform 1	1	9503.854736	9503.920654	75	200
532	Spectrogram 1	1	9503.854736	9503.920654	75	200
533	Waveform 1	1	9521.454834	9521.58667	75	200
533	Spectrogram 1	1	9521.454834	9521.58667	75	200
535	Waveform 1	1	9532.397217	9532.463135	50	225
535	Spectrogram 1	1	9532.397217	9532.463135	50	225
536	Waveform 1	1	9535.297607	9535.363525	25	250
536	Spectrogram 1	1	9535.297607	9535.363525	25	250
538	Waveform 1	1	9572.079834	9572.145752	75	200
538	Spectrogram 1	1	9572.079834	9572.145752	75	200
539	Waveform 1	1	9591.327881	9591.393799	25	250
539	Spectrogram 1	1	9591.327881	9591.393799	25	250
540	Waveform 1	1	9598.710693	9598.776611	50	200
540	Spectrogram 1	1	9598.710693	9598.776611	50	200
541	Waveform 1	1	9659.025635	9659.091553	100	225
541	Spectrogram 1	1	9659.025635	9659.091553	100	225
542	Waveform 1	1	9749.992432	9750.05835	25	175
542	Spectrogram 1	1	9749.992432	9750.05835	25	175
543	Waveform 1	1	9819.535889	9819.601807	25	250
543	Spectrogram 1	1	9819.535889	9819.601807	25	250
544	Waveform 1	1	9824.216064	9824.281982	50	250
544	Spectrogram 1	1	9824.216064	9824.281982	50	250
545	Waveform 1	1	9904.767822	9904.899658	50	200
545	Spectrogram 1	1	9904.767822	9904.899658	50	200
546	Waveform 1	1	9927.773193	9927.839111	50	225
546	Spectrogram 1	1	9927.773193	9927.839111	50	225
547	Waveform 1	1	9943.329834	9943.46167	100	225
547	Spectrogram 1	1	9943.329834	9943.46167	100	225
548	Waveform 1	1	9982.616943	9983.012451	25	150
548	Spectrogram 1	1	9982.616943	9983.012451	25	150
549	Waveform 1	1	10004.1062	10004.17212	25	150
549	Spectrogram 1	1	10004.1062	10004.17212	25	150
550	Waveform 1	1	10013.59839	10014.05981	25	150
550	Spectrogram 1	1	10013.59839	10014.05981	25	150
551	Waveform 1	1	10059.14771	10059.27954	50	175
551	Spectrogram 1	1	10059.14771	10059.27954	50	175
552	Waveform 1	1	10080.7688	10080.90063	25	200
552	Spectrogram 1	1	10080.7688	10080.90063	25	200
553	Waveform 1	1	10115.50757	10115.57349	50	200
553	Spectrogram 1	1	10115.50757	10115.57349	50	200
554	Waveform 1	1	10116.10083	10116.16675	50	175
554	Spectrogram 1	1	10116.10083	10116.16675	50	175
555	Waveform 1	1	10133.17358	10133.2395	50	200
555	Spectrogram 1	1	10133.17358	10133.2395	50	200
556	Waveform 1	1	10136.60132	10136.73315	100	250
556	Spectrogram 1	1	10136.60132	10136.73315	100	250
557	Waveform 1	1	10143.65454	10143.78638	100	250
557	Spectrogram 1	1	10143.65454	10143.78638	100	250
558	Waveform 1	1	10145.17065	10145.23657	125	250
558	Spectrogram 1	1	10145.17065	10145.23657	125	250
559	Waveform 1	1	10160.52954	10160.72729	75	200
559	Spectrogram 1	1	10160.52954	10160.72729	75	200
560	Waveform 1	1	10169.29663	10169.36255	100	225
560	Spectrogram 1	1	10169.29663	10169.36255	100	225
561	Waveform 1	1	10171.27417	10171.34009	100	250
561	Spectrogram 1	1	10171.27417	10171.34009	100	250
562	Waveform 1	1	10173.51538	10173.5813	100	250
562	Spectrogram 1	1	10173.51538	10173.5813	100	250
563	Waveform 1	1	10177.93188	10178.06372	75	250
563	Spectrogram 1	1	10177.93188	10178.06372	75	250
564	Waveform 1	1	10186.63306	10186.69897	25	200
564	Spectrogram 1	1	10186.63306	10186.69897	25	200
565	Waveform 1	1	10189.20386	10189.26978	100	225
565	Spectrogram 1	1	10189.20386	10189.26978	100	225
566	Waveform 1	1	10208.4519	10208.51782	75	200
566	Spectrogram 1	1	10208.4519	10208.51782	75	200
567	Waveform 1	1	10218.53735	10218.60327	75	200
567	Spectrogram 1	1	10218.53735	10218.60327	75	200
568	Waveform 1	1	10240.15845	10240.29028	50	175
568	Spectrogram 1	1	10240.15845	10240.29028	50	175
569	Waveform 1	1	10245.10229	10245.36597	0	225
569	Spectrogram 1	1	10245.10229	10245.36597	0	225
579	Waveform 1	1	10580.09741	10580.16333	25	250
579	Spectrogram 1	1	10580.09741	10580.16333	25	250
580	Waveform 1	1	10806.06421	10806.13013	25	200
580	Spectrogram 1	1	10806.06421	10806.13013	25	200
581	Waveform 1	1	11111.52808	11111.79175	25	150
581	Spectrogram 1	1	11111.52808	11111.79175	25	150
603	Waveform 1	1	11414.6189	11414.75073	25	250
603	Spectrogram 1	1	11414.6189	11414.75073	25	250
605	Waveform 1	1	11581.78687	11581.85278	0	150
605	Spectrogram 1	1	11581.78687	11581.85278	0	150
607	Waveform 1	1	11609.14282	11609.20874	0	225
607	Spectrogram 1	1	11609.14282	11609.20874	0	225
620	Waveform 1	1	11812.96118	11813.0271	25	225
620	Spectrogram 1	1	11812.96118	11813.0271	25	225
671	Waveform 1	1	12414.92407	12415.05591	25	250
671	Spectrogram 1	1	12414.92407	12415.05591	25	250
675	Waveform 1	1	12435.82007	12435.88599	25	250
675	Spectrogram 1	1	12435.82007	12435.88599	25	250
685	Waveform 1	1	12541.68433	12541.75024	25	250
685	Spectrogram 1	1	12541.68433	12541.75024	25	250
692	Waveform 1	1	12567.06274	12567.12866	75	200
692	Spectrogram 1	1	12567.06274	12567.12866	75	200
703	Waveform 1	1	12596.13257	12596.19849	100	250
703	Spectrogram 1	1	12596.13257	12596.19849	100	250
730	Waveform 1	1	13380.16089	13380.29272	50	250
730	Spectrogram 1	1	13380.16089	13380.29272	50	250
731	Waveform 1	1	13383.98413	13384.2478	25	175
731	Spectrogram 1	1	13383.98413	13384.2478	25	175
732	Waveform 1	1	13392.15796	13392.42163	25	150
732	Spectrogram 1	1	13392.15796	13392.42163	25	150
733	Waveform 1	1	13394.92651	13395.19019	0	125
733	Spectrogram 1	1	13394.92651	13395.19019	0	125
734	Waveform 1	1	13398.552	13398.81567	50	250
734	Spectrogram 1	1	13398.552	13398.81567	50	250
735	Waveform 1	1	13400.85913	13401.25464	0	200
735	Spectrogram 1	1	13400.85913	13401.25464	0	200
736	Waveform 1	1	13404.22095	13404.28687	100	225
736	Spectrogram 1	1	13404.22095	13404.28687	100	225
737	Waveform 1	1	13406.13257	13406.2644	100	250
737	Spectrogram 1	1	13406.13257	13406.2644	100	250
738	Waveform 1	1	13418.98657	13419.25024	0	150
738	Spectrogram 1	1	13418.98657	13419.25024	0	150
739	Waveform 1	1	13423.93042	13424.06226	100	250
739	Spectrogram 1	1	13423.93042	13424.06226	100	250
740	Waveform 1	1	13482.79517	13482.86108	25	150
740	Spectrogram 1	1	13482.79517	13482.86108	25	150
741	Waveform 1	1	13483.38843	13483.52026	0	125
741	Spectrogram 1	1	13483.38843	13483.52026	0	125
742	Waveform 1	1	13494.79224	13494.85815	100	250
742	Spectrogram 1	1	13494.79224	13494.85815	100	250
743	Waveform 1	1	13496.76978	13496.90161	100	250
743	Spectrogram 1	1	13496.76978	13496.90161	100	250
744	Waveform 1	1	13499.53833	13500.06567	25	225
744	Spectrogram 1	1	13499.53833	13500.06567	25	225
745	Waveform 1	1	13537.96851	13538.10034	50	225
745	Spectrogram 1	1	13537.96851	13538.10034	50	225
746	Waveform 1	1	13556.49146	13556.82104	25	175
746	Spectrogram 1	1	13556.49146	13556.82104	25	175
747	Waveform 1	1	13566.70874	13566.77466	25	150
747	Spectrogram 1	1	13566.70874	13566.77466	25	150
748	Waveform 1	1	13576.13501	13576.4646	0	175
748	Spectrogram 1	1	13576.13501	13576.4646	0	175
749	Waveform 1	1	13578.3103	13578.44214	0	150
749	Spectrogram 1	1	13578.3103	13578.44214	0	150
750	Waveform 1	1	13583.58374	13583.78149	25	150
750	Spectrogram 1	1	13583.58374	13583.78149	25	150
751	Waveform 1	1	13583.97925	13584.04517	75	250
751	Spectrogram 1	1	13583.97925	13584.04517	75	250
752	Waveform 1	1	13584.83618	13585.03394	25	150
752	Spectrogram 1	1	13584.83618	13585.03394	25	150
753	Waveform 1	1	13585.56128	13585.75903	25	175
753	Spectrogram 1	1	13585.56128	13585.75903	25	175
754	Waveform 1	1	13585.89087	13585.95679	50	175
754	Spectrogram 1	1	13585.89087	13585.95679	50	175
755	Waveform 1	1	13609.35767	13609.42358	75	200
755	Spectrogram 1	1	13609.35767	13609.42358	75	200
756	Waveform 1	1	13677.38501	13677.97827	25	150
756	Spectrogram 1	1	13677.38501	13677.97827	25	150
757	Waveform 1	1	13687.93188	13688.32739	25	150
757	Spectrogram 1	1	13687.93188	13688.32739	25	150
758	Waveform 1	1	13691.2937	13691.35962	125	250
758	Spectrogram 1	1	13691.2937	13691.35962	125	250
759	Waveform 1	1	13694.5896	13695.18286	25	150
759	Spectrogram 1	1	13694.5896	13695.18286	25	150
760	Waveform 1	1	13703.42261	13703.55444	25	150
760	Spectrogram 1	1	13703.42261	13703.55444	25	150
761	Waveform 1	1	13705.20239	13705.40015	0	175
761	Spectrogram 1	1	13705.20239	13705.40015	0	175
762	Waveform 1	1	13711.99194	13712.45337	25	150
762	Spectrogram 1	1	13711.99194	13712.45337	25	150
764	Waveform 1	1	13755.36597	13755.43188	25	225
764	Spectrogram 1	1	13755.36597	13755.43188	25	225
765	Waveform 1	1	13844.22339	13844.28931	25	175
765	Spectrogram 1	1	13844.22339	13844.28931	25	175
766	Waveform 1	1	13966.03979	13966.10571	50	175
766	Spectrogram 1	1	13966.03979	13966.10571	50	175
767	Waveform 1	1	13968.34692	13968.41284	25	150
767	Spectrogram 1	1	13968.34692	13968.41284	25	150
769	Waveform 1	1	14013.30298	14013.3689	50	250
769	Spectrogram 1	1	14013.30298	14013.3689	50	250
770	Waveform 1	1	14027.01392	14027.07983	50	200
770	Spectrogram 1	1	14027.01392	14027.07983	50	200
771	Waveform 1	1	14051.27173	14051.33765	25	150
771	Spectrogram 1	1	14051.27173	14051.33765	25	150
772	Waveform 1	1	14097.54614	14097.61206	75	200
772	Spectrogram 1	1	14097.54614	14097.61206	75	200
773	Waveform 1	1	14249.6189	14249.68481	25	250
773	Spectrogram 1	1	14249.6189	14249.68481	25	250
777	Waveform 1	1	14558.84009	14559.03784	25	150
777	Spectrogram 1	1	14558.84009	14559.03784	25	150
778	Waveform 1	1	14583.75708	14583.88892	0	150
778	Spectrogram 1	1	14583.75708	14583.88892	0	150
780	Waveform 1	1	14694.89478	14695.22437	0	150
780	Spectrogram 1	1	14694.89478	14695.22437	0	150
781	Waveform 1	1	14697.26782	14697.39966	25	150
781	Spectrogram 1	1	14697.26782	14697.39966	25	150
782	Waveform 1	1	14703.0686	14703.26636	50	175
782	Spectrogram 1	1	14703.0686	14703.26636	50	175
783	Waveform 1	1	14708.9353	14709.13306	25	175
783	Spectrogram 1	1	14708.9353	14709.13306	25	175
784	Waveform 1	1	14717.83423	14718.16382	25	150
784	Spectrogram 1	1	14717.83423	14718.16382	25	150
785	Waveform 1	1	14719.41626	14719.74585	25	150
785	Spectrogram 1	1	14719.41626	14719.74585	25	150
786	Waveform 1	1	14721.52563	14721.65747	25	175
786	Spectrogram 1	1	14721.52563	14721.65747	25	175
787	Waveform 1	1	14722.18481	14722.31665	0	175
787	Spectrogram 1	1	14722.18481	14722.31665	0	175
788	Waveform 1	1	14763.97681	14764.10864	0	175
788	Spectrogram 1	1	14763.97681	14764.10864	0	175
789	Waveform 1	1	14796.6062	14796.80396	25	175
789	Spectrogram 1	1	14796.6062	14796.80396	25	175
790	Waveform 1	1	14797.72681	14797.92456	25	150
790	Spectrogram 1	1	14797.72681	14797.92456	25	150
791	Waveform 1	1	14801.08862	14801.15454	125	250
791	Spectrogram 1	1	14801.08862	14801.15454	125	250
792	Waveform 1	1	14804.58228	14804.78003	25	175
792	Spectrogram 1	1	14804.58228	14804.78003	25	175
793	Waveform 1	1	14854.87769	14854.9436	25	225
793	Spectrogram 1	1	14854.87769	14854.9436	25	225
794	Waveform 1	1	14882.16772	14882.23364	125	250
794	Spectrogram 1	1	14882.16772	14882.23364	125	250
795	Waveform 1	1	14890.8689	14890.93481	50	175
795	Spectrogram 1	1	14890.8689	14890.93481	50	175
796	Waveform 1	1	14893.11011	14893.24194	25	175
796	Spectrogram 1	1	14893.11011	14893.24194	25	175
797	Waveform 1	1	14896.7356	14896.86743	50	250
797	Spectrogram 1	1	14896.7356	14896.86743	50	250
798	Waveform 1	1	14897.06519	14897.19702	25	225
798	Spectrogram 1	1	14897.06519	14897.19702	25	225
799	Waveform 1	1	14901.41577	14901.54761	50	200
799	Spectrogram 1	1	14901.41577	14901.54761	50	200
800	Waveform 1	1	14923.56421	14923.69604	100	250
800	Spectrogram 1	1	14923.56421	14923.69604	100	250
801	Waveform 1	1	14927.98071	14928.04663	75	225
801	Spectrogram 1	1	14927.98071	14928.04663	75	225
802	Waveform 1	1	14966.87231	14966.93823	25	225
802	Spectrogram 1	1	14966.87231	14966.93823	25	225
803	Waveform 1	1	15074.97778	15075.0437	25	200
803	Spectrogram 1	1	15074.97778	15075.0437	25	200
804	Waveform 1	1	15167.52661	15167.59253	25	200
804	Spectrogram 1	1	15167.52661	15167.59253	25	200
805	Waveform 1	1	15211.4939	15211.55981	100	225
805	Spectrogram 1	1	15211.4939	15211.55981	100	225
806	Waveform 1	1	15260.99829	15261.06421	50	250
806	Spectrogram 1	1	15260.99829	15261.06421	50	250
807	Waveform 1	1	15400.01929	15400.08521	25	175
807	Spectrogram 1	1	15400.01929	15400.08521	25	175
808	Waveform 1	1	15749.97778	15750.0437	25	250
808	Spectrogram 1	1	15749.97778	15750.0437	25	250
811	Waveform 1	1	15927.82446	15927.89038	100	250
811	Spectrogram 1	1	15927.82446	15927.89038	100	250
812	Waveform 1	1	16511.13257	16511.39624	0	175
812	Spectrogram 1	1	16511.13257	16511.39624	0	175
813	Waveform 1	1	16568.81079	16568.87671	50	250
813	Spectrogram 1	1	16568.81079	16568.87671	50	250
814	Waveform 1	1	16575.00708	16575.073	25	250
814	Spectrogram 1	1	16575.00708	16575.073	25	250
815	Waveform 1	1	16799.98511	16800.05103	75	250
815	Spectrogram 1	1	16799.98511	16800.05103	75	250
818	Waveform 1	1	17024.96313	17025.09497	75	225
818	Spectrogram 1	1	17024.96313	17025.09497	75	225
