Selection	View	Channel	Begin Time (s)	End Time (s)	Low Freq (Hz)	High Freq (Hz)
1	Spectrogram 1	1	392.534482759	395.970443350	25.0	37.9
2	Spectrogram 1	1	3067.721674877	3072.376847291	28.2	39.8
3	Spectrogram 1	1	3232.899014778	3240.029556650	32.2	41.8
4	Spectrogram 1	1	3877.684729064	3881.120689655	30.8	41.2
6	Spectrogram 1	1	8281.743842365	8286.916256158	32.0	42.1
9	Spectrogram 1	1	10319.401593288	10322.357258313	27.9	38.9
10	Spectrogram 1	1	10324.906519397	10329.598637623	31.8	42.8
11	Spectrogram 1	1	10481.076470135	10488.280903633	30.8	41.7
12	Spectrogram 1	1	10686.517356835	10691.541987377	31.4	40.4
14	Spectrogram 1	1	10838.785829741	10842.665140086	31.3	44.1
18	Spectrogram 1	1	11336.630657328	11339.992726293	29.1	38.7
19	Spectrogram 1	1	11392.840016933	11395.758736145	31.8	42.7
21	Spectrogram 1	1	12050.963169643	12054.583859298	30.0	42.6
22	Spectrogram 1	1	12333.672529249	12336.886814963	29.3	40.8
23	Spectrogram 1	1	12365.578933190	12370.492726293	30.8	48.8
24	Spectrogram 1	1	12436.352332204	12442.854795259	28.7	41.3
25	Spectrogram 1	1	12808.056765702	12811.344943042	29.1	40.0
26	Spectrogram 1	1	13016.475484914	13019.948391318	27.9	41.4
27	Spectrogram 1	1	13493.187307574	13498.174992303	33.1	43.8
28	Spectrogram 1	1	13479.923760776	13488.199622845	30.3	37.3
29	Spectrogram 1	1	13569.192233682	13578.798145012	30.4	41.2
30	Spectrogram 1	1	13680.886814963	13687.241494766	30.7	41.0
31	Spectrogram 1	1	14913.406519397	14918.209475062	28.1	40.9
32	Spectrogram 1	1	15656.061691810	15659.645435653	35.1	48.3
35	Spectrogram 1	1	16290.879425800	16296.236568658	30.3	38.7
38	Spectrogram 1	1	17804.468903941	17808.052647783	30.9	39.1
39	Spectrogram 1	1	17908.537869458	17915.779248768	29.7	38.8
40	Spectrogram 1	1	18010.907327586	18014.380233990	29.4	38.4
42	Spectrogram 1	1	20481.636391626	20484.998460591	30.4	39.1
43	Spectrogram 1	1	20609.734913793	20614.611761084	30.8	38.7
44	Spectrogram 1	1	20705.321120690	20710.862992611	30.1	40.0
45	Spectrogram 1	1	20847.333435961	20851.914716749	29.0	39.4
46	Spectrogram 1	1	21033.052647783	21037.744766010	32.1	41.1
47	Spectrogram 1	1	21267.658559113	21270.060036946	31.6	39.9
48	Spectrogram 1	1	21610.057573892	21612.532943350	31.4	40.0
49	Spectrogram 1	1	21821.180726601	21831.821120690	31.1	41.6
50	Spectrogram 1	1	21922.752155172	21926.003386700	27.7	41.3
51	Spectrogram 1	1	22037.845751232	22044.015701970	31.7	41.9
52	Spectrogram 1	1	22083.089593596	22085.675800493	32.0	39.2
53	Spectrogram 1	1	22155.599445813	22161.547721675	29.8	40.2
54	Spectrogram 1	1	22178.062500000	22181.646243842	30.0	37.7
55	Spectrogram 1	1	22330.271859606	22336.922105911	30.6	38.7
56	Spectrogram 1	1	22290.518165025	22293.954125616	30.9	39.2
57	Spectrogram 1	1	22434.872844828	22441.966440887	29.7	40.4
58	Spectrogram 1	1	22635.725061576	22643.520628079	29.7	40.0
59	Spectrogram 1	1	22753.441810345	22759.574815271	29.9	42.9
60	Spectrogram 1	1	22895.232450739	22901.180726601	30.2	40.7
61	Spectrogram 1	1	23006.668411330	23009.845751232	31.8	40.8
62	Spectrogram 1	1	23068.759544335	23074.855603448	29.9	40.1
63	Spectrogram 1	1	23139.089593596	23141.564963054	31.7	39.2
64	Spectrogram 1	1	23165.343288177	23169.407327586	27.8	39.3
65	Spectrogram 1	1	23232.163485222	23237.779248768	30.1	39.0
66	Spectrogram 1	1	23274.488608374	23277.702894089	31.2	39.9
67	Spectrogram 1	1	23424.702894089	23428.212746305	33.4	42.0
68	Spectrogram 1	1	23464.567426108	23472.436884236	34.0	41.4
69	Spectrogram 1	1	23524.109298030	23527.323583744	36.0	43.7
70	Spectrogram 1	1	23549.439347291	23559.636391626	31.7	39.4
71	Spectrogram 1	1	23598.451662562	23602.404864532	32.6	42.2
72	Spectrogram 1	1	23632.663485222	23637.207820197	34.6	42.7
73	Spectrogram 1	1	23699.579741379	23709.111761084	31.7	41.3
74	Spectrogram 1	1	23710.552647783	23726.180726601	25.3	43.1
75	Spectrogram 1	1	23761.153633005	23767.729987685	32.7	41.1
76	Spectrogram 1	1	23895.791564039	23898.229987685	30.7	40.6
77	Spectrogram 1	1	23910.961514778	23920.234913793	34.9	44.8
78	Spectrogram 1	1	23933.757081281	23937.193041872	21.3	31.9
79	Spectrogram 1	1	24727.870381773	24736.515701970	32.9	45.3
80	Spectrogram 1	1	25529.520628079	25533.991071429	38.3	48.1
81	Spectrogram 1	1	25735.190578818	25739.106834975	35.6	42.2
82	Spectrogram 1	1	25788.193041872	25791.924568966	38.1	50.6
83	Spectrogram 1	1	25998.946736453	26003.343288177	28.3	41.9
84	Spectrogram 1	1	26183.912253695	26187.939347291	30.1	39.7
85	Spectrogram 1	1	26342.697967980	26346.614224138	33.0	43.9
86	Spectrogram 1	1	26433.422105911	26437.744766010	38.0	47.1
87	Spectrogram 1	1	26487.754618227	26492.890086207	31.1	41.3
88	Spectrogram 1	1	26571.702894089	26575.766933498	35.3	43.3
89	Spectrogram 1	1	26650.826046798	26653.153633005	40.0	51.3
90	Spectrogram 1	1	26738.247229064	26743.345751232	33.1	42.2
91	Spectrogram 1	1	27004.367918719	27009.207820197	34.8	45.4
92	Spectrogram 1	1	27243.385160099	27248.040332512	32.0	42.2
93	Spectrogram 1	1	27273.776785714	27277.766933498	32.1	44.8
94	Spectrogram 1	1	27303.444273399	27307.471366995	35.0	47.6
95	Spectrogram 1	1	27407.195504926	27412.183189655	34.8	43.3
96	Spectrogram 1	1	27417.385160099	27423.296490148	27.8	38.8
97	Spectrogram 1	1	27577.242302956	27583.633928571	29.2	45.3
98	Spectrogram 1	1	27640.848214286	27648.126539409	31.4	43.6
100	Spectrogram 1	1	27876.754618227	27881.890086207	30.4	43.7
101	Spectrogram 1	1	28021.833435961	28025.971366995	32.4	46.2
102	Spectrogram 1	1	28008.569889163	28015.995997537	26.0	52.7
103	Spectrogram 1	1	28158.451662562	28162.515701970	30.8	42.2
104	Spectrogram 1	1	28280.380233990	28284.370381773	37.6	48.7
105	Spectrogram 1	1	28393.848214286	28398.207820197	33.7	44.6
106	Spectrogram 1	1	28562.794027094	28568.963977833	34.4	42.7
107	Spectrogram 1	1	28667.505849754	28673.786637931	32.3	45.8
108	Spectrogram 1	1	28774.249692118	28777.094519704	30.3	40.9
109	Spectrogram 1	1	28790.358066502	28793.609298030	37.0	46.0
110	Spectrogram 1	1	28799.727524631	28813.434421182	31.6	41.1
111	Spectrogram 1	1	28873.826046798	28878.629002463	34.0	41.2
112	Spectrogram 1	1	28913.934421182	28923.798953202	35.6	48.1
113	Spectrogram 1	1	28931.520628079	28934.919642857	32.0	42.4
114	Spectrogram 1	1	28958.069889163	28962.503386700	34.7	41.3
115	Spectrogram 1	1	28964.683189655	28968.599445813	33.8	40.8
116	Spectrogram 1	1	28971.629002463	28976.210283251	32.7	42.4
117	Spectrogram 1	1	29066.771859606	29070.281711823	33.1	41.0
118	Spectrogram 1	1	29101.722598522	29104.973830049	32.0	42.2
119	Spectrogram 1	1	29188.995997537	29197.197967980	39.2	53.2
120	Spectrogram 1	1	29204.956588670	29209.020628079	31.7	41.1
121	Spectrogram 1	1	29210.720135468	29213.491071429	35.0	41.6
122	Spectrogram 1	1	29305.641317734	29310.074815271	33.6	41.9
123	Spectrogram 1	1	29320.161022167	29326.922105911	33.2	43.9
124	Spectrogram 1	1	29394.060036946	29399.491071429	32.0	42.2
125	Spectrogram 1	1	29406.954125616	29410.796490148	35.1	41.8
126	Spectrogram 1	1	29487.074815271	29493.281711823	33.2	43.7
127	Spectrogram 1	1	29557.973830049	29561.298953202	32.8	41.0
128	Spectrogram 1	1	29611.382697044	29616.148706897	32.9	42.3
129	Spectrogram 1	1	29597.047721675	29600.594519704	33.4	39.9
130	Spectrogram 1	1	29639.816194581	29647.242302956	31.4	41.0
131	Spectrogram 1	1	29655.998460591	29662.944273399	37.8	47.8
132	Spectrogram 1	1	29665.493534483	29670.813731527	35.9	49.0
133	Spectrogram 1	1	29757.311268473	29765.254618227	34.4	47.2
134	Spectrogram 1	1	29769.909790640	29773.456588670	35.9	45.9
135	Spectrogram 1	1	29786.313731527	29790.673337438	33.0	42.2
136	Spectrogram 1	1	29797.508312808	29801.276785714	31.8	39.0
137	Spectrogram 1	1	29832.000923645	29837.875307882	33.6	44.7
138	Spectrogram 1	1	29868.747229064	29872.404864532	31.9	40.0
139	Spectrogram 1	1	29939.409790640	29943.104371921	39.3	48.1
140	Spectrogram 1	1	29935.530480296	29941.995997537	33.2	39.8
141	Spectrogram 1	1	30090.030480296	30094.611761084	36.6	45.3
142	Spectrogram 1	1	30137.269396552	30142.515701970	31.1	42.6
143	Spectrogram 1	1	30199.138854680	30202.574815271	34.6	41.2
144	Spectrogram 1	1	30237.769396552	30241.279248768	36.9	46.3
145	Spectrogram 1	1	30293.690578818	30296.424568966	34.3	40.3
146	Spectrogram 1	1	30406.493534483	30410.225061576	33.9	42.2
147	Spectrogram 1	1	30444.769396552	30450.237376847	35.0	46.9
148	Spectrogram 1	1	30474.385160099	30478.153633005	33.6	41.8
149	Spectrogram 1	1	30490.678263547	30495.961514778	34.7	48.0
150	Spectrogram 1	1	30503.239839901	30507.008312808	36.9	46.9
151	Spectrogram 1	1	30595.427032020	30601.264470443	34.9	44.4
152	Spectrogram 1	1	30685.840825123	30694.670874384	35.9	44.8
153	Spectrogram 1	1	30767.358066502	30782.358066502	33.4	45.8
154	Spectrogram 1	1	30796.397475369	30805.818657635	33.9	45.1
155	Spectrogram 1	1	30814.375307882	30819.769396552	33.6	43.2
156	Spectrogram 1	1	30843.229987685	30846.961514778	33.9	41.1
157	Spectrogram 1	1	30969.998460591	30972.362992611	34.8	42.3
158	Spectrogram 1	1	30984.060036946	30990.451662562	32.3	40.1
159	Spectrogram 1	1	31134.909790640	31141.707820197	32.4	42.9
160	Spectrogram 1	1	31189.353140394	31202.616687192	36.7	48.4
161	Spectrogram 1	1	31238.587130542	31241.616687192	34.9	46.0
162	Spectrogram 1	1	31257.355603448	31262.158559113	32.8	43.6
163	Spectrogram 1	1	31274.387623153	31289.757081281	35.1	50.7
164	Spectrogram 1	1	31290.998460591	31294.840825123	38.8	48.6
165	Spectrogram 1	1	31302.266933498	31306.404864532	29.6	41.2
166	Spectrogram 1	1	31312.759544335	31317.229987685	32.4	43.7
167	Spectrogram 1	1	31412.409790640	31425.119150246	32.1	46.4
168	Spectrogram 1	1	31453.995997537	31459.205357143	35.8	45.4
169	Spectrogram 1	1	31472.653633005	31477.419642857	32.9	39.1
170	Spectrogram 1	1	31528.685652709	31535.298953202	35.7	45.1
171	Spectrogram 1	1	31543.722598522	31547.971366995	33.0	42.2
172	Spectrogram 1	1	31609.471366995	31612.981219212	34.0	41.0
173	Spectrogram 1	1	31656.229987685	31668.459051724	31.2	42.4
174	Spectrogram 1	1	31699.441810345	31705.981219212	32.3	43.8
175	Spectrogram 1	1	31723.552647783	31728.244766010	34.2	41.7
176	Spectrogram 1	1	31755.880233990	31768.515701970	35.3	47.0
177	Spectrogram 1	1	31840.271859606	31857.821120690	31.9	48.4
178	Spectrogram 1	1	31865.210283251	31868.129002463	34.8	47.1
179	Spectrogram 1	1	31908.865455665	31915.848214286	35.0	47.0
180	Spectrogram 1	1	31950.525554187	31964.158559113	34.4	47.1
181	Spectrogram 1	1	31970.513238916	31982.262007389	33.2	43.6
182	Spectrogram 1	1	32075.742302956	32078.734913793	31.7	40.1
183	Spectrogram 1	1	32138.424568966	32143.227524631	34.3	42.9
184	Spectrogram 1	1	32147.624076355	32154.200431034	37.4	48.3
185	Spectrogram 1	1	32158.471366995	32164.345751232	33.0	47.0
186	Spectrogram 1	1	32231.424568966	32241.510775862	32.1	40.3
187	Spectrogram 1	1	32263.109298030	32265.917179803	27.4	36.3
188	Spectrogram 1	1	32316.370381773	32323.057573892	34.6	49.8
189	Spectrogram 1	1	32374.545258621	32378.572352217	28.9	35.6
190	Spectrogram 1	1	32389.656096059	32392.944273399	34.6	42.6
191	Spectrogram 1	1	32434.382697044	32441.106834975	32.2	39.3
192	Spectrogram 1	1	32455.885160099	32466.968903941	36.0	48.1
193	Spectrogram 1	1	32494.700431034	32502.089593596	33.7	43.6
194	Spectrogram 1	1	32535.769396552	32538.060036946	33.4	40.0
195	Spectrogram 1	1	32626.161022167	32637.577278325	35.4	50.2
196	Spectrogram 1	1	32673.621613300	32680.567426108	34.1	43.4
197	Spectrogram 1	1	32739.592056650	32744.210283251	32.0	40.0
198	Spectrogram 1	1	32751.215209360	32759.158559113	31.3	42.0
199	Spectrogram 1	1	32819.513238916	32824.796490148	36.8	46.2
200	Spectrogram 1	1	32884.523091133	32889.473830049	31.9	41.4
201	Spectrogram 1	1	32954.077278325	32957.328509852	32.1	39.1
202	Spectrogram 1	1	32995.183189655	33000.244766010	31.0	41.2
203	Spectrogram 1	1	33033.850677340	33051.030480296	35.8	51.9
204	Spectrogram 1	1	33065.661022167	33068.764470443	32.7	41.0
205	Spectrogram 1	1	33103.552647783	33111.348214286	34.2	44.6
206	Spectrogram 1	1	33112.678263547	33117.702894089	31.6	40.2
207	Spectrogram 1	1	33167.232450739	33173.697967980	35.4	48.3
208	Spectrogram 1	1	33177.621613300	33180.909790640	31.6	45.4
209	Spectrogram 1	1	33184.234913793	33190.922105911	33.2	46.2
210	Spectrogram 1	1	33215.601908867	33219.518165025	34.6	44.1
211	Spectrogram 1	1	33224.062500000	33226.907327586	33.2	43.1
212	Spectrogram 1	1	33357.614224138	33360.791564039	32.7	41.3
213	Spectrogram 1	1	33377.306342365	33391.899938424	35.8	48.9
214	Spectrogram 1	1	33427.028017241	33430.279248768	30.3	36.6
215	Spectrogram 1	1	33453.961514778	33459.503386700	34.2	43.1
216	Spectrogram 1	1	33466.582204434	33479.439347291	35.0	46.0
217	Spectrogram 1	1	33582.193041872	33588.954125616	33.0	42.6
218	Spectrogram 1	1	33593.202894089	33599.927032020	35.1	47.3
219	Spectrogram 1	1	33605.025554187	33612.451662562	25.4	38.3
220	Spectrogram 1	1	33663.754618227	33671.143780788	24.4	49.1
221	Spectrogram 1	1	33684.651169951	33691.227524631	33.0	42.8
222	Spectrogram 1	1	33728.771859606	33736.641317734	26.1	38.6
223	Spectrogram 1	1	33787.981219212	33792.747229064	34.4	46.0
224	Spectrogram 1	1	33795.924568966	33802.131465517	31.0	42.9
225	Spectrogram 1	1	33817.685652709	33823.227524631	33.9	44.2
226	Spectrogram 1	1	33883.323583744	33887.904864532	34.3	45.8
227	Spectrogram 1	1	33912.532943350	33918.813731527	26.3	36.9
228	Spectrogram 1	1	33939.835899015	33942.385160099	27.0	41.4
229	Spectrogram 1	1	33985.116687192	33988.848214286	35.2	47.2
230	Spectrogram 1	1	34023.599445813	34031.986145320	28.8	38.4
231	Spectrogram 1	1	34062.858066502	34067.697967980	33.0	44.1
232	Spectrogram 1	1	34084.582204434	34090.271859606	33.2	47.9
233	Spectrogram 1	1	34119.111761084	34121.771859606	29.6	38.1
234	Spectrogram 1	1	34215.695504926	34219.907327586	31.0	40.9
235	Spectrogram 1	1	34221.459051724	34226.890086207	34.8	48.1
236	Spectrogram 1	1	34284.880233990	34290.569889163	29.7	38.9
238	Spectrogram 1	1	34400.860529557	34405.626539409	34.7	46.1
239	Spectrogram 1	1	34423.168411330	34434.215209360	24.8	36.6
240	Spectrogram 1	1	34557.362992611	34564.234913793	35.3	48.9
241	Spectrogram 1	1	34595.697967980	34606.412253695	25.3	37.0
242	Spectrogram 1	1	34619.084667488	34621.781711823	28.3	38.6
243	Spectrogram 1	1	34640.572352217	34644.858066502	37.4	51.9
244	Spectrogram 1	1	34764.939347291	34769.963977833	29.4	41.1
245	Spectrogram 1	1	34837.744766010	34840.663485222	34.3	45.4
246	Spectrogram 1	1	34869.281711823	34886.202894089	26.9	40.0
247	Spectrogram 1	1	34994.350677340	35003.328509852	28.0	40.0
248	Spectrogram 1	1	35061.547721675	35069.121613300	37.1	49.8
249	Spectrogram 1	1	35175.052647783	35189.683189655	28.4	41.8
250	Spectrogram 1	1	35243.794027094	35250.037869458	28.2	37.1
251	Spectrogram 1	1	35311.427032020	35317.227524631	33.4	48.7
252	Spectrogram 1	1	35330.697967980	35338.678263547	27.8	36.8
253	Spectrogram 1	1	35505.665948276	35509.582204434	27.1	36.4
254	Spectrogram 1	1	35649.858066502	35653.589593596	30.7	42.1
255	Spectrogram 1	1	35668.811268473	35672.838362069	34.2	41.3
256	Spectrogram 1	1	35718.710283251	35730.939347291	26.8	39.9
257	Spectrogram 1	1	35852.018165025	35865.577278325	27.1	39.6
258	Spectrogram 1	1	35905.094519704	35914.035406404	26.8	38.9
259	Spectrogram 1	1	35991.924568966	36003.303879310	28.9	41.0
260	Spectrogram 1	1	36036.651169951	36043.005849754	31.4	41.8
261	Spectrogram 1	1	36105.688115764	36116.697967980	28.0	40.1
262	Spectrogram 1	1	36152.668411330	36160.168411330	29.0	39.7
263	Spectrogram 1	1	36243.473830049	36261.096982759	27.8	41.8
264	Spectrogram 1	1	36321.045258621	36327.030480296	34.8	46.0
265	Spectrogram 1	1	36398.069889163	36413.143780788	25.9	37.7
266	Spectrogram 1	1	36540.798953202	36549.074815271	26.8	37.2
267	Spectrogram 1	1	36618.355603448	36621.902401478	33.6	47.0
268	Spectrogram 1	1	36647.321120690	36650.165948276	27.6	37.7
269	Spectrogram 1	1	36688.648706897	36696.924568966	30.3	42.9
270	Spectrogram 1	1	36790.589593596	36798.495997537	30.7	45.3
271	Spectrogram 1	1	36875.321120690	36886.626539409	30.3	39.0
272	Spectrogram 1	1	37006.175800493	37010.757081281	34.3	47.8
273	Spectrogram 1	1	37081.234913793	37088.919642857	32.4	44.6
274	Spectrogram 1	1	37120.567426108	37132.205357143	30.1	41.3
275	Spectrogram 1	1	37135.604371921	37137.931958128	32.1	41.9
276	Spectrogram 1	1	37223.136391626	37226.609298030	28.3	37.7
277	Spectrogram 1	1	37253.321120690	37256.757081281	37.8	50.4
278	Spectrogram 1	1	37260.784174877	37268.505849754	33.7	45.1
279	Spectrogram 1	1	37272.333435961	37277.838362069	33.3	47.6
280	Spectrogram 1	1	37281.422105911	37293.392549261	27.1	40.2
281	Spectrogram 1	1	37381.552647783	37393.486145320	29.2	53.1
282	Spectrogram 1	1	37417.685652709	37425.185652709	30.8	44.7
283	Spectrogram 1	1	37508.986145320	37522.175800493	25.4	42.9
284	Spectrogram 1	1	37708.914716749	37717.227524631	27.1	37.2
285	Spectrogram 1	1	37748.742302956	37756.981219212	28.3	39.2
286	Spectrogram 1	1	37832.395012315	37840.005849754	34.6	44.2
287	Spectrogram 1	1	37859.696928879	37865.387623153	34.0	48.7
288	Spectrogram 1	1	37890.509736761	37901.778209667	27.7	39.8
289	Spectrogram 1	1	37925.778209667	37932.280672722	27.8	40.9
290	Spectrogram 1	1	38068.876731835	38079.036830357	27.4	38.4
291	Spectrogram 1	1	38106.583628387	38116.669835283	30.4	46.4
292	Spectrogram 1	1	38167.196928879	38176.544219520	29.9	39.8
293	Spectrogram 1	1	38286.834859914	38290.640278633	31.0	41.2
294	Spectrogram 1	1	38275.344712131	38278.300377155	31.6	41.8
295	Spectrogram 1	1	38329.123037254	38334.110721983	33.2	42.7
296	Spectrogram 1	1	38402.948160406	38412.923529865	31.9	48.0
297	Spectrogram 1	1	38416.950623461	38421.790524938	30.7	39.0
298	Spectrogram 1	1	38433.243726909	38437.270820505	31.2	39.7
299	Spectrogram 1	1	38480.039293411	38483.031904249	24.0	31.3
300	Spectrogram 1	1	38505.975254002	38508.967864840	28.2	37.4
301	Spectrogram 1	1	38518.411214594	38523.990032328	31.3	40.4
302	Spectrogram 1	1	38584.677224446	38588.113185037	24.6	32.8
303	Spectrogram 1	1	38618.430919027	38628.184613608	31.7	41.4
304	Spectrogram 1	1	38628.221559421	38632.802840209	28.3	46.7
305	Spectrogram 1	1	38736.627963362	38739.694465825	31.3	41.4
306	Spectrogram 1	1	38857.448160406	38865.132889470	29.3	51.8
307	Spectrogram 1	1	39058.263431342	39072.930919027	25.4	36.2
308	Spectrogram 1	1	39051.022052032	39054.088554495	24.7	34.0
309	Spectrogram 1	1	39176.682150554	39188.504810653	27.2	36.6
310	Spectrogram 1	1	39261.014662869	39271.876731835	30.0	38.4
312	Spectrogram 1	1	39300.701854988	39309.864416564	25.8	35.2
313	Spectrogram 1	1	39344.999884544	39354.753579126	32.8	43.2
314	Spectrogram 1	1	39559.159983066	39571.684613608	33.2	46.9
315	Spectrogram 1	1	39727.440771244	39742.625500308	28.3	37.3
316	Spectrogram 1	1	39758.586091441	39768.967864840	34.1	47.7
317	Spectrogram 1	1	39821.608258929	39840.007273707	33.4	45.0
318	Spectrogram 1	1	39843.842249076	39857.623037254	29.0	37.4
319	Spectrogram 1	1	39908.852101293	39922.189539717	35.0	48.1
320	Spectrogram 1	1	40015.595943658	40026.310229372	31.8	44.9
321	Spectrogram 1	1	40126.551608682	40132.352101293	36.0	47.8
322	Spectrogram 1	1	40111.034367303	40116.539293411	32.8	46.2
323	Spectrogram 1	1	40227.975254002	40234.810229372	31.7	45.6
324	Spectrogram 1	1	40380.221559421	40384.913677648	31.3	44.6
325	Spectrogram 1	1	40443.605795874	40457.682150554	35.0	46.4
326	Spectrogram 1	1	40589.866879618	40604.977717057	34.4	48.3
327	Spectrogram 1	1	40774.699391934	40779.280672722	38.1	47.7
328	Spectrogram 1	1	40676.696928879	40679.652593904	25.2	34.2
329	Spectrogram 1	1	40821.199391934	40828.329933805	34.9	45.7
330	Spectrogram 1	1	40860.236337746	40866.738800800	34.2	46.7
331	Spectrogram 1	1	40937.127963362	40943.150130850	34.9	46.6
332	Spectrogram 1	1	41014.145204741	41018.652593904	33.1	45.4
333	Spectrogram 1	1	41145.310229372	41149.300377155	34.8	43.3
334	Spectrogram 1	1	41288.763431342	41292.901362377	38.1	48.1
335	Spectrogram 1	1	41408.549145628	41412.206781096	37.2	47.2
336	Spectrogram 1	1	41521.943234298	41527.226485530	39.2	49.9
337	Spectrogram 1	1	41674.522052032	41680.692002771	36.9	46.7
338	Spectrogram 1	1	41716.145204741	41724.199391934	26.2	32.7
339	Spectrogram 1	1	42104.955549569	42107.320081589	31.7	41.0
340	Spectrogram 1	1	42399.598406712	42402.184613608	31.7	40.4
341	Spectrogram 1	1	43191.901362377	43195.337322968	33.6	41.9
342	Spectrogram 1	1	43339.935845135	43344.960475677	32.2	39.8
343	Spectrogram 1	1	43618.507273707	43621.425992919	33.0	40.0
344	Spectrogram 1	1	43848.694465825	43852.906288485	30.8	39.3
345	Spectrogram 1	1	44015.977717057	44021.593480603	31.8	41.6
346	Spectrogram 1	1	44108.238800800	44111.563923953	36.0	43.3
347	Spectrogram 1	1	44353.389047106	44362.071313116	32.7	39.6
348	Spectrogram 1	1	44513.985106219	44518.159983066	33.2	41.6
349	Spectrogram 1	1	44528.785598830	44533.071313116	39.3	48.1
350	Spectrogram 1	1	44778.554071736	44781.768357451	33.1	41.9
351	Spectrogram 1	1	45065.275746613	45068.563923953	37.7	48.6
352	Spectrogram 1	1	45181.551608682	45188.312692426	32.9	41.4
353	Spectrogram 1	1	45336.088554495	45339.893973214	31.6	38.7
354	Spectrogram 1	1	45899.216633313	45904.425992919	34.0	42.7
355	Spectrogram 1	1	46028.009736761	46030.669835283	33.1	41.2
356	Spectrogram 1	1	46033.145204741	46036.913677648	35.3	46.0
357	Spectrogram 1	1	46330.928455973	46336.433382081	32.9	43.0
358	Spectrogram 1	1	46447.204318042	46450.861953510	32.3	39.6
359	Spectrogram 1	1	46567.366879618	46570.728948584	32.7	40.6
360	Spectrogram 1	1	46660.477717057	46664.726485530	31.6	38.1
361	Spectrogram 1	1	46915.551608682	46921.943234298	33.2	41.9
362	Spectrogram 1	1	46984.588554495	46992.162446121	33.4	42.6
363	Spectrogram 1	1	46997.297914101	47001.029441195	34.0	39.7
364	Spectrogram 1	1	47081.135352525	47086.123037254	32.6	41.1
365	Spectrogram 1	1	47086.086091441	47089.152593904	38.9	46.1
366	Spectrogram 1	1	47106.554071736	47109.842249076	32.8	38.7
367	Spectrogram 1	1	47128.004810653	47131.108258929	36.1	43.2
368	Spectrogram 1	1	47221.425992919	47224.492495382	34.7	40.1
369	Spectrogram 1	1	47300.423529865	47303.342249076	35.9	44.2
370	Spectrogram 1	1	47509.403825431	47515.167372229	36.2	44.4
371	Spectrogram 1	1	47796.177224446	47800.943234298	34.4	44.1
372	Spectrogram 1	1	47905.285598830	47908.610721983	40.7	47.7
373	Spectrogram 1	1	47986.167372229	47988.938308190	31.4	38.8
374	Spectrogram 1	1	48099.118111145	48102.997421490	30.9	36.4
375	Spectrogram 1	1	48143.453086515	48147.849638239	34.9	42.3
376	Spectrogram 1	1	48412.307766318	48417.406288485	32.9	40.1
377	Spectrogram 1	1	48543.531904249	48546.561460899	31.1	38.9
378	Spectrogram 1	1	48681.236337746	48686.297914101	36.8	43.6
379	Spectrogram 1	1	48700.728948584	48706.086091441	32.9	39.2
380	Spectrogram 1	1	49179.192002771	49182.627963362	38.8	47.4
381	Spectrogram 1	1	49465.595943658	49469.844712131	36.4	45.1
382	Spectrogram 1	1	49690.499884544	49696.115648091	36.1	43.4
383	Spectrogram 1	1	49659.982643165	49664.379194889	32.1	38.9
384	Spectrogram 1	1	49717.825007697	49721.334859914	36.9	42.4
385	Spectrogram 1	1	49822.832396860	49830.591017549	32.7	41.4
386	Spectrogram 1	1	49965.524515086	49970.216633313	34.2	44.1
387	Spectrogram 1	1	50030.985106219	50040.849638239	30.7	42.4
388	Spectrogram 1	1	50095.145204741	50106.413677648	33.4	44.1
389	Spectrogram 1	1	50183.127963362	50198.423529865	33.9	43.4
390	Spectrogram 1	1	50331.916140702	50339.933382081	32.9	42.6
391	Spectrogram 1	1	50399.645204741	50411.800377155	34.0	40.9
392	Spectrogram 1	1	50481.871805727	50496.871805727	33.1	41.6
393	Spectrogram 1	1	50564.490032328	50576.571313116	32.7	43.4
394	Spectrogram 1	1	50653.765894397	50668.839786022	32.2	43.7
395	Spectrogram 1	1	50846.911214594	50859.583628387	33.7	43.8
396	Spectrogram 1	1	50908.965401786	50927.623037254	30.6	40.9
397	Spectrogram 1	1	51013.566387007	51029.896436268	34.1	41.9
398	Spectrogram 1	1	51186.797914101	51200.763431342	32.2	41.9
399	Spectrogram 1	1	51267.155056958	51283.263431342	28.6	40.9
400	Spectrogram 1	1	51331.869342672	51343.618111145	31.8	39.1
401	Spectrogram 1	1	51411.502347599	51426.317618534	30.8	39.9
402	Spectrogram 1	1	51464.652593904	51475.182150554	29.9	37.8
403	Spectrogram 1	1	51568.958012623	51580.263431342	31.0	41.4
404	Spectrogram 1	1	51587.800377155	51594.081165333	30.1	37.4
405	Spectrogram 1	1	51635.889047106	51638.512199815	29.6	36.7
406	Spectrogram 1	1	51653.534367303	51657.746189963	33.0	46.1
407	Spectrogram 1	1	51668.423529865	51678.842249076	30.1	46.2
408	Spectrogram 1	1	51755.312692426	51758.083628387	31.4	37.8
409	Spectrogram 1	1	51767.874268781	51773.600869766	29.1	37.8
410	Spectrogram 1	1	51878.349638239	51894.088554495	30.3	40.0
411	Spectrogram 1	1	52029.598406712	52038.834859914	28.9	38.4
412	Spectrogram 1	1	52117.773283559	52123.315155480	27.0	38.0
413	Spectrogram 1	1	52508.911214594	52514.083628387	27.8	36.7
414	Spectrogram 1	1	53161.499884544	53166.967864840	29.2	36.6
415	Spectrogram 1	1	53408.201854988	53411.674761392	27.4	38.8
416	Spectrogram 1	1	53578.758505234	53585.408751539	28.2	37.1
417	Spectrogram 1	1	53595.864416564	53599.374268781	30.0	37.6
418	Spectrogram 1	1	53873.844712131	53877.132889470	29.9	37.6
419	Spectrogram 1	1	53902.352101293	53905.418603756	28.9	35.8
420	Spectrogram 1	1	53923.632889470	53926.588554495	29.6	37.9
421	Spectrogram 1	1	54032.445697352	54037.655056958	29.4	38.4
422	Spectrogram 1	1	54040.610721983	54043.049145628	31.2	38.6
423	Spectrogram 1	1	54110.608258929	54113.896436268	30.3	38.2
424	Spectrogram 1	1	54172.721559421	54176.416140702	30.6	38.2
425	Spectrogram 1	1	54632.246189963	54637.418603756	31.0	38.6
426	Spectrogram 1	1	54811.684613608	54817.595943658	32.0	40.3
427	Spectrogram 1	1	54995.172298337	54998.829933805	30.9	38.1
428	Spectrogram 1	1	55051.241263855	55054.603332820	30.6	39.1
429	Spectrogram 1	1	55086.325007697	55092.605795874	30.3	41.6
430	Spectrogram 1	1	55238.238800800	55240.307766318	29.4	35.4
431	Spectrogram 1	1	55287.546682574	55291.241263855	29.7	38.7
432	Spectrogram 1	1	55384.056534791	55388.194465825	29.2	40.4
433	Spectrogram 1	1	55543.802840209	55547.645204741	31.1	40.1
434	Spectrogram 1	1	55684.485106219	55688.142741687	31.0	41.3
435	Spectrogram 1	1	56015.357027401	56018.238800800	32.1	40.0
436	Spectrogram 1	1	56841.539293411	56845.196928879	30.8	41.1
437	Spectrogram 1	1	56893.248653017	56897.460475677	30.0	39.1
438	Spectrogram 1	1	57000.325007697	57003.132889470	30.3	37.9
439	Spectrogram 1	1	57073.352101293	57079.374268781	29.3	42.6
440	Spectrogram 1	1	57301.913677648	57308.711707204	33.0	42.7
441	Spectrogram 1	1	57321.051608682	57334.928455973	33.0	43.7
442	Spectrogram 1	1	57343.167372229	57352.145204741	23.3	34.6
443	Spectrogram 1	1	57465.945697352	57479.948160406	34.0	44.8
444	Spectrogram 1	1	57545.017125924	57556.950623461	31.8	44.6
445	Spectrogram 1	1	57633.923529865	57653.763431342	36.7	48.7
446	Spectrogram 1	1	57792.930919027	57799.581165333	31.1	43.8
447	Spectrogram 1	1	57843.753579126	57858.790524938	31.6	42.0
448	Spectrogram 1	1	57902.852101293	57915.155056958	31.2	41.6
449	Spectrogram 1	1	57994.004810653	58009.337322968	32.1	46.9
450	Spectrogram 1	1	58132.263431342	58138.470327894	33.0	42.3
451	Spectrogram 1	1	58182.088554495	58193.357027401	32.0	46.0
452	Spectrogram 1	1	58209.487569273	58211.741263855	34.6	47.4
453	Spectrogram 1	1	58283.696928879	58298.364416564	32.3	46.8
454	Spectrogram 1	1	58512.975254002	58540.721559421	32.9	45.0
455	Spectrogram 1	1	58706.674761392	58711.699391934	34.7	46.9
456	Spectrogram 1	1	58875.140278633	58892.615648091	30.4	44.3
457	Spectrogram 1	1	59011.256042180	59028.834859914	30.4	45.2
458	Spectrogram 1	1	59130.738800800	59141.896436268	31.4	45.3
459	Spectrogram 1	1	59208.014662869	59222.386584052	30.8	46.7
460	Spectrogram 1	1	59312.578702278	59332.455549569	33.9	47.6
461	Spectrogram 1	1	59495.992495382	59511.325007697	33.8	44.4
462	Spectrogram 1	1	60027.893973214	60043.522052032	33.0	47.1
463	Spectrogram 1	1	60104.541756466	60114.849638239	32.6	46.8
464	Spectrogram 1	1	60173.504810653	60194.630426416	31.1	47.0
466	Spectrogram 1	1	60585.930919027	60599.526978140	35.4	46.3
467	Spectrogram 1	1	60657.650130850	60665.925992919	32.6	43.7
468	Spectrogram 1	1	60713.756042180	60728.497421490	35.7	45.1
469	Spectrogram 1	1	60782.903825431	60794.320081589	32.3	45.6
470	Spectrogram 1	1	60868.204318042	60890.371805727	35.7	47.7
471	Spectrogram 1	1	60944.224022475	60950.800377155	32.4	43.6
472	Spectrogram 1	1	60986.364416564	60992.534367303	31.0	41.8
473	Spectrogram 1	1	61096.876731835	61110.546682574	30.6	46.0
474	Spectrogram 1	1	61302.679687500	61313.615648091	35.9	44.4
475	Spectrogram 1	1	61389.487569273	61397.985106219	34.4	51.4
476	Spectrogram 1	1	61433.992495382	61439.091017549	31.3	43.2
477	Spectrogram 1	1	61605.413677648	61614.982643165	37.0	47.8
478	Spectrogram 1	1	61617.783135776	61624.433382081	33.4	43.4
479	Spectrogram 1	1	61735.832396860	61741.632889470	31.9	46.2
480	Spectrogram 1	1	61775.386584052	61779.081165333	28.7	38.8
481	Spectrogram 1	1	61911.391510160	61917.930919027	37.3	48.9
482	Spectrogram 1	1	61989.945697352	61996.041756466	37.2	48.0
483	Spectrogram 1	1	62284.625500308	62290.684613608	35.2	46.1
484	Spectrogram 1	1	62861.445697352	62871.827470751	33.9	47.8
485	Spectrogram 1	1	63596.881657943	63600.428455973	38.8	50.0
486	Spectrogram 1	1	63719.312692426	63725.002347599	37.0	48.1
487	Spectrogram 1	1	63822.081165333	63824.408751539	33.3	41.4
488	Spectrogram 1	1	63828.568850062	63834.147667796	31.4	39.0
489	Spectrogram 1	1	63956.741263855	63962.541756466	36.0	44.3
490	Spectrogram 1	1	64051.159983066	64056.406288485	31.4	37.8
491	Spectrogram 1	1	64437.325007697	64440.982643165	37.0	51.4
492	Spectrogram 1	1	64640.578702278	64643.386584052	36.6	45.3
493	Spectrogram 1	1	64797.642741687	64804.071313116	38.7	50.3
494	Spectrogram 1	1	65118.982643165	65124.413677648	35.9	50.9
495	Spectrogram 1	1	65219.297914101	65226.280672722	35.9	46.4
496	Spectrogram 1	1	65464.765894397	65468.866879618	25.1	36.0
497	Spectrogram 1	1	66242.490032328	66245.889047106	32.2	44.0
498	Spectrogram 1	1	66483.155056958	66486.073776170	30.3	45.4
499	Spectrogram 1	1	66655.869342672	66661.004810653	35.3	47.1
500	Spectrogram 1	1	66961.692002771	66967.455549569	31.1	41.4
501	Spectrogram 1	1	66984.155056958	66986.778209667	35.4	44.7
502	Spectrogram 1	1	67026.443234298	67029.214170259	30.6	37.4
503	Spectrogram 1	1	67059.953086515	67061.911214594	34.7	44.9
504	Spectrogram 1	1	67086.834859914	67093.780672722	29.4	39.2
505	Spectrogram 1	1	67101.724022475	67107.967864840	32.3	45.7
506	Spectrogram 1	1	67176.923529865	67183.278209667	34.4	46.1
507	Spectrogram 1	1	67323.554071736	67331.608258929	33.6	44.6
508	Spectrogram 1	1	67420.433382081	67431.664909175	33.8	47.4
509	Spectrogram 1	1	67477.684613608	67481.711707204	32.4	40.4
510	Spectrogram 1	1	67554.184613608	67563.236337746	33.3	45.6
511	Spectrogram 1	1	67564.159983067	67570.034367303	29.9	44.1
512	Spectrogram 1	1	67632.147667796	67639.869342672	34.9	46.7
513	Spectrogram 1	1	67668.465401786	67671.051608682	31.1	40.8
514	Spectrogram 1	1	67749.531904249	67755.110721983	32.2	44.8
515	Spectrogram 1	1	67955.925992919	67963.425992919	31.8	39.9
516	Spectrogram 1	1	67991.837322968	67996.714170259	31.1	41.1
517	Spectrogram 1	1	68036.083628387	68041.440771244	33.1	46.1
518	Spectrogram 1	1	68064.221559421	68067.583628387	32.2	43.3
519	Spectrogram 1	1	68110.684613608	68115.893973214	31.4	39.4
520	Spectrogram 1	1	68210.054071736	68215.115648091	33.3	44.0
521	Spectrogram 1	1	68354.393973214	68362.152593904	32.2	44.9
522	Spectrogram 1	1	68569.071313116	68575.019588978	30.6	46.6
523	Spectrogram 1	1	68579.157520012	68584.292987993	33.8	40.3
524	Spectrogram 1	1	68601.472790948	68607.753579126	33.2	40.8
525	Spectrogram 1	1	68651.962938732	68655.546682574	32.4	40.0
526	Spectrogram 1	1	68830.278209667	68835.820081589	38.9	47.9
527	Spectrogram 1	1	69025.196928879	69035.578702278	30.1	39.4
528	Spectrogram 1	1	69057.768357451	69065.453086515	27.7	38.1
529	Spectrogram 1	1	69095.977717057	69104.623037254	30.0	38.2
530	Spectrogram 1	1	69141.650130850	69148.448160406	28.6	38.0
531	Spectrogram 1	1	69170.874268781	69183.435845135	27.1	35.7
532	Spectrogram 1	1	69230.157520012	69241.425992919	30.1	39.8
533	Spectrogram 1	1	69239.430919027	69249.517125924	26.4	34.6
534	Spectrogram 1	1	69252.347175185	69254.674761392	21.3	31.3
535	Spectrogram 1	1	69279.354564347	69287.962938732	27.7	38.6
536	Spectrogram 1	1	69313.366879618	69325.558997845	27.0	38.1
537	Spectrogram 1	1	69326.852101293	69337.898899323	26.2	36.0
538	Spectrogram 1	1	69387.428455973	69399.916140702	28.0	38.8
539	Spectrogram 1	1	69406.647667796	69419.504810653	26.2	37.9
540	Spectrogram 1	1	69455.423529865	69468.095943658	28.8	41.4
541	Spectrogram 1	1	69515.556534791	69535.876731835	28.4	40.3
542	Spectrogram 1	1	69585.317618534	69588.716633313	31.0	38.1
543	Spectrogram 1	1	69650.320081589	69654.273283559	30.1	36.2
544	Spectrogram 1	1	69657.413677648	69665.061460899	29.6	38.4
545	Spectrogram 1	1	69682.906288485	69687.561460899	27.3	36.4
546	Spectrogram 1	1	69694.137815579	69698.977717057	29.3	37.6
547	Spectrogram 1	1	69726.155056958	69730.440771244	27.0	36.1
548	Spectrogram 1	1	69750.421066810	69771.812692426	27.7	41.6
549	Spectrogram 1	1	69806.785598830	69819.384120998	25.8	36.9
550	Spectrogram 1	1	69897.325007697	69907.411214594	27.8	36.9
551	Spectrogram 1	1	70133.852101293	70139.504810653	31.0	38.4
552	Spectrogram 1	1	70190.733874692	70194.613185037	27.2	36.3
553	Spectrogram 1	1	70308.746189963	70319.091017549	26.0	36.1
554	Spectrogram 1	1	70405.773283559	70414.603332820	28.1	41.2
555	Spectrogram 1	1	70479.169835283	70482.162446121	22.6	34.4
556	Spectrogram 1	1	70588.499884544	70591.677224446	22.0	32.2
557	Spectrogram 1	1	70639.100869766	70641.354564347	22.0	29.8
558	Spectrogram 1	1	70656.243726909	70660.159983067	21.9	31.0
559	Spectrogram 1	1	70744.366879618	70750.832396860	25.7	35.4
560	Spectrogram 1	1	70799.142741687	70801.728948584	31.3	37.9
561	Spectrogram 1	1	70926.539293411	70939.174761392	26.8	39.0
562	Spectrogram 1	1	71129.630426416	71133.620574200	28.0	35.1
563	Spectrogram 1	1	72163.795451047	72172.625500308	28.0	36.1
565	Spectrogram 1	1	72385.263431342	72403.182150554	25.7	38.3
566	Spectrogram 1	1	72646.802840209	72652.196928879	31.0	40.6
567	Spectrogram 1	1	72721.788061884	72725.778209667	28.8	38.7
568	Spectrogram 1	1	72779.630426416	72786.797914101	31.2	49.7
569	Spectrogram 1	1	72920.571313116	72922.714170259	29.6	37.9
571	Spectrogram 1	1	73281.827470751	73296.014662869	26.0	39.0
572	Spectrogram 1	1	73298.970327894	73304.031904249	26.8	41.4
573	Spectrogram 1	1	73404.790524938	73414.359490456	26.4	38.6
574	Spectrogram 1	1	73414.987569273	73421.416140702	27.8	38.1
575	Spectrogram 1	1	73560.140278633	73570.189539717	27.6	39.7
576	Spectrogram 1	1	73679.741263855	73686.871805727	28.6	37.6
577	Spectrogram 1	1	73936.411214594	73939.440771244	31.8	37.7
578	Spectrogram 1	1	74058.302840209	74064.325007697	31.8	39.9
579	Spectrogram 1	1	74150.231411638	74163.199391933	26.2	37.8
580	Spectrogram 1	1	74305.913677648	74310.568850062	31.1	39.9
581	Spectrogram 1	1	74357.852101293	74367.088554495	26.4	38.7
582	Spectrogram 1	1	74498.512199815	74506.159983067	27.1	36.8
583	Spectrogram 1	1	74610.834859914	74616.967864840	27.4	39.0
584	Spectrogram 1	1	74690.940771244	74697.517125924	27.1	36.8
585	Spectrogram 1	1	74709.930919027	74719.093480603	27.1	38.0
586	Spectrogram 1	1	74800.418603756	74805.701854988	32.2	40.9
587	Spectrogram 1	1	75143.889047106	75147.251116071	29.1	37.3
588	Spectrogram 1	1	75249.635352525	75252.960475677	28.6	36.7
589	Spectrogram 1	1	75479.859490456	75483.332396860	28.3	38.6
590	Spectrogram 1	1	75528.539293411	75532.529441195	31.9	42.1
591	Spectrogram 1	1	75634.832396860	75637.751116071	32.6	39.4
592	Spectrogram 1	1	75697.736337746	75701.726485530	32.6	42.9
593	Spectrogram 1	1	75703.019588978	75705.458012623	31.0	42.2
594	Spectrogram 1	1	75757.425992919	75762.192002771	33.7	42.4
595	Spectrogram 1	1	75801.007273707	75807.916140702	30.3	46.8
596	Spectrogram 1	1	76031.519588978	76037.837322968	33.1	52.0
597	Spectrogram 1	1	76204.898899323	76211.992495382	33.8	43.4
598	Spectrogram 1	1	76329.672298337	76334.364416564	34.4	46.9
599	Spectrogram 1	1	76532.992495382	76539.531904249	32.2	39.4
600	Spectrogram 1	1	76676.490032328	76684.765894397	28.6	42.4
601	Spectrogram 1	1	76989.930919027	76992.332396860	34.3	41.0
602	Spectrogram 1	1	77225.401362377	77232.162446121	33.0	46.0
603	Spectrogram 1	1	77426.290524938	77431.684613608	31.1	40.8
604	Spectrogram 1	1	77922.679687500	77926.595943658	31.3	46.0
605	Spectrogram 1	1	78150.022052032	78157.078702278	29.7	43.6
606	Spectrogram 1	1	78551.320081589	78555.273283559	31.3	40.0
607	Spectrogram 1	1	78630.627963362	78633.842249076	41.1	51.2
608	Spectrogram 1	1	78847.462938732	78851.600869766	30.8	39.1
609	Spectrogram 1	1	78991.618111145	78993.945697352	34.0	41.1
610	Spectrogram 1	1	79487.260968288	79494.022052032	33.9	44.4
611	Spectrogram 1	1	79550.756042180	79556.445697352	33.1	44.3
612	Spectrogram 1	1	79619.224022475	79625.393973214	34.4	49.1
613	Spectrogram 1	1	80136.147667796	80141.209244150	35.7	47.7
614	Spectrogram 1	1	80191.145204741	80194.322544643	40.0	51.4
615	Spectrogram 1	1	80203.078702278	80206.145204741	40.4	51.3
616	Spectrogram 1	1	80358.058997845	80363.637815579	33.6	43.6
617	Spectrogram 1	1	80583.206781096	80587.898899323	34.8	47.7
621	Spectrogram 1	1	80792.829933805	80796.487569273	30.7	40.0
624	Spectrogram 1	1	80982.561460899	80988.805303264	33.6	42.4
625	Spectrogram 1	1	81000.997421490	81007.241263855	30.3	39.6
627	Spectrogram 1	1	81500.137315271	81506.491995074	33.7	44.4
628	Spectrogram 1	1	81873.999384236	81880.501847291	27.4	42.0
629	Spectrogram 1	1	81970.671798030	81978.910714286	31.4	45.1
630	Spectrogram 1	1	82252.553571429	82264.339285714	27.1	39.8
631	Spectrogram 1	1	82303.930418719	82307.735837438	24.6	39.3
632	Spectrogram 1	1	82332.785098522	82350.962438424	27.3	41.1
633	Spectrogram 1	1	82474.464901478	82479.304802956	25.0	36.4
634	Spectrogram 1	1	82488.356527094	82501.841748768	30.3	43.4
635	Spectrogram 1	1	82589.447660099	82593.437807882	31.8	44.7
636	Spectrogram 1	1	82855.272783251	82865.654556650	29.3	45.8
637	Spectrogram 1	1	82927.265394089	82938.127463054	30.1	44.9
638	Spectrogram 1	1	83012.913177340	83023.073275862	30.2	46.9
639	Spectrogram 1	1	83074.708743842	83087.344211823	29.6	42.4
640	Spectrogram 1	1	83522.551108374	83526.097906404	29.9	39.2
641	Spectrogram 1	1	83710.893472906	83719.243226601	28.1	47.8
642	Spectrogram 1	1	84102.474753695	84109.014162562	32.9	45.8
643	Spectrogram 1	1	84390.725985222	84404.617610837	29.7	40.9
644	Spectrogram 1	1	84447.459975369	84454.073275862	31.7	44.1
645	Spectrogram 1	1	84534.105295567	84542.898399015	27.1	41.1
646	Spectrogram 1	1	84660.799876847	84666.489532020	37.7	45.4
647	Spectrogram 1	1	84656.218596059	84670.812192118	31.3	39.1
648	Spectrogram 1	1	84666.563423645	84672.105295567	23.2	33.8
650	Spectrogram 1	1	84832.368842365	84837.873768473	33.1	43.2
651	Spectrogram 1	1	85043.085591133	85054.317118227	27.4	42.6
652	Spectrogram 1	1	85120.612684729	85127.854064039	27.0	38.1
653	Spectrogram 1	1	85345.627463054	85351.021551724	32.4	43.1
654	Spectrogram 1	1	85603.546182266	85615.627463054	29.7	41.7
655	Spectrogram 1	1	85620.947660099	85627.930418719	31.6	43.4
656	Spectrogram 1	1	85646.100369458	85657.221059113	30.2	41.3
657	Spectrogram 1	1	85893.024014778	85899.895935961	29.9	42.6
658	Spectrogram 1	1	85990.125000000	86001.245689655	30.1	45.2
659	Spectrogram 1	1	86159.255541872	86170.154556650	29.7	43.1
660	Spectrogram 1	1	86364.282635468	86376.844211823	26.8	44.1
661	Spectrogram 1	1	86416.989532020	86429.107758621	26.2	42.0
662	Spectrogram 1	1	86497.184113300	86502.799876847	35.9	47.2
663	Spectrogram 1	1	86850.615147783	86860.664408867	25.1	43.4
664	Spectrogram 1	1	87229.546182266	87239.706280788	22.0	36.8
665	Spectrogram 1	1	87308.373768473	87317.314655172	28.1	40.7
666	Spectrogram 1	1	87342.053571429	87351.474753695	22.2	39.0
667	Spectrogram 1	1	87538.006773399	87547.908251232	23.2	42.0
668	Spectrogram 1	1	87565.368842365	87581.846674877	25.7	40.8
669	Spectrogram 1	1	87944.366379310	87955.413177340	24.9	46.9
670	Spectrogram 1	1	88240.080665025	88247.765394089	27.7	39.4
671	Spectrogram 1	1	88333.117610837	88341.762931034	29.1	42.9
672	Spectrogram 1	1	88508.344211823	88516.620073892	26.3	40.8
673	Spectrogram 1	1	88609.324507389	88614.866379310	29.6	43.0
674	Spectrogram 1	1	88686.105295567	88688.913177340	32.0	50.7
675	Spectrogram 1	1	88831.826970443	88837.701354680	29.4	39.4
676	Spectrogram 1	1	88978.198891626	88992.423029557	29.8	41.9
677	Spectrogram 1	1	89046.496921182	89053.923029557	28.6	41.8
678	Spectrogram 1	1	89100.866379310	89109.622536946	31.7	44.6
679	Spectrogram 1	1	89227.102832512	89233.161945813	29.7	40.9
680	Spectrogram 1	1	89243.211206897	89252.262931034	30.2	42.8
681	Spectrogram 1	1	89467.376231527	89475.578201970	33.0	43.7
682	Spectrogram 1	1	89536.265394089	89543.728448276	29.9	42.9
683	Spectrogram 1	1	89612.824507389	89620.546182266	28.3	40.6
684	Spectrogram 1	1	89695.531403941	89702.551108374	32.0	43.1
685	Spectrogram 1	1	89754.326970443	89763.785098522	30.0	42.6
686	Spectrogram 1	1	89919.024014778	89928.629926108	30.0	43.1
687	Spectrogram 1	1	89948.026477833	89953.531403941	31.1	39.0
688	Spectrogram 1	1	90060.681650246	90068.846674877	30.8	42.3
689	Spectrogram 1	1	90118.967364532	90126.024014778	28.9	41.8
690	Spectrogram 1	1	90281.743226601	90287.543719212	32.1	40.8
691	Spectrogram 1	1	90289.376231527	90297.652093596	29.3	41.7
692	Spectrogram 1	1	90437.684113300	90445.294950739	27.8	41.9
693	Spectrogram 1	1	90507.999384236	90517.235837438	30.4	45.8
694	Spectrogram 1	1	90640.642241379	90646.701354680	30.4	43.3
695	Spectrogram 1	1	90703.324507389	90710.565886700	30.3	43.9
696	Spectrogram 1	1	90837.947660099	90842.898399015	34.0	44.1
697	Spectrogram 1	1	90883.043719212	90891.799876847	27.6	40.6
698	Spectrogram 1	1	90947.240763547	90955.294950739	28.4	39.2
699	Spectrogram 1	1	91114.819581281	91124.462438424	28.4	40.3
700	Spectrogram 1	1	91467.637315271	91478.462438424	27.0	49.3
702	Spectrogram 1	1	91884.674261084	91892.987068966	27.9	42.7
703	Spectrogram 1	1	92161.413177340	92166.807266010	33.0	42.3
704	Spectrogram 1	1	92378.632389163	92387.942733990	27.0	38.6
705	Spectrogram 1	1	92609.152093596	92616.652093596	27.7	41.1
706	Spectrogram 1	1	92839.309729064	92844.075738916	22.3	33.3
707	Spectrogram 1	1	93230.536330049	93236.447660099	31.6	40.9
708	Spectrogram 1	1	93291.962438424	93301.051108374	30.6	42.2
709	Spectrogram 1	1	93462.386083744	93471.216133005	30.7	43.2
710	Spectrogram 1	1	93616.516625616	93625.531403941	29.2	40.1
711	Spectrogram 1	1	94033.738300493	94043.344211823	29.6	39.1
712	Spectrogram 1	1	94095.681650246	94105.620073892	30.6	39.0
713	Spectrogram 1	1	94158.290024631	94166.898399015	31.4	41.8
714	Spectrogram 1	1	94272.866379310	94282.989532020	31.6	41.9
715	Spectrogram 1	1	94386.556034483	94393.649630542	29.9	40.1
716	Spectrogram 1	1	94445.033866995	94453.790024631	31.3	39.9
717	Spectrogram 1	1	94713.186576355	94718.765394089	29.6	40.4
718	Spectrogram 1	1	94847.381157635	94853.255541872	31.0	40.6
719	Spectrogram 1	1	94854.696428571	94859.979679803	29.9	38.9
720	Spectrogram 1	1	94974.777709360	94982.203817734	30.6	40.1
721	Spectrogram 1	1	95031.024014778	95041.294950739	30.6	41.3
722	Spectrogram 1	1	95042.846674877	95051.602832512	31.3	41.2
723	Spectrogram 1	1	95160.895935961	95166.807266010	31.0	39.8
724	Spectrogram 1	1	95473.368842365	95479.945197044	29.3	40.2
725	Spectrogram 1	1	95857.021551724	95865.334359606	31.4	42.0
726	Spectrogram 1	1	95905.701354680	95914.568349754	29.4	45.1
727	Spectrogram 1	1	96053.551108374	96063.415640394	31.1	42.4
728	Spectrogram 1	1	96086.137315271	96095.225985222	28.6	39.7
729	Spectrogram 1	1	96168.459975369	96175.147167488	30.9	38.6
730	Spectrogram 1	1	96228.962438424	96243.556034483	25.0	40.2
731	Spectrogram 1	1	96330.127463054	96341.876231527	30.9	40.9
732	Spectrogram 1	1	96372.415640394	96384.016625616	29.6	40.0
733	Spectrogram 1	1	96449.432881773	96455.565886700	25.2	36.6
734	Spectrogram 1	1	96465.652093596	96475.442733990	30.7	39.7
735	Spectrogram 1	1	96526.590517241	96542.255541872	26.8	41.3
736	Spectrogram 1	1	96619.383620690	96625.294950739	31.1	39.1
737	Spectrogram 1	1	96642.090517241	96648.592980296	27.3	39.1
738	Spectrogram 1	1	96692.174261084	96700.450123153	29.6	39.1
739	Spectrogram 1	1	96760.028940887	96782.085591133	26.9	41.2
740	Spectrogram 1	1	96786.230911330	96798.681650246	27.3	40.9
741	Spectrogram 1	1	96841.930418719	96854.972290640	28.0	40.6
742	Spectrogram 1	1	96911.891009852	96915.918103448	31.4	42.4
743	Spectrogram 1	1	96943.413177340	96951.319581281	29.7	42.4
744	Spectrogram 1	1	97010.307266010	97018.767857143	31.8	41.0
745	Spectrogram 1	1	97035.947660099	97044.297413793	31.0	40.3
746	Spectrogram 1	1	97065.341748768	97070.698891626	29.0	38.6
747	Spectrogram 1	1	97101.814655172	97110.977216749	30.7	40.4
748	Spectrogram 1	1	97114.634852217	97123.021551724	31.7	42.0
749	Spectrogram 1	1	97221.526477833	97230.024014778	26.6	37.9
750	Spectrogram 1	1	97247.019088670	97256.661945813	30.9	41.1
751	Spectrogram 1	1	97298.248152709	97308.223522167	29.1	40.4
752	Spectrogram 1	1	97527.430418719	97532.639778325	30.7	41.0
753	Spectrogram 1	1	97575.223522167	97581.910714286	28.7	40.1
754	Spectrogram 1	1	97650.541256158	97652.979679803	31.4	40.4
755	Spectrogram 1	1	97664.654556650	97672.265394089	30.0	39.7
756	Spectrogram 1	1	97727.595443350	97734.799876847	30.3	40.3
757	Spectrogram 1	1	98201.661945813	98205.836822660	35.1	46.4
758	Spectrogram 1	1	98539.627463054	98544.134852217	33.0	43.2
759	Spectrogram 1	1	98903.440270936	98908.206280788	31.2	42.8
760	Spectrogram 1	1	99354.755541872	99359.927955665	33.8	44.2
761	Spectrogram 1	1	99576.888546798	99582.725985222	32.9	42.4
762	Spectrogram 1	1	99686.661945813	99695.381157635	32.4	46.3
763	Spectrogram 1	1	99803.713669951	99806.299876847	33.0	44.8
764	Spectrogram 1	1	99865.398399015	99877.442733990	32.8	44.4
765	Spectrogram 1	1	100079.218596059	100084.760467980	32.4	44.3
766	Spectrogram 1	1	100327.568349754	100334.588054187	31.6	46.3
767	Spectrogram 1	1	100494.777709360	100505.122536946	32.4	45.3
768	Spectrogram 1	1	100880.506773399	100892.514162562	33.4	45.4
769	Spectrogram 1	1	100972.856527094	100980.762931034	33.1	43.0
770	Spectrogram 1	1	101077.531403941	101086.915640394	31.0	41.3
771	Spectrogram 1	1	101235.615147783	101240.824507389	35.2	45.6
772	Spectrogram 1	1	101266.671798030	101270.588054187	26.2	41.4
773	Spectrogram 1	1	101308.221059113	101315.979679803	35.3	47.6
774	Spectrogram 1	1	101576.336822660	101580.770320197	33.8	43.2
775	Spectrogram 1	1	102390.659482759	102398.491995074	30.7	41.3
776	Spectrogram 1	1	102486.031403941	102496.524014778	32.4	44.4
777	Spectrogram 1	1	102623.440270936	102631.605295567	32.8	43.8
778	Spectrogram 1	1	103154.543719212	103162.043719212	33.0	44.1
779	Spectrogram 1	1	103355.373768473	103361.802339901	32.1	45.1
780	Spectrogram 1	1	103460.048645320	103469.802339901	30.3	42.2
781	Spectrogram 1	1	103659.570812808	103669.287561576	24.8	42.9
782	Spectrogram 1	1	104046.733374384	104052.681650246	36.8	47.4
783	Spectrogram 1	1	104296.265394089	104301.363916256	28.4	43.4
784	Spectrogram 1	1	104633.935344828	104641.915640394	29.2	43.2
785	Spectrogram 1	1	104796.600369458	104813.004310345	29.9	43.0
786	Spectrogram 1	1	104966.898399015	104972.255541872	26.9	35.6
787	Spectrogram 1	1	105212.565886700	105221.913177340	25.2	48.2
788	Spectrogram 1	1	105865.989532020	105877.812192118	27.7	41.3
789	Spectrogram 1	1	106636.657019704	106646.743226601	25.3	55.2
790	Spectrogram 1	1	106774.021551724	106777.198891626	25.3	38.8
791	Spectrogram 1	1	106899.423029557	106910.950123153	25.4	45.8
793	Spectrogram 1	1	106997.595443350	107010.895935961	31.4	45.7
794	Spectrogram 1	1	107225.491995074	107234.063423645	25.8	42.6
795	Spectrogram 1	1	107612.654556650	107616.312192118	33.2	46.4
796	Spectrogram 1	1	108120.918103448	108125.979679803	31.1	42.1
797	Spectrogram 1	1	108836.957512315	108848.299876847	28.1	49.8
798	Spectrogram 1	1	109037.809729064	109050.556034483	29.6	48.1
799	Spectrogram 1	1	109261.125000000	109263.637315271	28.9	40.4
800	Spectrogram 1	1	109303.893472906	109313.019088670	32.7	51.9
801	Spectrogram 1	1	109529.499384236	109534.376231527	26.4	34.8
802	Spectrogram 1	1	109539.363916256	109556.876231527	25.7	36.7
803	Spectrogram 1	1	109813.169334975	109830.903325123	26.4	39.9
804	Spectrogram 1	1	109965.046182266	109978.198891626	26.1	39.0
805	Spectrogram 1	1	110047.716133005	110053.147167488	27.6	39.1
806	Spectrogram 1	1	110125.568349754	110148.326970443	24.6	40.0
807	Spectrogram 1	1	110286.090517241	110301.681650246	29.3	38.4
808	Spectrogram 1	1	110355.016625616	110362.553571429	29.4	39.2
809	Spectrogram 1	1	110392.354064039	110410.272783251	26.1	40.9
810	Spectrogram 1	1	110458.028940887	110472.696428571	29.2	39.3
811	Spectrogram 1	1	110473.509236453	110498.484605911	25.1	38.4
812	Spectrogram 1	1	110573.233374384	110588.011699507	24.6	42.0
813	Spectrogram 1	1	110597.543719212	110607.112684729	30.1	38.4
814	Spectrogram 1	1	110741.329433498	110759.432881773	27.0	40.3
815	Spectrogram 1	1	110871.496921182	110893.405788177	26.9	43.9
817	Spectrogram 1	1	110982.120073892	110995.531403941	31.0	39.9
818	Spectrogram 1	1	110992.575738916	111002.772783251	26.6	37.3
819	Spectrogram 1	1	111031.524014778	111041.056034483	33.4	40.4
820	Spectrogram 1	1	111064.553571429	111084.725985222	25.6	41.4
821	Spectrogram 1	1	111137.676724138	111147.836822660	27.3	39.2
822	Spectrogram 1	1	111156.445197044	111176.802339901	24.9	39.2
823	Spectrogram 1	1	111243.282635468	111267.482142857	26.6	40.3
824	Spectrogram 1	1	111319.228448276	111342.134852217	28.7	39.9
826	Spectrogram 1	1	111397.745689655	111411.858990148	32.0	41.4
829	Spectrogram 1	1	111430.959975369	111437.647167488	35.1	40.7
830	Spectrogram 1	1	111410.159482759	111426.969827586	26.4	40.0
831	Spectrogram 1	1	111492.378694581	111512.329433498	28.7	40.8
832	Spectrogram 1	1	111523.634852217	111535.014162562	32.4	40.1
833	Spectrogram 1	1	111574.826970443	111583.509236453	27.0	36.8
834	Spectrogram 1	1	111583.989532020	111600.060960591	26.4	42.1
835	Spectrogram 1	1	111678.245689655	111698.824507389	27.9	40.7
836	Spectrogram 1	1	111762.489532020	111780.740763547	27.4	43.2
837	Spectrogram 1	1	111838.398399015	111857.277709360	27.3	40.8
838	Spectrogram 1	1	111860.381157635	111869.506773399	28.2	37.7
839	Spectrogram 1	1	111881.056034483	111887.152093596	32.7	39.7
840	Spectrogram 1	1	111933.386083744	111941.661945813	27.9	37.9
841	Spectrogram 1	1	111951.267857143	111958.435344828	33.8	42.0
842	Spectrogram 1	1	111910.627463054	111929.839285714	30.1	40.4
843	Spectrogram 1	1	111975.341748768	111990.304802956	31.8	40.2
844	Spectrogram 1	1	111997.065886700	112012.546182266	29.2	41.2
845	Spectrogram 1	1	112079.092980296	112091.765394089	29.4	39.9
846	Spectrogram 1	1	112140.149630542	112155.703817734	30.0	42.3
847	Spectrogram 1	1	112160.137315271	112169.780172414	30.1	39.7
848	Spectrogram 1	1	112219.450123153	112237.553571429	32.0	42.6
849	Spectrogram 1	1	112274.225985222	112287.600369458	31.1	41.6
850	Spectrogram 1	1	112340.048645320	112359.519088670	30.7	44.8
851	Spectrogram 1	1	112425.371305419	112444.767857143	28.9	45.0
852	Spectrogram 1	1	112503.496921182	112517.092980296	30.2	44.4
853	Spectrogram 1	1	112524.991995074	112540.583128079	30.1	42.3
854	Spectrogram 1	1	112781.846674877	112796.809729064	31.1	45.9
855	Spectrogram 1	1	112810.073275862	112827.955049261	30.7	42.4
856	Spectrogram 1	1	112851.437807882	112869.873768473	30.4	50.2
857	Spectrogram 1	1	112909.908251232	112927.051108374	29.4	43.4
858	Spectrogram 1	1	112982.373768473	112994.972290640	31.1	46.0
859	Spectrogram 1	1	113046.312192118	113059.095443350	30.7	45.2
860	Spectrogram 1	1	113119.117610837	113132.048645320	34.6	46.0
861	Spectrogram 1	1	113126.100369458	113139.437807882	29.1	42.6
862	Spectrogram 1	1	113215.849137931	113233.989532020	30.9	43.4
863	Spectrogram 1	1	113334.267857143	113342.987068966	31.9	41.6
864	Spectrogram 1	1	113355.615147783	113375.861453202	30.1	46.1
865	Spectrogram 1	1	113704.442733990	113717.299876847	26.3	40.9
866	Spectrogram 1	1	113785.989532020	113795.336822660	29.9	41.1
867	Spectrogram 1	1	114057.504310345	114066.186576355	31.4	44.2
868	Spectrogram 1	1	114904.597906404	114909.770320197	30.9	42.4
869	Spectrogram 1	1	115007.262931034	115011.991995074	29.7	39.3
870	Spectrogram 1	1	115563.378694581	115567.701354680	26.2	34.9
871	Spectrogram 1	1	115689.895935961	115696.435344828	27.6	36.6
872	Spectrogram 1	1	116024.905788177	116029.560960591	30.7	40.9
873	Spectrogram 1	1	116244.386083744	116248.745689655	25.7	40.1
874	Spectrogram 1	1	116305.701354680	116312.351600985	30.8	39.3
875	Spectrogram 1	1	116794.472290640	116803.339285714	31.0	40.0
876	Spectrogram 1	1	117032.528940887	117035.373768473	30.7	40.6
877	Spectrogram 1	1	117077.661945813	117080.469827586	28.6	38.9
878	Spectrogram 1	1	117267.097906404	117270.459975369	20.7	33.9
879	Spectrogram 1	1	117735.674261084	117742.139778325	27.3	38.9
880	Spectrogram 1	1	118302.142241379	118309.125000000	32.2	48.0
881	Spectrogram 1	1	118719.526477833	118723.738300493	31.8	46.9
882	Spectrogram 1	1	119069.831896552	119074.487068966	31.2	43.2
883	Spectrogram 1	1	119178.127463054	119181.637315271	29.1	38.7
884	Spectrogram 1	1	119490.230911330	119496.253078818	32.8	41.9
885	Spectrogram 1	1	119532.149630542	119540.351600985	31.0	40.2
886	Spectrogram 1	1	119561.004310345	119566.546182266	32.3	42.1
887	Spectrogram 1	1	119581.346674877	119586.112684729	27.2	37.1
888	Spectrogram 1	1	119613.083128079	119619.290024631	29.7	40.6
889	Spectrogram 1	1	119693.299876847	119697.955049261	34.9	43.9
890	Spectrogram 1	1	119863.834359606	119868.452586207	32.6	42.1
891	Spectrogram 1	1	119927.144704433	119933.499384236	33.6	43.2
892	Spectrogram 1	1	119967.216133005	119971.760467980	33.4	40.0
893	Spectrogram 1	1	120038.543719212	120042.570812808	32.4	41.9
894	Spectrogram 1	1	120124.708743842	120129.142241379	30.9	40.4
895	Spectrogram 1	1	120237.585591133	120242.499384236	33.0	42.8
896	Spectrogram 1	1	120244.937807882	120248.927955665	32.1	39.4
897	Spectrogram 1	1	120296.203817734	120300.600369458	31.8	39.8
898	Spectrogram 1	1	120305.661945813	120312.718596059	28.1	42.0
899	Spectrogram 1	1	120368.122536946	120372.777709360	31.7	49.6
900	Spectrogram 1	1	120396.371305419	120401.063423645	34.2	42.6
901	Spectrogram 1	1	120426.592980296	120429.437807882	29.1	39.4
902	Spectrogram 1	1	120758.927955665	120762.622536946	28.7	40.2
903	Spectrogram 1	1	120907.383620690	120912.408251232	32.2	40.8
904	Spectrogram 1	1	121487.750615764	121490.373768473	28.3	40.3
905	Spectrogram 1	1	121592.758004926	121596.046182266	31.0	42.4
