Selection	View	Channel	Begin Time (s)	End Time (s)	Low Freq (Hz)	High Freq (Hz)
1	Waveform 1	1	159.724525969	160.317745101	114.0	199.3
1	Spectrogram 1	1	159.724525969	160.317745101	114.0	199.3
2	Waveform 1	1	274.385584298	275.042362623	123.2	201.6
2	Spectrogram 1	1	274.385584298	275.042362623	123.2	201.6
3	Waveform 1	1	316.131317009	316.766908937	114.0	192.3
3	Spectrogram 1	1	316.131317009	316.766908937	114.0	192.3
4	Waveform 1	1	601.313526132	601.970304457	93.3	178.5
4	Spectrogram 1	1	601.313526132	601.970304457	93.3	178.5
5	Waveform 1	1	631.957586515	632.635551237	51.8	116.3
5	Spectrogram 1	1	631.957586515	632.635551237	51.8	116.3
6	Waveform 1	1	810.809302077	811.762689968	104.8	215.4
6	Spectrogram 1	1	810.809302077	811.762689968	104.8	215.4
7	Waveform 1	1	1003.016916566	1004.012677252	107.1	222.3
7	Spectrogram 1	1	1003.016916566	1004.012677252	107.1	222.3
8	Waveform 1	1	1023.576251703	1024.699130775	65.6	176.2
8	Spectrogram 1	1	1023.576251703	1024.699130775	65.6	176.2
9	Waveform 1	1	1164.720307000	1166.478777999	47.2	173.9
9	Spectrogram 1	1	1164.720307000	1166.478777999	47.2	173.9
10	Waveform 1	1	1233.686433178	1234.915244237	61.0	173.9
10	Spectrogram 1	1	1233.686433178	1234.915244237	61.0	173.9
11	Waveform 1	1	1349.610115353	1350.415198461	86.4	206.2
11	Spectrogram 1	1	1349.610115353	1350.415198461	86.4	206.2
12	Waveform 1	1	1544.199105344	1544.961815656	58.7	183.1
12	Spectrogram 1	1	1544.199105344	1544.961815656	58.7	183.1
13	Waveform 1	1	1652.516901307	1653.364357210	51.8	150.9
13	Spectrogram 1	1	1652.516901307	1653.364357210	51.8	150.9
14	Waveform 1	1	1704.186397574	1705.245717453	47.2	185.4
14	Spectrogram 1	1	1704.186397574	1705.245717453	47.2	185.4
15	Waveform 1	1	1996.144034951	1997.266914023	61.0	187.7
15	Spectrogram 1	1	1996.144034951	1997.266914023	61.0	187.7
16	Waveform 1	1	2046.097433015	2047.389803267	63.3	176.2
16	Spectrogram 1	1	2046.097433015	2047.389803267	63.3	176.2
17	Waveform 1	1	2146.957617032	2148.080496104	47.2	176.2
17	Spectrogram 1	1	2146.957617032	2148.080496104	47.2	176.2
18	Waveform 1	1	2186.394032408	2187.728775455	67.9	169.3
18	Spectrogram 1	1	2186.394032408	2187.728775455	67.9	169.3
19	Waveform 1	1	2278.313556650	2279.754231685	77.1	187.7
19	Spectrogram 1	1	2278.313556650	2279.754231685	77.1	187.7
20	Waveform 1	1	2336.720327345	2338.288120765	54.1	164.7
20	Spectrogram 1	1	2336.720327345	2338.288120765	54.1	164.7
21	Waveform 1	1	2377.067757817	2378.699110430	47.2	144.0
21	Spectrogram 1	1	2377.067757817	2378.699110430	47.2	144.0
22	Waveform 1	1	2440.906745264	2441.648269179	125.5	206.2
22	Spectrogram 1	1	2440.906745264	2441.648269179	125.5	206.2
23	Waveform 1	1	2589.898297154	2591.190667406	77.1	194.7
23	Spectrogram 1	1	2589.898297154	2591.190667406	77.1	194.7
24	Waveform 1	1	2745.512661993	2746.656727462	58.7	150.9
24	Spectrogram 1	1	2745.512661993	2746.656727462	58.7	150.9
25	Waveform 1	1	2846.733014769	2847.538097877	67.9	173.9
25	Spectrogram 1	1	2846.733014769	2847.538097877	67.9	173.9
26	Waveform 1	1	2878.923682175	2879.728765283	77.1	153.2
26	Spectrogram 1	1	2878.923682175	2879.728765283	77.1	153.2
27	Waveform 1	1	3102.749992371	3103.639821069	81.7	203.9
27	Spectrogram 1	1	3102.749992371	3103.639821069	81.7	203.9
28	Waveform 1	1	3490.872840924	3491.847415213	116.3	224.6
28	Spectrogram 1	1	3490.872840924	3491.847415213	116.3	224.6
29	Waveform 1	1	3617.122858726	3618.055060220	111.7	210.8
29	Spectrogram 1	1	3617.122858726	3618.055060220	111.7	210.8
30	Waveform 1	1	3668.707609403	3669.618624499	100.2	240.7
30	Spectrogram 1	1	3668.707609403	3669.618624499	100.2	240.7
31	Waveform 1	1	3710.516901307	3711.237238825	127.8	220.0
31	Spectrogram 1	1	3710.516901307	3711.237238825	127.8	220.0
32	Waveform 1	1	3745.364397900	3746.423717779	114.0	203.9
32	Spectrogram 1	1	3745.364397900	3746.423717779	114.0	203.9
33	Waveform 1	1	3775.372866356	3776.516931825	79.4	164.7
33	Spectrogram 1	1	3775.372866356	3776.516931825	79.4	164.7
34	Waveform 1	1	3807.224551400	3808.177939291	77.1	187.7
34	Spectrogram 1	1	3807.224551400	3808.177939291	77.1	187.7
35	Waveform 1	1	3831.978793257	3832.741503570	114.0	210.8
35	Spectrogram 1	1	3831.978793257	3832.741503570	114.0	210.8
36	Waveform 1	1	3858.830488474	3859.572012389	93.3	180.8
36	Spectrogram 1	1	3858.830488474	3859.572012389	93.3	180.8
37	Waveform 1	1	3882.377105670	3883.372866356	74.8	192.3
37	Spectrogram 1	1	3882.377105670	3883.372866356	74.8	192.3
38	Waveform 1	1	3998.745732712	4000.821999674	102.5	164.7
38	Spectrogram 1	1	3998.745732712	4000.821999674	102.5	164.7
39	Waveform 1	1	4030.258435395	4031.042332105	88.7	194.7
39	Spectrogram 1	1	4030.258435395	4031.042332105	88.7	194.7
40	Waveform 1	1	4068.093214046	4068.622873985	88.7	185.4
40	Spectrogram 1	1	4068.093214046	4068.622873985	88.7	185.4
41	Waveform 1	1	4104.118619412	4104.944888918	67.9	162.4
41	Spectrogram 1	1	4104.118619412	4104.944888918	67.9	162.4
42	Waveform 1	1	4145.101641811	4145.864352124	91.0	183.1
42	Spectrogram 1	1	4145.101641811	4145.864352124	91.0	183.1
43	Waveform 1	1	4311.283891624	4312.216093117	100.2	233.8
43	Spectrogram 1	1	4311.283891624	4312.216093117	100.2	233.8
44	Waveform 1	1	4357.669445404	4358.580460500	72.5	194.7
44	Spectrogram 1	1	4357.669445404	4358.580460500	72.5	194.7
45	Waveform 1	1	4395.144055296	4395.927952007	93.3	185.4
45	Spectrogram 1	1	4395.144055296	4395.927952007	93.3	185.4
46	Waveform 1	1	4417.432145544	4418.618583809	91.0	171.6
46	Spectrogram 1	1	4417.432145544	4418.618583809	91.0	171.6
47	Waveform 1	1	4711.275372306	4712.652488148	67.9	160.1
47	Spectrogram 1	1	4711.275372306	4712.652488148	67.9	160.1
48	Waveform 1	1	4733.254196081	4734.821989501	88.7	164.7
48	Spectrogram 1	1	4733.254196081	4734.821989501	88.7	164.7
49	Waveform 1	1	4798.809312249	4799.932191321	86.4	213.1
49	Spectrogram 1	1	4798.809312249	4799.932191321	86.4	213.1
50	Waveform 1	1	4845.512661993	4846.635541065	72.5	183.1
50	Spectrogram 1	1	4845.512661993	4846.635541065	72.5	183.1
51	Waveform 1	1	4882.754221512	4883.898286981	93.3	183.1
51	Spectrogram 1	1	4882.754221512	4883.898286981	93.3	183.1
52	Waveform 1	1	4913.038113136	4913.588959473	100.2	148.6
52	Spectrogram 1	1	4913.038113136	4913.588959473	100.2	148.6
53	Waveform 1	1	4948.660976949	4949.444873659	72.5	173.9
53	Spectrogram 1	1	4948.660976949	4949.444873659	72.5	173.9
54	Waveform 1	1	5177.995750513	5178.737274429	114.0	187.7
54	Spectrogram 1	1	5177.995750513	5178.737274429	114.0	187.7
55	Waveform 1	1	5258.885538521	5260.305027159	70.2	208.5
55	Spectrogram 1	1	5258.885538521	5260.305027159	70.2	208.5
56	Waveform 1	1	5358.495725082	5359.258435395	107.1	176.2
56	Spectrogram 1	1	5358.495725082	5359.258435395	107.1	176.2
57	Waveform 1	1	5518.525390108	5519.351659613	56.4	197.0
57	Spectrogram 1	1	5518.525390108	5519.351659613	56.4	197.0
58	Waveform 1	1	5681.033863650	5682.177929119	86.4	197.0
58	Spectrogram 1	1	5681.033863650	5682.177929119	86.4	197.0
59	Waveform 1	1	5862.194896547	5863.233030028	123.2	199.3
59	Spectrogram 1	1	5862.194896547	5863.233030028	123.2	199.3
60	Waveform 1	1	5904.258425222	5905.402490691	88.7	199.3
60	Spectrogram 1	1	5904.258425222	5905.402490691	88.7	199.3
61	Waveform 1	1	5943.067778162	5944.677944377	77.1	171.6
61	Spectrogram 1	1	5943.067778162	5944.677944377	77.1	171.6
62	Waveform 1	1	5948.470309543	5949.783866193	77.1	183.1
62	Spectrogram 1	1	5948.470309543	5949.783866193	77.1	183.1
63	Waveform 1	1	6223.872840924	6224.995719996	86.4	180.8
63	Spectrogram 1	1	6223.872840924	6224.995719996	86.4	180.8
64	Waveform 1	1	6277.067757817	6278.423687261	93.3	261.5
64	Spectrogram 1	1	6277.067757817	6278.423687261	93.3	261.5
65	Waveform 1	1	6281.071986958	6282.491475596	118.6	229.2
65	Spectrogram 1	1	6281.071986958	6282.491475596	118.6	229.2
66	Waveform 1	1	6413.656737635	6414.885548694	95.6	224.6
66	Spectrogram 1	1	6413.656737635	6414.885548694	95.6	224.6
67	Waveform 1	1	6572.245727625	6573.347420299	95.6	190.0
67	Spectrogram 1	1	6572.245727625	6573.347420299	95.6	190.0
68	Waveform 1	1	6687.046561247	6687.957576342	72.5	150.9
68	Spectrogram 1	1	6687.046561247	6687.957576342	72.5	150.9
69	Waveform 1	1	6709.046571419	6710.614364840	58.7	146.3
69	Spectrogram 1	1	6709.046571419	6710.614364840	58.7	146.3
70	Waveform 1	1	6737.783856020	6739.033853477	65.6	146.3
70	Spectrogram 1	1	6737.783856020	6739.033853477	65.6	146.3
71	Waveform 1	1	6791.127077695	6792.334702357	54.1	155.5
71	Spectrogram 1	1	6791.127077695	6792.334702357	54.1	155.5
72	Waveform 1	1	6821.093173356	6822.216052427	70.2	157.8
72	Spectrogram 1	1	6821.093173356	6822.216052427	70.2	157.8
73	Waveform 1	1	6850.783845848	6851.991470509	54.1	164.7
73	Spectrogram 1	1	6850.783845848	6851.991470509	54.1	164.7
74	Waveform 1	1	6884.805072935	6885.991511199	61.0	132.4
74	Spectrogram 1	1	6884.805072935	6885.991511199	61.0	132.4
75	Waveform 1	1	6909.898297154	6911.233040201	61.0	144.0
75	Spectrogram 1	1	6909.898297154	6911.233040201	61.0	144.0
76	Waveform 1	1	7154.347440644	7155.004218969	118.6	201.6
76	Spectrogram 1	1	7154.347440644	7155.004218969	118.6	201.6
77	Waveform 1	1	7155.597438101	7156.105911643	104.8	203.9
77	Spectrogram 1	1	7155.597438101	7156.105911643	104.8	203.9
78	Waveform 1	1	7416.033843304	7416.754180822	91.0	176.2
78	Spectrogram 1	1	7416.033843304	7416.754180822	91.0	176.2
79	Waveform 1	1	7470.182148087	7470.478757654	67.9	141.7
79	Spectrogram 1	1	7470.182148087	7470.478757654	67.9	141.7
80	Waveform 1	1	7716.072027648	7716.707619575	61.0	185.4
80	Spectrogram 1	1	7716.072027648	7716.707619575	61.0	185.4
81	Waveform 1	1	7751.885569039	7753.050820906	81.7	236.1
81	Spectrogram 1	1	7751.885569039	7753.050820906	81.7	236.1
82	Waveform 1	1	7774.542357536	7775.940659776	70.2	206.2
82	Spectrogram 1	1	7774.542357536	7775.940659776	70.2	206.2
83	Waveform 1	1	7811.648269179	7812.220301914	63.3	164.7
83	Spectrogram 1	1	7811.648269179	7812.220301914	63.3	164.7
84	Waveform 1	1	7902.415198461	7903.686382315	84.1	190.0
84	Spectrogram 1	1	7902.415198461	7903.686382315	84.1	190.0
85	Waveform 1	1	8240.088954387	8241.211833458	79.4	169.3
85	Spectrogram 1	1	8240.088954387	8241.211833458	79.4	169.3
86	Waveform 1	1	8259.949138404	8261.093203873	65.6	243.0
86	Spectrogram 1	1	8259.949138404	8261.093203873	65.6	243.0
87	Waveform 1	1	8280.923672003	8281.982991881	51.8	220.0
87	Spectrogram 1	1	8280.923672003	8281.982991881	51.8	220.0
88	Waveform 1	1	8306.906724919	8307.966044798	77.1	187.7
88	Spectrogram 1	1	8306.906724919	8307.966044798	77.1	187.7
89	Waveform 1	1	8317.847435558	8318.673705063	70.2	187.7
89	Spectrogram 1	1	8317.847435558	8318.673705063	70.2	187.7
90	Waveform 1	1	8345.716077858	8346.669465749	61.0	217.7
90	Spectrogram 1	1	8345.716077858	8346.669465749	61.0	217.7
91	Waveform 1	1	8571.016906393	8571.991480682	70.2	194.7
91	Spectrogram 1	1	8571.016906393	8571.991480682	70.2	194.7
92	Waveform 1	1	8601.999949137	8602.762659450	97.9	199.3
92	Spectrogram 1	1	8601.999949137	8602.762659450	97.9	199.3
93	Waveform 1	1	8821.262654364	8822.385533435	72.5	144.0
93	Spectrogram 1	1	8821.262654364	8822.385533435	72.5	144.0
94	Waveform 1	1	9024.614375012	9025.631322096	84.1	167.0
94	Spectrogram 1	1	9024.614375012	9025.631322096	84.1	167.0
95	Waveform 1	1	9075.838956930	9076.855904013	70.2	171.6
95	Spectrogram 1	1	9075.838956930	9076.855904013	70.2	171.6
96	Waveform 1	1	9134.012677252	9135.220301914	86.4	171.6
96	Spectrogram 1	1	9134.012677252	9135.220301914	86.4	171.6
97	Waveform 1	1	9347.550836164	9348.398292067	91.0	146.3
97	Spectrogram 1	1	9347.550836164	9348.398292067	91.0	146.3
98	Waveform 1	1	9377.241508656	9378.618624499	67.9	153.2
98	Spectrogram 1	1	9377.241508656	9378.618624499	67.9	153.2
99	Waveform 1	1	9406.783876365	9407.779637051	74.8	144.0
99	Spectrogram 1	1	9406.783876365	9407.779637051	74.8	144.0
100	Waveform 1	1	9592.139815982	9593.580491017	58.7	183.1
100	Spectrogram 1	1	9592.139815982	9593.580491017	58.7	183.1
101	Waveform 1	1	9843.724556486	9844.550825992	77.1	153.2
101	Spectrogram 1	1	9843.724556486	9844.550825992	77.1	153.2
102	Waveform 1	1	9894.377105670	9895.521171139	67.9	164.7
102	Spectrogram 1	1	9894.377105670	9895.521171139	67.9	164.7
103	Waveform 1	1	10069.491485768	10070.169450490	86.4	169.3
103	Spectrogram 1	1	10069.491485768	10070.169450490	86.4	169.3
104	Waveform 1	1	10090.453362460	10091.491495941	86.4	213.1
104	Spectrogram 1	1	10090.453362460	10091.491495941	86.4	213.1
105	Waveform 1	1	10173.741493398	10174.588949300	100.2	210.8
105	Spectrogram 1	1	10173.741493398	10174.588949300	100.2	210.8
106	Waveform 1	1	10223.292349907	10224.055060220	97.9	206.2
106	Spectrogram 1	1	10223.292349907	10224.055060220	97.9	206.2
107	Waveform 1	1	10243.872871442	10244.614395357	86.4	178.5
107	Spectrogram 1	1	10243.872871442	10244.614395357	86.4	178.5
108	Waveform 1	1	10274.749982198	10275.788115679	65.6	190.0
108	Spectrogram 1	1	10274.749982198	10275.788115679	65.6	190.0
109	Waveform 1	1	10293.182148087	10294.156722376	81.7	183.1
109	Spectrogram 1	1	10293.182148087	10294.156722376	81.7	183.1
110	Waveform 1	1	10316.919442861	10317.851644354	97.9	192.3
110	Spectrogram 1	1	10316.919442861	10317.851644354	97.9	192.3
111	Waveform 1	1	10332.160992208	10332.944888918	79.4	190.0
111	Spectrogram 1	1	10332.160992208	10332.944888918	79.4	190.0
112	Waveform 1	1	10356.364387728	10356.894047667	88.7	150.9
112	Spectrogram 1	1	10356.364387728	10356.894047667	88.7	150.9
113	Waveform 1	1	10379.677954550	10380.949138404	77.1	169.3
113	Spectrogram 1	1	10379.677954550	10380.949138404	77.1	169.3
114	Waveform 1	1	10400.228760197	10400.694860943	95.6	160.1
114	Spectrogram 1	1	10400.228760197	10400.694860943	95.6	160.1
115	Waveform 1	1	10430.796604480	10431.707619575	72.5	169.3
115	Spectrogram 1	1	10430.796604480	10431.707619575	72.5	169.3
116	Waveform 1	1	10466.949128232	10467.542347364	86.4	169.3
116	Spectrogram 1	1	10466.949128232	10467.542347364	86.4	169.3
117	Waveform 1	1	10485.411010009	10486.025415539	72.5	148.6
117	Spectrogram 1	1	10485.411010009	10486.025415539	72.5	148.6
118	Waveform 1	1	10502.211823286	10503.101651984	91.0	197.0
118	Spectrogram 1	1	10502.211823286	10503.101651984	91.0	197.0
119	Waveform 1	1	10527.855893841	10528.512672166	61.0	155.5
119	Spectrogram 1	1	10527.855893841	10528.512672166	61.0	155.5
120	Waveform 1	1	10547.906755437	10548.457601774	88.7	162.4
120	Spectrogram 1	1	10547.906755437	10548.457601774	88.7	162.4
121	Waveform 1	1	10558.838936585	10559.347410127	72.5	178.5
121	Spectrogram 1	1	10558.838936585	10559.347410127	72.5	178.5
122	Waveform 1	1	10597.351679958	10598.177949464	63.3	171.6
122	Spectrogram 1	1	10597.351679958	10598.177949464	63.3	171.6
123	Waveform 1	1	10603.834717616	10604.300818362	81.7	123.2
123	Spectrogram 1	1	10603.834717616	10604.300818362	81.7	123.2
124	Waveform 1	1	10613.495714910	10614.597407583	72.5	162.4
124	Spectrogram 1	1	10613.495714910	10614.597407583	72.5	162.4
125	Waveform 1	1	10651.161002380	10652.347440644	81.7	169.3
125	Spectrogram 1	1	10651.161002380	10652.347440644	81.7	169.3
126	Waveform 1	1	10666.860122982	10667.495714910	70.2	134.7
126	Spectrogram 1	1	10666.860122982	10667.495714910	70.2	134.7
127	Waveform 1	1	10897.572012389	10898.101672329	107.1	178.5
127	Spectrogram 1	1	10897.572012389	10898.101672329	107.1	178.5
128	Waveform 1	1	10904.288100420	10905.177929119	79.4	206.2
128	Spectrogram 1	1	10904.288100420	10905.177929119	79.4	206.2
129	Waveform 1	1	10933.978772912	10934.593178442	109.4	176.2
129	Spectrogram 1	1	10933.978772912	10934.593178442	109.4	176.2
130	Waveform 1	1	10994.927911317	10995.563503244	125.5	183.1
130	Spectrogram 1	1	10994.927911317	10995.563503244	125.5	183.1
131	Waveform 1	1	11063.127108213	11063.995750513	95.6	185.4
131	Spectrogram 1	1	11063.127108213	11063.995750513	95.6	185.4
132	Waveform 1	1	11099.046581592	11099.766919109	88.7	199.3
132	Spectrogram 1	1	11099.046581592	11099.766919109	88.7	199.3
133	Waveform 1	1	11117.529649767	11118.334732875	74.8	162.4
133	Spectrogram 1	1	11117.529649767	11118.334732875	74.8	162.4
134	Waveform 1	1	11142.516941997	11143.152533925	65.6	169.3
134	Spectrogram 1	1	11142.516941997	11143.152533925	65.6	169.3
135	Waveform 1	1	11187.059279189	11187.758430309	84.1	164.7
135	Spectrogram 1	1	11187.059279189	11187.758430309	84.1	164.7
136	Waveform 1	1	11246.038082618	11246.716047341	61.0	148.6
136	Spectrogram 1	1	11246.038082618	11246.716047341	61.0	148.6
137	Waveform 1	1	11266.809281732	11267.529619249	70.2	148.6
137	Spectrogram 1	1	11266.809281732	11267.529619249	70.2	148.6
138	Waveform 1	1	11291.669455577	11292.410979492	79.4	164.7
138	Spectrogram 1	1	11291.669455577	11292.410979492	79.4	164.7
139	Waveform 1	1	11318.118609240	11318.775387565	72.5	160.1
139	Spectrogram 1	1	11318.118609240	11318.775387565	72.5	160.1
140	Waveform 1	1	11428.321994588	11429.381314466	81.7	194.7
140	Spectrogram 1	1	11428.321994588	11429.381314466	81.7	194.7
141	Waveform 1	1	11464.177908773	11464.771127906	70.2	157.8
141	Spectrogram 1	1	11464.177908773	11464.771127906	70.2	157.8
142	Waveform 1	1	11487.427916403	11488.360117896	61.0	148.6
142	Spectrogram 1	1	11487.427916403	11488.360117896	61.0	148.6
143	Waveform 1	1	11521.894057840	11522.826259333	70.2	155.5
143	Spectrogram 1	1	11521.894057840	11522.826259333	70.2	155.5
144	Waveform 1	1	11699.169450490	11699.889788008	72.5	199.3
144	Spectrogram 1	1	11699.169450490	11699.889788008	72.5	199.3
145	Waveform 1	1	11832.283861106	11833.088944214	70.2	201.6
145	Spectrogram 1	1	11832.283861106	11833.088944214	70.2	201.6
146	Waveform 1	1	11872.088974732	11872.978803430	77.1	167.0
146	Spectrogram 1	1	11872.088974732	11872.978803430	77.1	167.0
147	Waveform 1	1	11900.105921815	11900.953377718	72.5	162.4
147	Spectrogram 1	1	11900.105921815	11900.953377718	72.5	162.4
148	Waveform 1	1	11941.915213720	11942.614364840	81.7	155.5
148	Spectrogram 1	1	11941.915213720	11942.614364840	81.7	155.5
149	Waveform 1	1	11957.877100584	11958.279642137	88.7	176.2
149	Spectrogram 1	1	11957.877100584	11958.279642137	88.7	176.2
150	Waveform 1	1	11975.038082618	11975.567742558	102.5	167.0
150	Spectrogram 1	1	11975.038082618	11975.567742558	102.5	167.0
151	Waveform 1	1	11991.423697434	11991.889798181	91.0	164.7
151	Spectrogram 1	1	11991.423697434	11991.889798181	91.0	164.7
152	Waveform 1	1	12005.733045287	12006.771178768	70.2	164.7
152	Spectrogram 1	1	12005.733045287	12006.771178768	70.2	164.7
153	Waveform 1	1	12030.860112810	12031.792314303	67.9	157.8
153	Spectrogram 1	1	12030.860112810	12031.792314303	67.9	157.8
154	Waveform 1	1	12057.605876039	12058.389772749	65.6	150.9
154	Spectrogram 1	1	12057.605876039	12058.389772749	65.6	150.9
155	Waveform 1	1	12085.114349581	12085.813500701	72.5	134.7
155	Spectrogram 1	1	12085.114349581	12085.813500701	72.5	134.7
156	Waveform 1	1	12118.733035115	12119.177949464	74.8	139.4
156	Spectrogram 1	1	12118.733035115	12119.177949464	74.8	139.4
157	Waveform 1	1	12127.313526132	12127.694881288	88.7	130.1
157	Spectrogram 1	1	12127.313526132	12127.694881288	88.7	130.1
158	Waveform 1	1	12142.707599230	12143.067767989	77.1	139.4
158	Spectrogram 1	1	12142.707599230	12143.067767989	77.1	139.4
159	Waveform 1	1	12214.343211503	12215.296599394	84.1	183.1
159	Spectrogram 1	1	12214.343211503	12215.296599394	84.1	183.1
160	Waveform 1	1	12311.368627042	12312.491506113	91.0	217.7
160	Spectrogram 1	1	12311.368627042	12312.491506113	91.0	217.7
161	Waveform 1	1	12356.758420136	12357.521130449	109.4	197.0
161	Spectrogram 1	1	12356.758420136	12357.521130449	109.4	197.0
162	Waveform 1	1	12376.046571419	12376.872840924	88.7	210.8
162	Spectrogram 1	1	12376.046571419	12376.872840924	88.7	210.8
163	Waveform 1	1	12394.910994751	12395.461841088	81.7	176.2
163	Spectrogram 1	1	12394.910994751	12395.461841088	81.7	176.2
164	Waveform 1	1	12411.012656907	12411.499944051	81.7	194.7
164	Spectrogram 1	1	12411.012656907	12411.499944051	81.7	194.7
165	Waveform 1	1	12437.673674546	12438.245707280	84.1	146.3
165	Spectrogram 1	1	12437.673674546	12438.245707280	84.1	146.3
166	Waveform 1	1	12488.008427765	12488.665206090	93.3	178.5
166	Spectrogram 1	1	12488.008427765	12488.665206090	93.3	178.5
167	Waveform 1	1	12533.788105507	12534.423697434	91.0	164.7
167	Spectrogram 1	1	12533.788105507	12534.423697434	91.0	164.7
168	Waveform 1	1	12590.245727625	12590.881319552	74.8	155.5
168	Spectrogram 1	1	12590.245727625	12590.881319552	74.8	155.5
169	Waveform 1	1	12609.978793257	12610.741503570	61.0	160.1
169	Spectrogram 1	1	12609.978793257	12610.741503570	61.0	160.1
170	Waveform 1	1	12681.605876039	12682.135535978	72.5	164.7
170	Spectrogram 1	1	12681.605876039	12682.135535978	72.5	164.7
171	Waveform 1	1	12705.788085162	12706.317745101	79.4	176.2
171	Spectrogram 1	1	12705.788085162	12706.317745101	79.4	176.2
172	Waveform 1	1	12725.351659613	12726.177929119	88.7	192.3
172	Spectrogram 1	1	12725.351659613	12726.177929119	88.7	192.3
173	Waveform 1	1	12734.016896221	12734.800792931	91.0	199.3
173	Spectrogram 1	1	12734.016896221	12734.800792931	91.0	199.3
174	Waveform 1	1	12753.728775455	12754.131317009	111.7	176.2
174	Spectrogram 1	1	12753.728775455	12754.131317009	111.7	176.2
175	Waveform 1	1	12771.449133318	12772.063538848	118.6	194.7
175	Spectrogram 1	1	12771.449133318	12772.063538848	118.6	194.7
176	Waveform 1	1	12911.364377555	12911.809291904	100.2	162.4
176	Spectrogram 1	1	12911.364377555	12911.809291904	100.2	162.4
177	Waveform 1	1	12931.796594307	12932.644050210	88.7	190.0
177	Spectrogram 1	1	12931.796594307	12932.644050210	88.7	190.0
178	Waveform 1	1	13023.728775455	13024.343180985	86.4	185.4
178	Spectrogram 1	1	13023.728775455	13024.343180985	86.4	185.4
179	Waveform 1	1	13217.008427765	13217.919442861	79.4	206.2
179	Spectrogram 1	1	13217.008427765	13217.919442861	79.4	206.2
180	Waveform 1	1	13262.872851097	13263.677934205	65.6	169.3
180	Spectrogram 1	1	13262.872851097	13263.677934205	65.6	169.3
181	Waveform 1	1	13309.266934368	13309.923712693	86.4	190.0
181	Spectrogram 1	1	13309.266934368	13309.923712693	86.4	190.0
182	Waveform 1	1	13336.881339898	13337.601677415	95.6	167.0
182	Spectrogram 1	1	13336.881339898	13337.601677415	95.6	167.0
183	Waveform 1	1	13356.669435232	13357.050790388	97.9	176.2
183	Spectrogram 1	1	13356.669435232	13357.050790388	97.9	176.2
184	Waveform 1	1	13496.826259333	13497.567783248	77.1	160.1
184	Spectrogram 1	1	13496.826259333	13497.567783248	77.1	160.1
185	Waveform 1	1	13516.275372306	13516.762659450	67.9	139.4
185	Spectrogram 1	1	13516.275372306	13516.762659450	67.9	139.4
186	Waveform 1	1	13558.135566496	13558.877090411	79.4	157.8
186	Spectrogram 1	1	13558.135566496	13558.877090411	79.4	157.8
187	Waveform 1	1	13721.194886375	13722.508443024	63.3	162.4
187	Spectrogram 1	1	13721.194886375	13722.508443024	63.3	162.4
188	Waveform 1	1	13738.999989827	13739.635581755	47.2	107.1
188	Spectrogram 1	1	13738.999989827	13739.635581755	47.2	107.1
189	Waveform 1	1	13824.322014933	13825.572012389	100.2	203.9
189	Spectrogram 1	1	13824.322014933	13825.572012389	100.2	203.9
190	Waveform 1	1	13888.529609077	13889.864352124	81.7	190.0
190	Spectrogram 1	1	13888.529609077	13889.864352124	81.7	190.0
191	Waveform 1	1	13898.644050210	13899.915234065	56.4	150.9
191	Spectrogram 1	1	13898.644050210	13899.915234065	56.4	150.9
192	Waveform 1	1	13962.326233902	13963.682163346	95.6	194.7
192	Spectrogram 1	1	13962.326233902	13963.682163346	95.6	194.7
193	Waveform 1	1	14019.165211176	14020.245717453	93.3	203.9
193	Spectrogram 1	1	14019.165211176	14020.245717453	93.3	203.9
194	Waveform 1	1	14062.932181148	14063.906755437	56.4	157.8
194	Spectrogram 1	1	14062.932181148	14063.906755437	56.4	157.8
195	Waveform 1	1	14097.983012226	14098.872840924	54.1	178.5
195	Spectrogram 1	1	14097.983012226	14098.872840924	54.1	178.5
196	Waveform 1	1	14120.894037495	14122.249966939	91.0	153.2
196	Spectrogram 1	1	14120.894037495	14122.249966939	91.0	153.2
197	Waveform 1	1	14141.114390271	14142.258455740	31.1	164.7
197	Spectrogram 1	1	14141.114390271	14142.258455740	31.1	164.7
198	Waveform 1	1	14185.805032245	14186.737233738	65.6	173.9
198	Spectrogram 1	1	14185.805032245	14186.737233738	65.6	173.9
200	Waveform 1	1	14187.881299207	14188.834687098	38.0	167.0
200	Spectrogram 1	1	14187.881299207	14188.834687098	38.0	167.0
201	Waveform 1	1	14231.139795637	14231.987251540	44.9	148.6
201	Spectrogram 1	1	14231.139795637	14231.987251540	44.9	148.6
202	Waveform 1	1	14234.741483225	14235.334702357	130.1	183.1
202	Spectrogram 1	1	14234.741483225	14235.334702357	130.1	183.1
203	Waveform 1	1	14267.631301751	14268.860112810	51.8	137.0
203	Spectrogram 1	1	14267.631301751	14268.860112810	51.8	137.0
205	Waveform 1	1	14271.644060383	14272.576261876	42.6	97.9
205	Spectrogram 1	1	14271.644060383	14272.576261876	42.6	97.9
206	Waveform 1	1	14272.682193864	14273.699140947	67.9	162.4
206	Spectrogram 1	1	14272.682193864	14273.699140947	67.9	162.4
207	Waveform 1	1	14295.881299207	14296.877059893	31.1	127.8
207	Spectrogram 1	1	14295.881299207	14296.877059893	31.1	127.8
208	Waveform 1	1	14307.838956930	14308.728785628	79.4	185.4
208	Spectrogram 1	1	14307.838956930	14308.728785628	79.4	185.4
209	Waveform 1	1	14346.936389945	14348.271132992	33.4	130.1
209	Spectrogram 1	1	14346.936389945	14348.271132992	33.4	130.1
210	Waveform 1	1	14401.177939291	14401.813531218	58.7	137.0
210	Spectrogram 1	1	14401.177939291	14401.813531218	58.7	137.0
211	Waveform 1	1	14488.321994588	14488.851654527	51.8	114.0
211	Spectrogram 1	1	14488.321994588	14488.851654527	51.8	114.0
212	Waveform 1	1	14492.305037331	14492.792324476	58.7	120.9
212	Spectrogram 1	1	14492.305037331	14492.792324476	58.7	120.9
213	Waveform 1	1	14604.427946920	14605.360148414	61.0	144.0
213	Spectrogram 1	1	14604.427946920	14605.360148414	61.0	144.0
214	Waveform 1	1	14638.885558867	14639.669455577	47.2	120.9
214	Spectrogram 1	1	14638.885558867	14639.669455577	47.2	120.9
215	Waveform 1	1	14749.067757817	14750.169450490	51.8	164.7
215	Spectrogram 1	1	14749.067757817	14750.169450490	51.8	164.7
216	Waveform 1	1	14917.444863486	14918.440624172	88.7	162.4
216	Spectrogram 1	1	14917.444863486	14918.440624172	88.7	162.4
217	Waveform 1	1	14970.555034788	14971.635541065	65.6	185.4
217	Spectrogram 1	1	14970.555034788	14971.635541065	65.6	185.4
218	Waveform 1	1	15059.805072935	15060.864392814	54.1	146.3
218	Spectrogram 1	1	15059.805072935	15060.864392814	54.1	146.3
219	Waveform 1	1	15296.779606534	15297.584689641	114.0	183.1
219	Spectrogram 1	1	15296.779606534	15297.584689641	114.0	183.1
220	Waveform 1	1	15369.707589058	15370.682163346	88.7	169.3
220	Spectrogram 1	1	15369.707589058	15370.682163346	88.7	169.3
221	Waveform 1	1	15381.283891624	15382.173720322	67.9	125.5
221	Spectrogram 1	1	15381.283891624	15382.173720322	67.9	125.5
222	Waveform 1	1	15556.427926575	15557.995719996	28.8	132.4
222	Spectrogram 1	1	15556.427926575	15557.995719996	28.8	132.4
223	Waveform 1	1	15573.809302077	15575.461841088	49.5	134.7
223	Spectrogram 1	1	15573.809302077	15575.461841088	49.5	134.7
224	Waveform 1	1	15615.724525969	15617.016896221	70.2	130.1
224	Spectrogram 1	1	15615.724525969	15617.016896221	70.2	130.1
225	Waveform 1	1	15651.741493398	15652.885558867	47.2	148.6
225	Spectrogram 1	1	15651.741493398	15652.885558867	47.2	148.6
226	Waveform 1	1	15678.572002217	15679.737254083	47.2	134.7
226	Spectrogram 1	1	15678.572002217	15679.737254083	47.2	134.7
227	Waveform 1	1	15701.144045124	15701.949128232	61.0	102.5
227	Spectrogram 1	1	15701.144045124	15701.949128232	61.0	102.5
228	Waveform 1	1	15733.588949300	15735.644029865	47.2	144.0
228	Spectrogram 1	1	15733.588949300	15735.644029865	47.2	144.0
229	Waveform 1	1	15902.516931825	15904.254216426	47.2	104.8
229	Spectrogram 1	1	15902.516931825	15904.254216426	47.2	104.8
230	Waveform 1	1	15984.682183691	15985.762689968	54.1	120.9
230	Spectrogram 1	1	15984.682183691	15985.762689968	54.1	120.9
231	Waveform 1	1	16209.071997131	16210.449112973	84.1	190.0
231	Spectrogram 1	1	16209.071997131	16210.449112973	84.1	190.0
232	Waveform 1	1	16228.423707606	16228.889808353	70.2	130.1
232	Spectrogram 1	1	16228.423707606	16228.889808353	70.2	130.1
233	Waveform 1	1	16251.038123309	16251.652528838	70.2	150.9
233	Spectrogram 1	1	16251.038123309	16251.652528838	70.2	150.9
234	Waveform 1	1	16411.046601937	16411.830498647	102.5	169.3
234	Spectrogram 1	1	16411.046601937	16411.830498647	102.5	169.3
235	Waveform 1	1	16472.440654690	16473.372856183	77.1	160.1
235	Spectrogram 1	1	16472.440654690	16473.372856183	77.1	160.1
236	Waveform 1	1	16699.902495778	16700.453342114	70.2	134.7
236	Spectrogram 1	1	16699.902495778	16700.453342114	70.2	134.7
237	Waveform 1	1	16736.360158586	16737.504224055	56.4	162.4
237	Spectrogram 1	1	16736.360158586	16737.504224055	56.4	162.4
238	Waveform 1	1	16771.898276809	16772.427936748	97.9	148.6
238	Spectrogram 1	1	16771.898276809	16772.427936748	97.9	148.6
239	Waveform 1	1	16837.093193701	16838.216072772	58.7	111.7
239	Spectrogram 1	1	16837.093193701	16838.216072772	58.7	111.7
240	Waveform 1	1	16862.144045124	16862.843196244	54.1	132.4
240	Spectrogram 1	1	16862.144045124	16862.843196244	54.1	132.4
241	Waveform 1	1	16877.906724919	16878.499944051	58.7	134.7
241	Spectrogram 1	1	16877.906724919	16878.499944051	58.7	134.7
242	Waveform 1	1	17067.097402497	17067.796553617	88.7	180.8
242	Spectrogram 1	1	17067.097402497	17067.796553617	88.7	180.8
243	Waveform 1	1	17157.216082945	17158.169470836	86.4	178.5
243	Spectrogram 1	1	17157.216082945	17158.169470836	86.4	178.5
244	Waveform 1	1	17208.906765609	17209.817780705	79.4	187.7
244	Spectrogram 1	1	17208.906765609	17209.817780705	79.4	187.7
245	Waveform 1	1	17266.635571582	17267.440654690	67.9	183.1
245	Spectrogram 1	1	17266.635571582	17267.440654690	67.9	183.1
246	Waveform 1	1	17359.690631802	17360.326223729	86.4	171.6
246	Spectrogram 1	1	17359.690631802	17360.326223729	86.4	171.6
247	Waveform 1	1	17418.288080075	17418.711808027	95.6	155.5
247	Spectrogram 1	1	17418.288080075	17418.711808027	95.6	155.5
248	Waveform 1	1	17464.533889081	17465.444904177	81.7	208.5
248	Spectrogram 1	1	17464.533889081	17465.444904177	81.7	208.5
249	Waveform 1	1	17524.254216426	17524.974553943	107.1	169.3
249	Spectrogram 1	1	17524.254216426	17524.974553943	107.1	169.3
250	Waveform 1	1	17547.249987284	17548.033883995	72.5	203.9
250	Spectrogram 1	1	17547.249987284	17548.033883995	72.5	203.9
251	Waveform 1	1	17597.627113299	17598.241518829	93.3	173.9
251	Spectrogram 1	1	17597.627113299	17598.241518829	93.3	173.9
252	Waveform 1	1	17637.127087868	17638.122848554	93.3	206.2
252	Spectrogram 1	1	17637.127087868	17638.122848554	93.3	206.2
253	Waveform 1	1	17660.398281895	17661.351669786	88.7	201.6
253	Spectrogram 1	1	17660.398281895	17661.351669786	88.7	201.6
254	Waveform 1	1	17754.978762740	17755.571981872	91.0	194.7
254	Spectrogram 1	1	17754.978762740	17755.571981872	91.0	194.7
255	Waveform 1	1	17783.334692185	17783.991470509	91.0	167.0
255	Spectrogram 1	1	17783.334692185	17783.991470509	91.0	167.0
256	Waveform 1	1	17814.135586841	17815.067788334	91.0	164.7
256	Spectrogram 1	1	17814.135586841	17815.067788334	91.0	164.7
257	Waveform 1	1	17830.258435395	17831.021145707	74.8	164.7
257	Spectrogram 1	1	17830.258435395	17831.021145707	74.8	164.7
258	Waveform 1	1	17858.423687261	17859.673684718	81.7	173.9
258	Spectrogram 1	1	17858.423687261	17859.673684718	81.7	173.9
259	Waveform 1	1	17870.190667406	17871.080496104	65.6	162.4
259	Spectrogram 1	1	17870.190667406	17871.080496104	65.6	162.4
260	Waveform 1	1	17893.991521372	17895.050841251	81.7	192.3
260	Spectrogram 1	1	17893.991521372	17895.050841251	81.7	192.3
261	Waveform 1	1	17942.177918946	17943.067747644	100.2	173.9
261	Spectrogram 1	1	17942.177918946	17943.067747644	100.2	173.9
262	Waveform 1	1	17973.584689641	17974.495704737	93.3	178.5
262	Spectrogram 1	1	17973.584689641	17974.495704737	93.3	178.5
263	Waveform 1	1	17995.711818199	17996.538087705	74.8	153.2
263	Spectrogram 1	1	17995.711818199	17996.538087705	74.8	153.2
264	Waveform 1	1	18069.529629422	18070.355898927	81.7	125.5
264	Spectrogram 1	1	18069.529629422	18070.355898927	81.7	125.5
265	Waveform 1	1	18081.381355156	18082.165251867	74.8	185.4
265	Spectrogram 1	1	18081.381355156	18082.165251867	74.8	185.4
266	Waveform 1	1	18219.177959636	18219.983042744	67.9	144.0
266	Spectrogram 1	1	18219.177959636	18219.983042744	67.9	144.0
267	Waveform 1	1	18234.834707443	18235.512672166	86.4	178.5
267	Spectrogram 1	1	18234.834707443	18235.512672166	86.4	178.5
268	Waveform 1	1	18332.495745427	18333.809302077	88.7	233.8
268	Spectrogram 1	1	18332.495745427	18333.809302077	88.7	233.8
269	Waveform 1	1	18421.038102964	18421.843186071	56.4	137.0
269	Spectrogram 1	1	18421.038102964	18421.843186071	56.4	137.0
270	Waveform 1	1	18436.576261876	18437.423717779	67.9	144.0
270	Spectrogram 1	1	18436.576261876	18437.423717779	67.9	144.0
271	Waveform 1	1	18468.016936911	18468.567783248	114.0	192.3
271	Spectrogram 1	1	18468.016936911	18468.567783248	114.0	192.3
272	Waveform 1	1	18540.915203547	18542.038082618	91.0	203.9
272	Spectrogram 1	1	18540.915203547	18542.038082618	91.0	203.9
273	Waveform 1	1	18750.601657070	18751.788095334	72.5	173.9
273	Spectrogram 1	1	18750.601657070	18751.788095334	72.5	173.9
274	Waveform 1	1	18801.317765446	18802.207594144	70.2	148.6
274	Spectrogram 1	1	18801.317765446	18802.207594144	70.2	148.6
275	Waveform 1	1	18836.644019693	18837.491475596	127.8	197.0
275	Spectrogram 1	1	18836.644019693	18837.491475596	127.8	197.0
276	Waveform 1	1	18917.283850934	18918.258425222	72.5	150.9
276	Spectrogram 1	1	18917.283850934	18918.258425222	72.5	150.9
277	Waveform 1	1	18934.474548857	18935.427936748	91.0	250.0
277	Spectrogram 1	1	18934.474548857	18935.427936748	91.0	250.0
278	Waveform 1	1	18989.216072772	18989.999969482	56.4	185.4
278	Spectrogram 1	1	18989.216072772	18989.999969482	56.4	185.4
279	Waveform 1	1	19036.394052753	19037.241508656	65.6	201.6
279	Spectrogram 1	1	19036.394052753	19037.241508656	65.6	201.6
280	Waveform 1	1	19079.410969319	19080.067747644	84.1	164.7
280	Spectrogram 1	1	19079.410969319	19080.067747644	84.1	164.7
281	Waveform 1	1	19109.271132992	19109.949097714	111.7	187.7
281	Spectrogram 1	1	19109.271132992	19109.949097714	111.7	187.7
282	Waveform 1	1	19146.618624499	19147.550825992	74.8	173.9
282	Spectrogram 1	1	19146.618624499	19147.550825992	74.8	173.9
283	Waveform 1	1	19228.550825992	19229.355909100	81.7	250.0
283	Spectrogram 1	1	19228.550825992	19229.355909100	81.7	250.0
284	Waveform 1	1	19285.410989664	19286.194886375	86.4	171.6
284	Spectrogram 1	1	19285.410989664	19286.194886375	86.4	171.6
285	Waveform 1	1	19323.131306837	19324.084694728	81.7	199.3
285	Spectrogram 1	1	19323.131306837	19324.084694728	81.7	199.3
286	Waveform 1	1	19435.822030191	19437.072027648	97.9	238.4
286	Spectrogram 1	1	19435.822030191	19437.072027648	97.9	238.4
287	Waveform 1	1	19522.860153500	19524.088964559	58.7	123.2
287	Spectrogram 1	1	19522.860153500	19524.088964559	58.7	123.2
288	Waveform 1	1	19737.610156043	19738.372866356	81.7	162.4
288	Spectrogram 1	1	19737.610156043	19738.372866356	81.7	162.4
289	Waveform 1	1	20042.004208796	20042.470309543	74.8	171.6
289	Spectrogram 1	1	20042.004208796	20042.470309543	74.8	171.6
290	Waveform 1	1	20253.110150957	20254.254216426	81.7	183.1
290	Spectrogram 1	1	20253.110150957	20254.254216426	81.7	183.1
291	Waveform 1	1	20462.775418082	20463.728805973	116.3	173.9
291	Spectrogram 1	1	20462.775418082	20463.728805973	116.3	173.9
292	Waveform 1	1	20654.762700140	20655.991511199	86.4	183.1
292	Spectrogram 1	1	20654.762700140	20655.991511199	86.4	183.1
293	Waveform 1	1	20970.427916403	20971.699100257	100.2	217.7
293	Spectrogram 1	1	20970.427916403	20971.699100257	100.2	217.7
294	Waveform 1	1	21094.961836001	21095.809291904	84.1	185.4
294	Spectrogram 1	1	21094.961836001	21095.809291904	84.1	185.4
295	Waveform 1	1	21211.372835838	21212.644019693	104.8	201.6
295	Spectrogram 1	1	21211.372835838	21212.644019693	104.8	201.6
296	Waveform 1	1	21305.474559030	21306.343201330	104.8	185.4
296	Spectrogram 1	1	21305.474559030	21306.343201330	104.8	185.4
297	Waveform 1	1	21450.898266636	21451.999959310	91.0	194.7
297	Spectrogram 1	1	21450.898266636	21451.999959310	91.0	194.7
298	Waveform 1	1	21681.313546477	21682.436425548	84.1	167.0
298	Spectrogram 1	1	21681.313546477	21682.436425548	84.1	167.0
299	Waveform 1	1	21768.605906557	21769.686412833	84.1	197.0
299	Spectrogram 1	1	21768.605906557	21769.686412833	84.1	197.0
300	Waveform 1	1	21805.563513416	21806.516901307	61.0	155.5
300	Spectrogram 1	1	21805.563513416	21806.516901307	61.0	155.5
301	Waveform 1	1	21955.529639594	21956.716077858	93.3	256.9
301	Spectrogram 1	1	21955.529639594	21956.716077858	93.3	256.9
302	Waveform 1	1	22081.949148577	22083.368637214	77.1	194.7
302	Spectrogram 1	1	22081.949148577	22083.368637214	77.1	194.7
303	Waveform 1	1	22132.529609077	22133.313505787	111.7	192.3
303	Spectrogram 1	1	22132.529609077	22133.313505787	111.7	192.3
304	Waveform 1	1	22187.906724919	22189.305027159	84.1	173.9
304	Spectrogram 1	1	22187.906724919	22189.305027159	84.1	173.9
305	Waveform 1	1	22226.059299534	22226.991501027	65.6	171.6
305	Spectrogram 1	1	22226.059299534	22226.991501027	65.6	171.6
306	Waveform 1	1	22250.792354993	22251.427946920	65.6	153.2
306	Spectrogram 1	1	22250.792354993	22251.427946920	65.6	153.2
307	Waveform 1	1	22448.563523589	22449.601657070	65.6	190.0
307	Spectrogram 1	1	22448.563523589	22449.601657070	65.6	190.0
308	Waveform 1	1	22498.961836001	22500.233019856	51.8	144.0
308	Spectrogram 1	1	22498.961836001	22500.233019856	51.8	144.0
309	Waveform 1	1	22593.868642301	22594.398302240	72.5	150.9
309	Spectrogram 1	1	22593.868642301	22594.398302240	72.5	150.9
310	Waveform 1	1	22621.665195918	22622.788074989	74.8	141.7
310	Spectrogram 1	1	22621.665195918	22622.788074989	74.8	141.7
311	Waveform 1	1	22645.423677089	22646.292319389	67.9	162.4
311	Spectrogram 1	1	22645.423677089	22646.292319389	67.9	162.4
312	Waveform 1	1	22695.483007140	22696.817750187	86.4	187.7
312	Spectrogram 1	1	22695.483007140	22696.817750187	86.4	187.7
313	Waveform 1	1	22738.360148414	22739.864382641	70.2	222.3
313	Spectrogram 1	1	22738.360148414	22739.864382641	70.2	222.3
314	Waveform 1	1	22777.309276645	22778.283850934	65.6	176.2
314	Spectrogram 1	1	22777.309276645	22778.283850934	65.6	176.2
315	Waveform 1	1	22806.978762740	22807.974523426	61.0	171.6
315	Spectrogram 1	1	22806.978762740	22807.974523426	61.0	171.6
316	Waveform 1	1	22836.012656907	22836.521130449	51.8	148.6
316	Spectrogram 1	1	22836.012656907	22836.521130449	51.8	148.6
317	Waveform 1	1	23157.152493234	23158.402490691	67.9	180.8
317	Spectrogram 1	1	23157.152493234	23158.402490691	67.9	180.8
318	Waveform 1	1	23211.597407583	23212.783845848	74.8	199.3
318	Spectrogram 1	1	23211.597407583	23212.783845848	74.8	199.3
319	Waveform 1	1	23252.970314629	23254.283871279	77.1	162.4
319	Spectrogram 1	1	23252.970314629	23254.283871279	77.1	162.4
320	Waveform 1	1	23282.724546314	23284.059289361	56.4	157.8
320	Spectrogram 1	1	23282.724546314	23284.059289361	56.4	157.8
321	Waveform 1	1	23306.165231522	23306.906755437	56.4	190.0
321	Spectrogram 1	1	23306.165231522	23306.906755437	56.4	190.0
322	Waveform 1	1	23333.758450654	23334.436415376	49.5	162.4
322	Spectrogram 1	1	23333.758450654	23334.436415376	49.5	162.4
323	Waveform 1	1	23553.233019856	23554.080475759	81.7	183.1
323	Spectrogram 1	1	23553.233019856	23554.080475759	81.7	183.1
324	Waveform 1	1	23611.639790551	23612.550805647	67.9	183.1
324	Spectrogram 1	1	23611.639790551	23612.550805647	67.9	183.1
325	Waveform 1	1	23789.305067849	23790.322014933	86.4	197.0
325	Spectrogram 1	1	23789.305067849	23790.322014933	86.4	197.0
326	Waveform 1	1	23899.487266799	23900.292349907	81.7	197.0
326	Spectrogram 1	1	23899.487266799	23900.292349907	81.7	197.0
327	Waveform 1	1	23979.813551563	23980.216093117	70.2	148.6
327	Spectrogram 1	1	23979.813551563	23980.216093117	70.2	148.6
328	Waveform 1	1	24090.906765609	24092.305067849	84.1	208.5
328	Spectrogram 1	1	24090.906765609	24092.305067849	84.1	208.5
329	Waveform 1	1	24162.745712366	24163.677913860	84.1	201.6
329	Spectrogram 1	1	24162.745712366	24163.677913860	84.1	201.6
330	Waveform 1	1	24408.584689641	24409.538077532	74.8	169.3
330	Spectrogram 1	1	24408.584689641	24409.538077532	74.8	169.3
331	Waveform 1	1	24536.677924032	24537.525379935	77.1	176.2
331	Spectrogram 1	1	24536.677924032	24537.525379935	77.1	176.2
332	Waveform 1	1	24773.894037495	24774.932170976	74.8	206.2
332	Spectrogram 1	1	24773.894037495	24774.932170976	74.8	206.2
333	Waveform 1	1	24830.881319552	24832.046571419	77.1	210.8
333	Spectrogram 1	1	24830.881319552	24832.046571419	77.1	210.8
334	Waveform 1	1	24874.203375175	24875.516931825	70.2	164.7
334	Spectrogram 1	1	24874.203375175	24875.516931825	70.2	164.7
335	Waveform 1	1	24987.648279352	24989.258445567	77.1	213.1
335	Spectrogram 1	1	24987.648279352	24989.258445567	77.1	213.1
336	Waveform 1	1	25064.241508656	25065.703370089	77.1	206.2
336	Spectrogram 1	1	25064.241508656	25065.703370089	77.1	206.2
337	Waveform 1	1	25137.732994424	25139.046551074	67.9	187.7
337	Spectrogram 1	1	25137.732994424	25139.046551074	67.9	187.7
338	Waveform 1	1	25179.953357373	25181.224541228	84.1	185.4
338	Spectrogram 1	1	25179.953357373	25181.224541228	84.1	185.4
339	Waveform 1	1	25204.262684881	25205.597427929	58.7	167.0
339	Spectrogram 1	1	25204.262684881	25205.597427929	58.7	167.0
340	Waveform 1	1	25267.542327019	25268.516901307	56.4	173.9
340	Spectrogram 1	1	25267.542327019	25268.516901307	56.4	173.9
341	Waveform 1	1	25311.288110593	25312.368616869	61.0	171.6
341	Spectrogram 1	1	25311.288110593	25312.368616869	61.0	171.6
342	Waveform 1	1	25570.758470999	25572.389823612	107.1	222.3
342	Spectrogram 1	1	25570.758470999	25572.389823612	107.1	222.3
343	Waveform 1	1	25588.915213720	25590.249956767	93.3	210.8
343	Spectrogram 1	1	25588.915213720	25590.249956767	93.3	210.8
344	Waveform 1	1	25607.906755437	25608.796584135	127.8	215.4
344	Spectrogram 1	1	25607.906755437	25608.796584135	127.8	215.4
345	Waveform 1	1	25620.690652147	25621.813531218	93.3	201.6
345	Spectrogram 1	1	25620.690652147	25621.813531218	93.3	201.6
346	Waveform 1	1	25627.004198624	25628.360128069	93.3	194.7
346	Spectrogram 1	1	25627.004198624	25628.360128069	93.3	194.7
347	Waveform 1	1	25907.550836164	25908.800833621	93.3	213.1
347	Spectrogram 1	1	25907.550836164	25908.800833621	93.3	213.1
348	Waveform 1	1	26054.838946757	26056.321994588	77.1	192.3
348	Spectrogram 1	1	26054.838946757	26056.321994588	77.1	192.3
349	Waveform 1	1	26103.114369926	26103.898266636	84.1	137.0
349	Spectrogram 1	1	26103.114369926	26103.898266636	84.1	137.0
350	Waveform 1	1	26321.995719996	26323.245717453	118.6	210.8
350	Spectrogram 1	1	26321.995719996	26323.245717453	118.6	210.8
351	Waveform 1	1	26389.775407910	26390.961846174	93.3	201.6
351	Spectrogram 1	1	26389.775407910	26390.961846174	93.3	201.6
352	Waveform 1	1	26408.313505787	26409.372825666	100.2	183.1
352	Spectrogram 1	1	26408.313505787	26409.372825666	100.2	183.1
353	Waveform 1	1	26423.088954387	26423.915223892	86.4	183.1
353	Spectrogram 1	1	26423.088954387	26423.915223892	86.4	183.1
354	Waveform 1	1	26437.389772749	26438.110110267	139.4	190.0
354	Spectrogram 1	1	26437.389772749	26438.110110267	139.4	190.0
355	Waveform 1	1	26652.902485605	26653.771127906	123.2	192.3
355	Spectrogram 1	1	26652.902485605	26653.771127906	123.2	192.3
356	Waveform 1	1	26808.461820743	26809.288090248	56.4	144.0
356	Spectrogram 1	1	26808.461820743	26809.288090248	56.4	144.0
357	Waveform 1	1	26927.296599394	26927.889818526	120.9	171.6
357	Spectrogram 1	1	26927.296599394	26927.889818526	120.9	171.6
358	Waveform 1	1	26948.949097714	26949.775367220	107.1	155.5
358	Spectrogram 1	1	26948.949097714	26949.775367220	107.1	155.5
359	Waveform 1	1	26993.266914023	26993.966065143	118.6	164.7
359	Spectrogram 1	1	26993.266914023	26993.966065143	118.6	164.7
360	Waveform 1	1	27008.508463369	27009.186428092	100.2	150.9
360	Spectrogram 1	1	27008.508463369	27009.186428092	100.2	150.9
361	Waveform 1	1	27025.351649441	27026.389782922	93.3	153.2
361	Spectrogram 1	1	27025.351649441	27026.389782922	93.3	153.2
362	Waveform 1	1	27158.923722865	27159.622873985	116.3	162.4
362	Spectrogram 1	1	27158.923722865	27159.622873985	116.3	162.4
363	Waveform 1	1	27249.563533761	27250.008448110	116.3	178.5
363	Spectrogram 1	1	27249.563533761	27250.008448110	116.3	178.5
364	Waveform 1	1	27289.444863486	27290.038082618	95.6	155.5
364	Spectrogram 1	1	27289.444863486	27290.038082618	95.6	155.5
365	Waveform 1	1	27355.584699814	27356.093173356	116.3	162.4
365	Spectrogram 1	1	27355.584699814	27356.093173356	116.3	162.4
366	Waveform 1	1	27400.644040038	27401.216072772	114.0	167.0
366	Spectrogram 1	1	27400.644040038	27401.216072772	114.0	167.0
367	Waveform 1	1	27424.211843631	27425.652518666	86.4	197.0
367	Spectrogram 1	1	27424.211843631	27425.652518666	86.4	197.0
368	Waveform 1	1	27625.245717453	27626.071986958	100.2	201.6
368	Spectrogram 1	1	27625.245717453	27626.071986958	100.2	201.6
369	Waveform 1	1	27702.716057513	27703.266903850	86.4	169.3
369	Spectrogram 1	1	27702.716057513	27703.266903850	86.4	169.3
370	Waveform 1	1	27864.906735092	27865.669445404	91.0	178.5
370	Spectrogram 1	1	27864.906735092	27865.669445404	91.0	178.5
371	Waveform 1	1	27895.677913860	27896.419437775	79.4	157.8
371	Spectrogram 1	1	27895.677913860	27896.419437775	79.4	157.8
372	Waveform 1	1	27986.855914186	27987.830488474	81.7	197.0
372	Spectrogram 1	1	27986.855914186	27987.830488474	81.7	197.0
373	Waveform 1	1	28063.135579039	28063.898289352	65.6	162.4
373	Spectrogram 1	1	28063.135579039	28063.898289352	65.6	162.4
374	Waveform 1	1	28081.080457784	28081.461812941	93.3	173.9
374	Spectrogram 1	1	28081.080457784	28081.461812941	93.3	173.9
375	Waveform 1	1	28164.961807854	28165.555026987	114.0	171.6
375	Spectrogram 1	1	28164.961807854	28165.555026987	114.0	171.6
376	Waveform 1	1	28208.029626706	28208.707591429	86.4	162.4
376	Spectrogram 1	1	28208.029626706	28208.707591429	86.4	162.4
377	Waveform 1	1	28220.889770034	28221.652480346	91.0	192.3
377	Spectrogram 1	1	28220.889770034	28221.652480346	91.0	192.3
378	Waveform 1	1	28282.165233892	28283.076248988	93.3	169.3
378	Spectrogram 1	1	28282.165233892	28283.076248988	93.3	169.3
379	Waveform 1	1	28373.546568704	28374.457583799	100.2	199.3
379	Spectrogram 1	1	28373.546568704	28374.457583799	100.2	199.3
380	Waveform 1	1	28387.347443015	28388.237271713	88.7	194.7
380	Spectrogram 1	1	28387.347443015	28388.237271713	88.7	194.7
381	Waveform 1	1	28421.190649431	28422.271155708	97.9	201.6
381	Spectrogram 1	1	28421.190649431	28422.271155708	97.9	201.6
382	Waveform 1	1	28529.110153328	28529.533881279	116.3	217.7
382	Spectrogram 1	1	28529.110153328	28529.533881279	116.3	217.7
383	Waveform 1	1	28591.775389935	28592.432168260	104.8	220.0
383	Spectrogram 1	1	28591.775389935	28592.432168260	104.8	220.0
384	Waveform 1	1	28633.732986623	28634.177900972	120.9	190.0
384	Spectrogram 1	1	28633.732986623	28634.177900972	120.9	190.0
385	Waveform 1	1	28666.927944205	28667.584722530	118.6	231.5
385	Spectrogram 1	1	28666.927944205	28667.584722530	118.6	231.5
386	Waveform 1	1	28693.546589049	28694.055062590	134.7	190.0
386	Spectrogram 1	1	28693.546589049	28694.055062590	134.7	190.0
387	Waveform 1	1	28699.775389935	28700.601659441	74.8	183.1
387	Spectrogram 1	1	28699.775389935	28700.601659441	74.8	183.1
388	Waveform 1	1	28733.660969147	28734.508425050	97.9	206.2
388	Spectrogram 1	1	28733.660969147	28734.508425050	97.9	206.2
389	Waveform 1	1	28736.012659278	28736.648251205	104.8	180.8
389	Spectrogram 1	1	28736.012659278	28736.648251205	104.8	180.8
390	Waveform 1	1	28742.368578550	28743.194848055	63.3	199.3
390	Spectrogram 1	1	28742.368578550	28743.194848055	63.3	199.3
391	Waveform 1	1	28755.216064970	28755.978775283	107.1	183.1
391	Spectrogram 1	1	28755.216064970	28755.978775283	107.1	183.1
392	Waveform 1	1	28761.190629086	28762.398253748	132.4	217.7
392	Spectrogram 1	1	28761.190629086	28762.398253748	132.4	217.7
393	Waveform 1	1	28788.593170640	28789.144016977	130.1	199.3
393	Spectrogram 1	1	28788.593170640	28789.144016977	130.1	199.3
394	Waveform 1	1	28821.321996958	28822.211825656	93.3	190.0
394	Spectrogram 1	1	28821.321996958	28822.211825656	93.3	190.0
395	Waveform 1	1	28869.538110421	28870.427939119	67.9	187.7
395	Spectrogram 1	1	28869.538110421	28870.427939119	67.9	187.7
396	Waveform 1	1	28879.686394858	28880.321986786	65.6	180.8
396	Spectrogram 1	1	28879.686394858	28880.321986786	65.6	180.8
397	Waveform 1	1	28928.559286646	28929.279624163	111.7	240.7
397	Spectrogram 1	1	28928.559286646	28929.279624163	111.7	240.7
398	Waveform 1	1	28986.860125353	28987.538090075	118.6	210.8
398	Spectrogram 1	1	28986.860125353	28987.538090075	118.6	210.8
399	Waveform 1	1	29006.487258997	29007.016918937	118.6	183.1
399	Spectrogram 1	1	29006.487258997	29007.016918937	118.6	183.1
400	Waveform 1	1	29023.182140286	29023.690613827	123.2	185.4
400	Spectrogram 1	1	29023.182140286	29023.690613827	123.2	185.4
401	Waveform 1	1	29034.673697261	29035.288102791	102.5	169.3
401	Spectrogram 1	1	29034.673697261	29035.288102791	102.5	169.3
402	Waveform 1	1	29053.792357364	29054.491508484	111.7	190.0
402	Spectrogram 1	1	29053.792357364	29054.491508484	111.7	190.0
403	Waveform 1	1	29077.563495442	29078.368578550	93.3	201.6
403	Spectrogram 1	1	29077.563495442	29078.368578550	93.3	201.6
404	Waveform 1	1	29083.567775446	29084.097435385	84.1	155.5
404	Spectrogram 1	1	29083.567775446	29084.097435385	84.1	155.5
405	Waveform 1	1	29101.279603818	29101.999941336	95.6	190.0
405	Spectrogram 1	1	29101.279603818	29101.999941336	95.6	190.0
406	Waveform 1	1	29108.597440472	29109.169473206	91.0	169.3
406	Spectrogram 1	1	29108.597440472	29109.169473206	91.0	169.3
407	Waveform 1	1	29133.449084826	29134.084676753	93.3	169.3
407	Spectrogram 1	1	29133.449084826	29134.084676753	93.3	169.3
408	Waveform 1	1	29140.131329553	29140.745735082	65.6	169.3
408	Spectrogram 1	1	29140.131329553	29140.745735082	65.6	169.3
409	Waveform 1	1	29149.983004425	29150.745714737	97.9	178.5
409	Spectrogram 1	1	29149.983004425	29150.745714737	97.9	178.5
410	Waveform 1	1	29162.322017303	29162.830490845	61.0	153.2
410	Spectrogram 1	1	29162.322017303	29162.830490845	61.0	153.2
411	Waveform 1	1	29167.279634336	29167.957599058	95.6	169.3
411	Spectrogram 1	1	29167.279634336	29167.957599058	95.6	169.3
412	Waveform 1	1	29177.999951508	29178.741475423	109.4	185.4
412	Spectrogram 1	1	29177.999951508	29178.741475423	109.4	185.4
413	Waveform 1	1	29185.860105008	29186.982984079	91.0	187.7
413	Spectrogram 1	1	29185.860105008	29186.982984079	91.0	187.7
414	Waveform 1	1	29210.275364504	29210.635533263	104.8	187.7
414	Spectrogram 1	1	29210.275364504	29210.635533263	104.8	187.7
415	Waveform 1	1	29229.542329389	29230.389785292	88.7	201.6
415	Spectrogram 1	1	29229.542329389	29230.389785292	88.7	201.6
416	Waveform 1	1	29244.995742712	29245.779639422	102.5	176.2
416	Spectrogram 1	1	29244.995742712	29245.779639422	102.5	176.2
417	Waveform 1	1	29260.186389772	29261.076218470	114.0	194.7
417	Spectrogram 1	1	29260.186389772	29261.076218470	114.0	194.7
418	Waveform 1	1	29317.279603818	29318.593160468	81.7	146.3
418	Spectrogram 1	1	29317.279603818	29318.593160468	81.7	146.3
419	Waveform 1	1	29368.271135363	29369.330455241	88.7	144.0
419	Spectrogram 1	1	29368.271135363	29369.330455241	88.7	144.0
420	Waveform 1	1	29507.474541055	29508.766911307	91.0	213.1
420	Spectrogram 1	1	29507.474541055	29508.766911307	91.0	213.1
421	Waveform 1	1	29512.580462871	29513.216054798	77.1	167.0
421	Spectrogram 1	1	29512.580462871	29513.216054798	77.1	167.0
422	Waveform 1	1	29560.775389935	29562.321996958	65.6	185.4
422	Spectrogram 1	1	29560.775389935	29562.321996958	65.6	185.4
423	Waveform 1	1	29601.355870780	29602.097394695	56.4	127.8
423	Spectrogram 1	1	29601.355870780	29602.097394695	56.4	127.8
424	Waveform 1	1	29921.584692012	29922.347402325	114.0	180.8
424	Spectrogram 1	1	29921.584692012	29922.347402325	114.0	180.8
425	Waveform 1	1	29993.601659441	29994.279624163	104.8	190.0
425	Spectrogram 1	1	29993.601659441	29994.279624163	104.8	190.0
426	Waveform 1	1	30036.025356875	30036.788067187	111.7	187.7
426	Spectrogram 1	1	30036.025356875	30036.788067187	111.7	187.7
427	Waveform 1	1	30089.622815321	30090.449084826	104.8	187.7
427	Spectrogram 1	1	30089.622815321	30090.449084826	104.8	187.7
428	Waveform 1	1	30129.597420127	30130.360130439	116.3	206.2
428	Spectrogram 1	1	30129.597420127	30130.360130439	116.3	206.2
429	Waveform 1	1	30140.338923697	30140.847397239	88.7	153.2
429	Spectrogram 1	1	30140.338923697	30140.847397239	88.7	153.2
430	Waveform 1	1	30265.275384849	30266.080467957	118.6	220.0
430	Spectrogram 1	1	30265.275384849	30266.080467957	118.6	220.0
431	Waveform 1	1	30300.813503071	30301.491467794	102.5	187.7
431	Spectrogram 1	1	30300.813503071	30301.491467794	102.5	187.7
432	Waveform 1	1	30344.834709814	30345.766911307	104.8	215.4
432	Spectrogram 1	1	30344.834709814	30345.766911307	104.8	215.4
433	Waveform 1	1	30436.088926240	30436.999941336	123.2	247.6
433	Spectrogram 1	1	30436.088926240	30436.999941336	123.2	247.6
434	Waveform 1	1	30623.584692012	30624.961807854	93.3	206.2
434	Spectrogram 1	1	30623.584692012	30624.961807854	93.3	206.2
435	Waveform 1	1	30791.728747309	30792.343152838	95.6	171.6
435	Spectrogram 1	1	30791.728747309	30792.343152838	95.6	171.6
436	Waveform 1	1	30939.097415040	30939.754193365	102.5	176.2
436	Spectrogram 1	1	30939.097415040	30939.754193365	102.5	176.2
437	Waveform 1	1	30987.546578876	30988.012679623	84.1	157.8
437	Spectrogram 1	1	30987.546578876	30988.012679623	84.1	157.8
438	Waveform 1	1	31080.516893505	31081.025367047	104.8	180.8
438	Spectrogram 1	1	31080.516893505	31081.025367047	104.8	180.8
439	Waveform 1	1	31122.080478129	31122.716070057	107.1	167.0
439	Spectrogram 1	1	31122.080478129	31122.716070057	107.1	167.0
440	Waveform 1	1	31125.660979319	31126.635553608	97.9	180.8
440	Spectrogram 1	1	31125.660979319	31126.635553608	97.9	180.8
441	Waveform 1	1	31210.241480509	31211.088936412	116.3	178.5
441	Spectrogram 1	1	31210.241480509	31211.088936412	116.3	178.5
442	Waveform 1	1	31264.241480509	31264.898258834	97.9	155.5
442	Spectrogram 1	1	31264.241480509	31264.898258834	97.9	155.5
443	Waveform 1	1	31347.593170640	31348.970286482	84.1	157.8
443	Spectrogram 1	1	31347.593170640	31348.970286482	84.1	157.8
444	Waveform 1	1	31404.707571084	31406.105873323	97.9	171.6
444	Spectrogram 1	1	31404.707571084	31406.105873323	97.9	171.6
445	Waveform 1	1	31429.080457784	31430.033845675	91.0	153.2
445	Spectrogram 1	1	31429.080457784	31430.033845675	91.0	153.2
446	Waveform 1	1	31492.305070220	31493.046594135	79.4	150.9
446	Spectrogram 1	1	31492.305070220	31493.046594135	79.4	150.9
447	Waveform 1	1	31608.271155708	31608.906747635	65.6	141.7
447	Spectrogram 1	1	31608.271155708	31608.906747635	65.6	141.7
448	Waveform 1	1	31814.432137743	31815.999931163	107.1	183.1
448	Spectrogram 1	1	31814.432137743	31815.999931163	107.1	183.1
449	Waveform 1	1	31882.254198452	31883.165213547	95.6	155.5
449	Spectrogram 1	1	31882.254198452	31883.165213547	95.6	155.5
452	Waveform 1	1	32170.758453024	32172.177941662	107.1	270.7
452	Spectrogram 1	1	32170.758453024	32172.177941662	107.1	270.7
453	Waveform 1	1	32231.156745092	32232.300810561	120.9	217.7
453	Spectrogram 1	1	32231.156745092	32232.300810561	120.9	217.7
454	Waveform 1	1	32287.868603981	32289.012669450	95.6	213.1
454	Spectrogram 1	1	32287.868603981	32289.012669450	95.6	213.1
455	Waveform 1	1	32331.741505941	32332.758453024	104.8	210.8
455	Spectrogram 1	1	32331.741505941	32332.758453024	104.8	210.8
456	Waveform 1	1	32369.800805474	32371.008430136	95.6	203.9
456	Spectrogram 1	1	32369.800805474	32371.008430136	95.6	203.9
457	Waveform 1	1	32405.487228480	32406.207565997	97.9	197.0
457	Spectrogram 1	1	32405.487228480	32406.207565997	97.9	197.0
458	Waveform 1	1	32456.245709651	32457.283843132	77.1	185.4
458	Spectrogram 1	1	32456.245709651	32457.283843132	77.1	185.4
459	Waveform 1	1	32487.334684383	32488.245699478	97.9	213.1
459	Spectrogram 1	1	32487.334684383	32488.245699478	97.9	213.1
460	Waveform 1	1	32525.762682166	32526.949120430	67.9	197.0
460	Spectrogram 1	1	32525.762682166	32526.949120430	67.9	197.0
461	Waveform 1	1	32601.762692338	32603.012689795	102.5	199.3
461	Spectrogram 1	1	32601.762692338	32603.012689795	102.5	199.3
462	Waveform 1	1	32677.160953888	32678.326205755	74.8	213.1
462	Spectrogram 1	1	32677.160953888	32678.326205755	74.8	213.1
463	Waveform 1	1	32742.249969310	32743.457593972	86.4	215.4
463	Spectrogram 1	1	32742.249969310	32743.457593972	86.4	215.4
464	Waveform 1	1	32758.627054635	32759.347392152	102.5	155.5
464	Spectrogram 1	1	32758.627054635	32759.347392152	102.5	155.5
465	Waveform 1	1	32773.571994415	32775.097415040	74.8	203.9
465	Spectrogram 1	1	32773.571994415	32775.097415040	74.8	203.9
466	Waveform 1	1	32812.711800225	32813.580442526	65.6	176.2
466	Spectrogram 1	1	32812.711800225	32813.580442526	65.6	176.2
467	Waveform 1	1	32851.542339562	32852.792337019	84.1	206.2
467	Spectrogram 1	1	32851.542339562	32852.792337019	84.1	206.2
468	Waveform 1	1	32905.796576333	32906.940641802	107.1	206.2
468	Spectrogram 1	1	32905.796576333	32906.940641802	107.1	206.2
469	Waveform 1	1	32937.097415040	32938.368598895	84.1	199.3
469	Spectrogram 1	1	32937.097415040	32938.368598895	84.1	199.3
470	Waveform 1	1	33145.576243902	33146.741495768	125.5	261.5
470	Spectrogram 1	1	33145.576243902	33146.741495768	125.5	261.5
475	Waveform 1	1	33203.622845838	33205.042334476	86.4	222.3
475	Spectrogram 1	1	33203.622845838	33205.042334476	86.4	222.3
476	Waveform 1	1	33235.644022063	33236.724528340	91.0	206.2
476	Spectrogram 1	1	33235.644022063	33236.724528340	91.0	206.2
477	Waveform 1	1	33255.504206081	33256.838949128	111.7	222.3
477	Spectrogram 1	1	33255.504206081	33256.838949128	111.7	222.3
478	Waveform 1	1	33282.398274093	33283.521153164	93.3	180.8
478	Spectrogram 1	1	33282.398274093	33283.521153164	93.3	180.8
479	Waveform 1	1	33345.762661821	33346.673676916	84.1	194.7
479	Spectrogram 1	1	33345.762661821	33346.673676916	84.1	194.7
480	Waveform 1	1	33369.245719823	33370.156734919	107.1	197.0
480	Spectrogram 1	1	33369.245719823	33370.156734919	107.1	197.0
481	Waveform 1	1	33569.432137743	33570.237220850	104.8	150.9
481	Spectrogram 1	1	33569.432137743	33570.237220850	104.8	150.9
482	Waveform 1	1	33738.610107551	33739.499936249	81.7	141.7
482	Spectrogram 1	1	33738.610107551	33739.499936249	81.7	141.7
483	Waveform 1	1	33887.622845838	33888.237251368	97.9	155.5
483	Spectrogram 1	1	33887.622845838	33888.237251368	97.9	155.5
484	Waveform 1	1	33985.686425376	33986.343203701	88.7	171.6
484	Spectrogram 1	1	33985.686425376	33986.343203701	88.7	171.6
485	Waveform 1	1	34022.644032236	34023.745724910	86.4	187.7
485	Spectrogram 1	1	34022.644032236	34023.745724910	86.4	187.7
486	Waveform 1	1	34037.305019357	34038.279593646	109.4	167.0
486	Spectrogram 1	1	34037.305019357	34038.279593646	109.4	167.0
487	Waveform 1	1	34075.499966767	34076.432168260	91.0	187.7
487	Spectrogram 1	1	34075.499966767	34076.432168260	91.0	187.7
488	Waveform 1	1	34170.610107551	34171.351631466	97.9	173.9
488	Spectrogram 1	1	34170.610107551	34171.351631466	97.9	173.9
489	Waveform 1	1	34194.008419964	34194.877062264	97.9	180.8
489	Spectrogram 1	1	34194.008419964	34194.877062264	97.9	180.8
490	Waveform 1	1	34276.915195745	34277.550787672	102.5	176.2
490	Spectrogram 1	1	34276.915195745	34277.550787672	102.5	176.2
491	Waveform 1	1	34340.266926566	34341.093196071	67.9	169.3
491	Spectrogram 1	1	34340.266926566	34341.093196071	67.9	169.3
492	Waveform 1	1	34512.245719823	34512.944870943	65.6	167.0
492	Spectrogram 1	1	34512.245719823	34512.944870943	65.6	167.0
493	Waveform 1	1	34695.906747635	34696.902508321	56.4	157.8
493	Spectrogram 1	1	34695.906747635	34696.902508321	56.4	157.8
494	Waveform 1	1	34949.288082446	34949.987233566	61.0	176.2
494	Spectrogram 1	1	34949.288082446	34949.987233566	61.0	176.2
495	Waveform 1	1	35172.669478293	35173.538120593	91.0	187.7
495	Spectrogram 1	1	35172.669478293	35173.538120593	91.0	187.7
496	Waveform 1	1	35258.309299361	35259.792347191	88.7	185.4
496	Spectrogram 1	1	35258.309299361	35259.792347191	88.7	185.4
497	Waveform 1	1	35341.258447938	35342.656750178	58.7	183.1
497	Spectrogram 1	1	35341.258447938	35342.656750178	58.7	183.1
498	Waveform 1	1	35397.440646888	35398.351661984	54.1	167.0
498	Spectrogram 1	1	35397.440646888	35398.351661984	54.1	167.0
