Selection	View	Channel	Begin Time (s)	End Time (s)	Low Freq (Hz)	High Freq (Hz)
1	Waveform 1	1	16.432378556	17.712484358	1495.9	1778.3
1	Spectrogram 1	1	16.432378556	17.712484358	1495.9	1778.3
2	Waveform 1	1	59.146547815	60.635650482	1461.4	1711.3
2	Spectrogram 1	1	59.146547815	60.635650482	1461.4	1711.3
3	Waveform 1	1	95.951242288	97.309721914	1142.0	1391.9
3	Spectrogram 1	1	95.951242288	97.309721914	1142.0	1391.9
4	Waveform 1	1	79.445368384	81.091218701	1166.3	1451.0
4	Spectrogram 1	1	79.445368384	81.091218701	1166.3	1451.0
5	Waveform 1	1	115.706759418	117.117488261	1083.0	1464.8
5	Spectrogram 1	1	115.706759418	117.117488261	1083.0	1464.8
6	Waveform 1	1	117.587731209	119.311955350	1096.9	1437.1
6	Spectrogram 1	1	117.587731209	119.311955350	1096.9	1437.1
7	Waveform 1	1	119.573201432	121.166802532	1100.4	1409.3
7	Spectrogram 1	1	119.573201432	121.166802532	1100.4	1409.3
8	Waveform 1	1	124.432378556	126.025979656	1090.0	1388.5
8	Spectrogram 1	1	124.432378556	126.025979656	1090.0	1388.5
9	Waveform 1	1	126.679094861	128.063699096	1114.3	1388.5
9	Spectrogram 1	1	126.679094861	128.063699096	1114.3	1388.5
10	Waveform 1	1	129.735674020	131.250901296	1124.7	1402.4
10	Spectrogram 1	1	129.735674020	131.250901296	1124.7	1402.4
11	Waveform 1	1	140.828125697	142.552349838	1135.1	1461.4
11	Spectrogram 1	1	140.828125697	142.552349838	1135.1	1461.4
12	Waveform 1	1	143.022592785	144.511695453	1128.1	1447.5
12	Spectrogram 1	1	143.022592785	144.511695453	1128.1	1447.5
13	Waveform 1	1	145.426056739	146.862910190	1242.7	1426.7
13	Spectrogram 1	1	145.426056739	146.862910190	1242.7	1426.7
14	Waveform 1	1	148.979003454	150.703227595	1232.3	1423.2
14	Spectrogram 1	1	148.979003454	150.703227595	1232.3	1423.2
15	Waveform 1	1	152.140081046	153.603059105	1093.4	1457.9
15	Spectrogram 1	1	152.140081046	153.603059105	1093.4	1457.9
16	Waveform 1	1	154.282298918	155.823650802	1083.0	1412.8
16	Spectrogram 1	1	154.282298918	155.823650802	1083.0	1412.8
17	Waveform 1	1	166.859177125	168.531152049	989.3	1430.1
17	Spectrogram 1	1	166.859177125	168.531152049	989.3	1430.1
18	Waveform 1	1	173.024584659	174.539811935	1135.1	1405.8
18	Spectrogram 1	1	173.024584659	174.539811935	1135.1	1405.8
19	Waveform 1	1	197.689654150	199.335504466	1166.3	1475.3
19	Spectrogram 1	1	197.689654150	199.335504466	1166.3	1475.3
20	Waveform 1	1	210.699709032	212.502306998	1180.2	1416.2
20	Spectrogram 1	1	210.699709032	212.502306998	1180.2	1416.2
21	Waveform 1	1	304.170987522	305.869087055	1190.6	1440.5
21	Spectrogram 1	1	304.170987522	305.869087055	1190.6	1440.5
22	Waveform 1	1	310.882824377	312.476425477	1145.5	1423.2
22	Spectrogram 1	1	310.882824377	312.476425477	1145.5	1423.2
23	Waveform 1	1	333.012989828	334.711089361	1180.2	1444.0
23	Spectrogram 1	1	333.012989828	334.711089361	1180.2	1444.0
24	Waveform 1	1	351.326340175	352.919941275	1135.1	1378.1
24	Spectrogram 1	1	351.326340175	352.919941275	1135.1	1378.1
25	Waveform 1	1	354.800913065	356.316140340	1149.0	1416.2
25	Spectrogram 1	1	354.800913065	356.316140340	1149.0	1416.2
26	Waveform 1	1	362.324800226	363.813902893	1145.5	1395.4
26	Spectrogram 1	1	362.324800226	363.813902893	1145.5	1395.4
27	Waveform 1	1	387.065239045	388.737213969	1273.9	1451.0
27	Spectrogram 1	1	387.065239045	388.737213969	1273.9	1451.0
28	Waveform 1	1	401.224776688	402.975125437	1280.9	1433.6
28	Spectrogram 1	1	401.224776688	402.975125437	1280.9	1433.6
29	Waveform 1	1	403.680489858	405.169592525	1305.2	1457.9
29	Spectrogram 1	1	403.680489858	405.169592525	1305.2	1457.9
30	Waveform 1	1	406.031704596	407.886551778	1305.2	1454.4
30	Spectrogram 1	1	406.031704596	407.886551778	1305.2	1454.4
34	Waveform 1	1	523.062205364	524.864803329	1131.6	1395.4
34	Spectrogram 1	1	523.062205364	524.864803329	1131.6	1395.4
35	Waveform 1	1	551.102958484	552.383064286	1305.2	1444.0
35	Spectrogram 1	1	551.102958484	552.383064286	1305.2	1444.0
36	Waveform 1	1	554.864902064	556.249506299	1145.5	1391.9
36	Spectrogram 1	1	554.864902064	556.249506299	1145.5	1391.9
37	Waveform 1	1	556.876496896	558.287225738	1253.1	1475.3
37	Spectrogram 1	1	556.876496896	558.287225738	1253.1	1475.3
38	Waveform 1	1	565.131873086	566.856097227	1173.3	1405.8
38	Spectrogram 1	1	565.131873086	566.856097227	1173.3	1405.8
39	Waveform 1	1	587.809480092	589.272458151	1201.0	1478.7
39	Spectrogram 1	1	587.809480092	589.272458151	1201.0	1478.7
40	Waveform 1	1	590.030071789	591.623672889	1214.9	1454.4
40	Spectrogram 1	1	590.030071789	591.623672889	1214.9	1454.4
41	Waveform 1	1	592.433535743	593.844264586	1201.0	1447.5
41	Spectrogram 1	1	592.433535743	593.844264586	1201.0	1447.5
42	Waveform 1	1	594.915373522	596.430600798	1180.2	1447.5
42	Spectrogram 1	1	594.915373522	596.430600798	1180.2	1447.5
43	Waveform 1	1	705.187202200	708.609525874	1044.8	1739.1
43	Spectrogram 1	1	705.187202200	708.609525874	1044.8	1739.1
44	Waveform 1	1	744.553005285	746.407852467	1350.0	2106.0
44	Spectrogram 1	1	744.553005285	746.407852467	1350.0	2106.0
45	Waveform 1	1	747.087092280	748.994188678	1335.2	2032.3
45	Spectrogram 1	1	747.087092280	748.994188678	1335.2	2032.3
46	Waveform 1	1	750.483291346	752.364263136	1296.0	1993.1
46	Spectrogram 1	1	750.483291346	752.364263136	1296.0	1993.1
