Selection	View	Channel	Begin Time (s)	End Time (s)	Low Freq (Hz)	High Freq (Hz)
1	Waveform 1	1	19.838000000	22.852000000	1073.5	1560.0
1	Spectrogram 1	1	19.838000000	22.852000000	1073.5	1560.0
2	Waveform 1	1	73.935000000	76.658000000	1263.6	1537.6
2	Spectrogram 1	1	73.935000000	76.658000000	1263.6	1537.6
3	Waveform 1	1	103.449000000	106.123000000	1191.0	1571.2
3	Spectrogram 1	1	103.449000000	106.123000000	1191.0	1571.2
4	Waveform 1	1	138.729000000	141.306000000	1079.1	1537.6
4	Spectrogram 1	1	138.729000000	141.306000000	1079.1	1537.6
5	Waveform 1	1	176.733000000	179.650000000	1146.2	1532.0
5	Spectrogram 1	1	176.733000000	179.650000000	1146.2	1532.0
6	Waveform 1	1	224.169000000	227.280000000	1112.7	1599.1
6	Spectrogram 1	1	224.169000000	227.280000000	1112.7	1599.1
7	Waveform 1	1	258.010000000	261.073000000	1185.4	1515.3
7	Spectrogram 1	1	258.010000000	261.073000000	1185.4	1515.3
8	Waveform 1	1	285.997000000	288.525000000	1218.9	1509.7
8	Spectrogram 1	1	285.997000000	288.525000000	1218.9	1509.7
9	Waveform 1	1	324.263000000	327.180000000	1095.9	1520.8
9	Spectrogram 1	1	324.263000000	327.180000000	1095.9	1520.8
10	Waveform 1	1	363.579000000	366.642000000	1135.0	1509.7
10	Spectrogram 1	1	363.579000000	366.642000000	1135.0	1509.7
11	Waveform 1	1	403.089000000	405.909000000	1123.9	1565.6
11	Spectrogram 1	1	403.089000000	405.909000000	1123.9	1565.6
12	Waveform 1	1	429.540000000	432.700000000	1017.6	1509.7
12	Spectrogram 1	1	429.540000000	432.700000000	1017.6	1509.7
13	Waveform 1	1	466.619000000	468.321000000	1023.2	1565.6
13	Spectrogram 1	1	466.619000000	468.321000000	1023.2	1565.6
14	Waveform 1	1	492.759000000	495.190000000	1040.0	1526.4
14	Spectrogram 1	1	492.759000000	495.190000000	1040.0	1526.4
15	Waveform 1	1	522.904000000	525.287000000	1123.9	1582.3
15	Spectrogram 1	1	522.904000000	525.287000000	1123.9	1582.3
16	Waveform 1	1	567.909000000	570.583000000	1051.2	1548.8
16	Spectrogram 1	1	567.909000000	570.583000000	1051.2	1548.8
17	Waveform 1	1	643.838000000	645.929000000	1224.5	1615.9
17	Spectrogram 1	1	643.838000000	645.929000000	1224.5	1615.9
18	Waveform 1	1	655.075000000	658.138000000	1258.0	1537.6
18	Spectrogram 1	1	655.075000000	658.138000000	1258.0	1537.6
19	Waveform 1	1	667.692000000	671.193000000	1246.9	1481.7
19	Spectrogram 1	1	667.692000000	671.193000000	1246.9	1481.7
20	Waveform 1	1	703.721000000	706.347000000	1280.4	1532.0
20	Spectrogram 1	1	703.721000000	706.347000000	1280.4	1532.0
21	Waveform 1	1	736.765000000	739.877000000	1246.9	1526.4
21	Spectrogram 1	1	736.765000000	739.877000000	1246.9	1526.4
22	Waveform 1	1	768.107000000	771.608000000	1163.0	1526.4
22	Spectrogram 1	1	768.107000000	771.608000000	1163.0	1526.4
23	Waveform 1	1	822.934000000	825.511000000	1028.8	1621.5
23	Spectrogram 1	1	822.934000000	825.511000000	1028.8	1621.5
24	Waveform 1	1	832.075000000	834.603000000	1079.1	1627.1
24	Spectrogram 1	1	832.075000000	834.603000000	1079.1	1627.1
25	Waveform 1	1	859.449000000	861.734000000	1213.3	1565.6
25	Spectrogram 1	1	859.449000000	861.734000000	1213.3	1565.6
26	Waveform 1	1	891.909000000	894.729000000	1179.8	1526.4
26	Spectrogram 1	1	891.909000000	894.729000000	1179.8	1526.4
27	Waveform 1	1	939.005000000	942.846000000	1174.2	1520.8
27	Spectrogram 1	1	939.005000000	942.846000000	1174.2	1520.8
28	Waveform 1	1	962.198000000	965.358000000	1157.4	1666.2
28	Spectrogram 1	1	962.198000000	965.358000000	1157.4	1666.2
29	Waveform 1	1	995.436000000	998.742000000	1101.5	1576.8
29	Spectrogram 1	1	995.436000000	998.742000000	1101.5	1576.8
30	Waveform 1	1	1004.820000000	1007.105000000	1235.7	1582.3
30	Spectrogram 1	1	1004.820000000	1007.105000000	1235.7	1582.3
31	Waveform 1	1	1013.669000000	1016.441000000	1073.5	1576.8
31	Spectrogram 1	1	1013.669000000	1016.441000000	1073.5	1576.8
32	Waveform 1	1	1023.248000000	1025.290000000	1129.4	1582.3
32	Spectrogram 1	1	1023.248000000	1025.290000000	1129.4	1582.3
33	Waveform 1	1	1064.509000000	1068.253000000	1274.8	1560.0
33	Spectrogram 1	1	1064.509000000	1068.253000000	1274.8	1560.0
34	Waveform 1	1	1091.815000000	1095.462000000	1146.2	1543.2
34	Spectrogram 1	1	1091.815000000	1095.462000000	1146.2	1543.2
35	Waveform 1	1	1139.154000000	1142.314000000	1151.8	1599.1
35	Spectrogram 1	1	1139.154000000	1142.314000000	1151.8	1599.1
36	Waveform 1	1	1162.590000000	1164.340000000	1263.6	1688.6
36	Spectrogram 1	1	1162.590000000	1164.340000000	1263.6	1688.6
37	Waveform 1	1	1185.199000000	1187.436000000	1252.5	1627.1
37	Spectrogram 1	1	1185.199000000	1187.436000000	1252.5	1627.1
38	Waveform 1	1	1227.190000000	1230.690000000	1146.2	1615.9
38	Spectrogram 1	1	1227.190000000	1230.690000000	1146.2	1615.9
39	Waveform 1	1	1272.146000000	1275.112000000	1213.3	1565.6
39	Spectrogram 1	1	1272.146000000	1275.112000000	1213.3	1565.6
40	Waveform 1	1	1319.436000000	1322.548000000	1098.7	1551.6
40	Spectrogram 1	1	1319.436000000	1322.548000000	1098.7	1551.6
41	Waveform 1	1	1357.439000000	1360.259000000	1272.0	1590.7
41	Spectrogram 1	1	1357.439000000	1360.259000000	1272.0	1590.7
42	Waveform 1	1	1367.796000000	1370.081000000	1308.4	1509.7
42	Spectrogram 1	1	1367.796000000	1370.081000000	1308.4	1509.7
43	Waveform 1	1	1411.682000000	1414.551000000	1258.0	1520.8
43	Spectrogram 1	1	1411.682000000	1414.551000000	1258.0	1520.8
44	Waveform 1	1	1432.104000000	1434.146000000	1177.0	1551.6
44	Spectrogram 1	1	1432.104000000	1434.146000000	1177.0	1551.6
45	Waveform 1	1	1456.172000000	1459.332000000	1269.2	1571.2
45	Spectrogram 1	1	1456.172000000	1459.332000000	1269.2	1571.2
46	Waveform 1	1	1484.499000000	1487.222000000	1185.4	1565.6
46	Spectrogram 1	1	1484.499000000	1487.222000000	1185.4	1565.6
47	Waveform 1	1	1507.741000000	1511.193000000	1230.1	1532.0
47	Spectrogram 1	1	1507.741000000	1511.193000000	1230.1	1532.0
48	Waveform 1	1	1517.981000000	1520.752000000	1112.7	1587.9
48	Spectrogram 1	1	1517.981000000	1520.752000000	1112.7	1587.9
49	Waveform 1	1	1539.763000000	1543.216000000	1084.7	1537.6
49	Spectrogram 1	1	1539.763000000	1543.216000000	1084.7	1537.6
50	Waveform 1	1	1568.159000000	1570.882000000	1191.0	1532.0
50	Spectrogram 1	1	1568.159000000	1570.882000000	1191.0	1532.0
51	Waveform 1	1	1611.608000000	1613.455000000	1224.5	1587.9
51	Spectrogram 1	1	1611.608000000	1613.455000000	1224.5	1587.9
52	Waveform 1	1	1641.005000000	1643.047000000	1246.9	1515.3
52	Spectrogram 1	1	1641.005000000	1643.047000000	1246.9	1515.3
53	Waveform 1	1	1651.507000000	1654.036000000	1241.3	1526.4
53	Spectrogram 1	1	1651.507000000	1654.036000000	1241.3	1526.4
54	Waveform 1	1	1671.053000000	1674.311000000	1140.6	1504.1
54	Spectrogram 1	1	1671.053000000	1674.311000000	1140.6	1504.1
55	Waveform 1	1	1726.026000000	1729.332000000	1168.6	1660.6
55	Spectrogram 1	1	1726.026000000	1729.332000000	1168.6	1660.6
56	Waveform 1	1	1763.397000000	1767.044000000	1207.7	1576.8
56	Spectrogram 1	1	1763.397000000	1767.044000000	1207.7	1576.8
57	Waveform 1	1	1772.489000000	1775.650000000	1163.0	1593.5
57	Spectrogram 1	1	1772.489000000	1775.650000000	1163.0	1593.5
58	Waveform 1	1	1838.499000000	1841.562000000	1084.7	1526.4
58	Spectrogram 1	1	1838.499000000	1841.562000000	1084.7	1526.4
59	Waveform 1	1	1864.930000000	1868.237000000	1129.4	1615.9
59	Spectrogram 1	1	1864.930000000	1868.237000000	1129.4	1615.9
60	Waveform 1	1	1891.429000000	1894.784000000	1034.4	1655.0
60	Spectrogram 1	1	1891.429000000	1894.784000000	1034.4	1655.0
61	Waveform 1	1	1954.113000000	1956.690000000	1291.6	1532.0
61	Spectrogram 1	1	1954.113000000	1956.690000000	1291.6	1532.0
62	Waveform 1	1	1967.971000000	1971.083000000	1151.8	1548.8
62	Spectrogram 1	1	1967.971000000	1971.083000000	1151.8	1548.8
63	Waveform 1	1	2032.036000000	2035.342000000	1196.5	1537.6
63	Spectrogram 1	1	2032.036000000	2035.342000000	1196.5	1537.6
64	Waveform 1	1	2067.851000000	2069.990000000	1224.5	1643.9
64	Spectrogram 1	1	2067.851000000	2069.990000000	1224.5	1643.9
65	Waveform 1	1	2155.595000000	2158.269000000	1112.7	1526.4
65	Spectrogram 1	1	2155.595000000	2158.269000000	1112.7	1526.4
66	Waveform 1	1	2176.799000000	2179.376000000	1241.3	1532.0
66	Spectrogram 1	1	2176.799000000	2179.376000000	1241.3	1532.0
67	Waveform 1	1	2222.023000000	2224.746000000	1246.9	1543.2
67	Spectrogram 1	1	2222.023000000	2224.746000000	1246.9	1543.2
68	Waveform 1	1	2303.348000000	2305.780000000	1191.0	1565.6
68	Spectrogram 1	1	2303.348000000	2305.780000000	1191.0	1565.6
69	Waveform 1	1	2338.288000000	2340.088000000	1179.8	1632.7
69	Spectrogram 1	1	2338.288000000	2340.088000000	1179.8	1632.7
70	Waveform 1	1	2373.053000000	2376.165000000	1023.2	1587.9
70	Spectrogram 1	1	2373.053000000	2376.165000000	1023.2	1587.9
71	Waveform 1	1	2385.433000000	2388.545000000	1121.1	1540.4
71	Spectrogram 1	1	2385.433000000	2388.545000000	1121.1	1540.4
72	Waveform 1	1	2461.605000000	2464.327000000	1263.6	1520.8
72	Spectrogram 1	1	2461.605000000	2464.327000000	1263.6	1520.8
73	Waveform 1	1	2469.335000000	2471.961000000	1235.7	1610.3
73	Spectrogram 1	1	2469.335000000	2471.961000000	1235.7	1610.3
74	Waveform 1	1	2540.382000000	2542.814000000	1218.9	1515.3
74	Spectrogram 1	1	2540.382000000	2542.814000000	1218.9	1515.3
75	Waveform 1	1	2623.653000000	2626.619000000	1252.5	1526.4
75	Spectrogram 1	1	2623.653000000	2626.619000000	1252.5	1526.4
76	Waveform 1	1	2730.827000000	2733.695000000	1241.3	1520.8
76	Spectrogram 1	1	2730.827000000	2733.695000000	1241.3	1520.8
77	Waveform 1	1	2829.345000000	2831.387000000	1437.0	1901.1
77	Spectrogram 1	1	2829.345000000	2831.387000000	1437.0	1901.1
78	Waveform 1	1	2833.089000000	2835.228000000	1425.8	1984.9
78	Spectrogram 1	1	2833.089000000	2835.228000000	1425.8	1984.9
79	Waveform 1	1	2855.096000000	2856.749000000	1478.9	1931.8
79	Spectrogram 1	1	2855.096000000	2856.749000000	1478.9	1931.8
80	Waveform 1	1	2857.916000000	2859.958000000	1375.5	1867.5
80	Spectrogram 1	1	2857.916000000	2859.958000000	1375.5	1867.5
81	Waveform 1	1	2905.566000000	2907.656000000	1274.8	1884.3
81	Spectrogram 1	1	2905.566000000	2907.656000000	1274.8	1884.3
