Selection	View	Channel	Begin File	Begin Time (s)	End Time (s)	Delta Time (s)	Low Freq (Hz)	High Freq (Hz)	Delta Freq (Hz)	Peak Freq (Hz)	Notes
1	Spectrogram 1	1	AU-AWBS03-150620-230000.wav	272.018109202	272.212158164	0.194	45.0	1342.3	1297.3	96.0	start pattern B
2	Spectrogram 1	1	AU-AWBS03-150620-230000.wav	273.454071519	273.609310688	0.155	65.7	1453.0	1387.2	144.0	
3	Spectrogram 1	1	AU-AWBS03-150620-230000.wav	274.890033835	275.045273005	0.155	64.0	1340.5	1276.5	80.0	
4	Spectrogram 1	1	AU-AWBS03-150620-230000.wav	278.421724939	278.654583693	0.233	58.8	1951.1	1892.3	96.0	
5	Spectrogram 1	1	AU-AWBS03-150620-230000.wav	279.896497048	280.051736217	0.155	76.1	1947.7	1871.6	128.0	
6	Spectrogram 1	1	AU-AWBS03-150620-230000.wav	281.604127911	281.798176873	0.194	48.4	1961.5	1913.1	96.0	
7	Spectrogram 1	1	AU-AWBS03-150620-230000.wav	283.156519605	283.350568567	0.194	65.7	1940.8	1875.0	128.0	
8	Spectrogram 1	1	AU-AWBS03-150620-230000.wav	284.922365157	285.116414118	0.194	69.2	1985.7	1916.5	80.0	
9	Spectrogram 1	1	AU-AWBS03-150620-230000.wav	286.416542162	286.610591124	0.194	65.7	1255.8	1190.1	112.0	
10	Spectrogram 1	1	AU-AWBS03-150620-230000.wav	288.201792610	288.395841571	0.194	45.0	2037.6	1992.6	80.0	
11	Spectrogram 1	1	AU-AWBS03-150620-230000.wav	289.792994096	289.987043057	0.194	55.4	1792.0	1736.6	96.0	
12	Spectrogram 1	1	AU-AWBS03-150620-230000.wav	291.578244544	291.733483713	0.155	38.1	2037.6	1999.6	112.0	
13	Spectrogram 1	1	AU-AWBS03-150620-230000.wav	293.130636237	293.285875407	0.155	48.4	2037.6	1989.2	112.0	
14	Spectrogram 1	1	AU-AWBS03-150620-230000.wav	294.799457308	294.954696478	0.155	51.9	2003.0	1951.1	128.0	
15	Spectrogram 1	1	AU-AWBS03-150620-230000.wav	296.390658794	296.584707756	0.194	48.4	2041.1	1992.6	224.0	
16	Spectrogram 1	1	AU-AWBS03-150620-230000.wav	298.059479865	298.214719035	0.155	62.3	2044.5	1982.3	272.0	
17	Spectrogram 1	1	AU-AWBS03-150620-230000.wav	299.767110728	299.922349898	0.155	46.7	1726.3	1679.6	48.0	
18	Spectrogram 1	1	AU-AWBS03-150620-230000.wav	302.871894116	303.065943078	0.194	72.6	2034.2	1961.5	96.0	
19	Spectrogram 1	1	AU-AWBS03-150620-230000.wav	306.287155842	306.481204804	0.194	65.7	1971.9	1906.2	112.0	end main phrase
20	Spectrogram 1	1	AU-AWBS03-150620-230000.wav	312.496722617	312.690771579	0.194	69.2	1906.2	1837.0	112.0	
21	Spectrogram 1	1	AU-AWBS03-150620-230000.wav	314.126733896	314.320782858	0.194	69.2	1792.0	1722.8	128.0	
22	Spectrogram 1	1	AU-AWBS03-150620-230000.wav	315.834364759	315.989603928	0.155	70.9	1887.1	1816.2	144.0	
23	Spectrogram 1	1	AU-AWBS03-150620-230000.wav	317.541995622	317.736044584	0.194	51.9	2020.3	1968.4	128.0	
24	Spectrogram 1	1	AU-AWBS03-150620-230000.wav	320.802018179	321.034876933	0.233	51.9	2020.3	1968.4	144.0	
25	Spectrogram 1	1	AU-AWBS03-150620-230000.wav	324.566568037	324.799426791	0.233	62.3	1954.6	1892.3	64.0	
26	Spectrogram 1	1	AU-AWBS03-150620-230000.wav	332.460534731	332.654583693	0.194	83.0	1892.3	1809.3	256.0	
27	Spectrogram 1	1	AU-AWBS03-150620-230000.wav	334.168165594	334.401024348	0.233	65.7	1965.0	1899.2	80.0	
28	Spectrogram 1	1	AU-AWBS03-150620-230000.wav	335.972820938	336.166869900	0.194	62.3	1895.8	1833.5	64.0	
29	Spectrogram 1	1	AU-AWBS03-150620-230000.wav	337.699856698	337.893905659	0.194	76.1	2030.7	1954.6	272.0	
30	Spectrogram 1	1	AU-AWBS03-150620-230000.wav	340.979284151	341.173333113	0.194	57.1	2039.4	1982.3	112.0	
31	Spectrogram 1	1	AU-AWBS03-150620-230000.wav	344.530380150	344.724429112	0.194	69.2	2041.1	1971.9	112.0	
32	Spectrogram 1	1	AU-AWBS03-150620-230000.wav	354.271638029	354.465686991	0.194	65.7	2034.2	1968.4	128.0	
33	Spectrogram 1	1	AU-AWBS03-150620-230000.wav	356.018078684	356.212127646	0.194	58.8	1999.6	1940.8	64.0	
34	Spectrogram 1	1	AU-AWBS03-150620-230000.wav	357.570470378	357.764519340	0.194	48.4	2044.5	1996.1	192.0	
35	Spectrogram 1	1	AU-AWBS03-150620-230000.wav	360.714063558	360.908112520	0.194	51.9	2041.1	1989.2	112.0	
36	Spectrogram 1	1	AU-AWBS03-150620-230000.wav	364.478613415	364.672662377	0.194	55.4	2041.1	1985.7	256.0	
37	Spectrogram 1	1	AU-AWBS03-150620-230000.wav	376.820127381	377.014176343	0.194	48.4	1937.3	1888.9	64.0	
38	Spectrogram 1	1	AU-AWBS03-150620-230000.wav	378.450138660	378.644187621	0.194	45.0	2041.1	1996.1	256.0	
39	Spectrogram 1	1	AU-AWBS03-150620-230000.wav	381.671351424	381.904210178	0.233	62.3	2041.1	1978.8	272.0	
40	Spectrogram 1	1	AU-AWBS03-150620-230000.wav	385.529099715	385.723148677	0.194	65.7	2037.6	1971.9	208.0	
41	Spectrogram 1	1	AU-AWBS03-150620-230000.wav	396.861559080	397.055608041	0.194	62.3	1985.7	1923.5	64.0	
42	Spectrogram 1	1	AU-AWBS03-150620-230000.wav	398.452760566	398.646809527	0.194	62.3	2044.5	1982.3	224.0	
43	Spectrogram 1	1	AU-AWBS03-150620-230000.wav	401.712783123	401.906832084	0.194	58.8	2041.1	1982.3	96.0	
44	Spectrogram 1	1	AU-AWBS03-150620-230000.wav	405.516142772	405.710191734	0.194	72.6	2041.1	1968.4	224.0	
45	Spectrogram 1	1	AU-AWBS03-150620-230000.wav	416.266455252	416.460504214	0.194	91.7	1783.4	1691.7	128.0	
46	Spectrogram 1	1	AU-AWBS03-150620-230000.wav	417.935276323	418.090515492	0.155	96.9	2030.7	1933.8	224.0	
47	Spectrogram 1	1	AU-AWBS03-150620-230000.wav	419.642907186	419.914575732	0.272	76.1	2044.5	1968.4	208.0	
48	Spectrogram 1	1	AU-AWBS03-150620-230000.wav	422.941739535	423.213408082	0.272	51.9	2044.5	1992.6	128.0	
49	Spectrogram 1	1	AU-AWBS03-150620-230000.wav	426.551050223	426.783908977	0.233	65.7	2013.4	1947.7	80.0	end pattern
50	Spectrogram 1	1	AU-AWBS03-150620-231000.wav	618.605408347	618.838267101	0.233	31.1	1881.9	1850.8	64.0	start pattern
51	Spectrogram 1	1	AU-AWBS03-150620-231000.wav	619.924941286	620.080180456	0.155	43.2	1698.6	1655.4	48.0	
52	Spectrogram 1	1	AU-AWBS03-150620-231000.wav	621.516142772	621.749001526	0.233	45.0	1709.0	1664.0	48.0	
53	Spectrogram 1	1	AU-AWBS03-150620-231000.wav	624.892594706	625.125453460	0.233	38.1	1709.0	1670.9	112.0	
54	Spectrogram 1	1	AU-AWBS03-150620-231000.wav	626.386771712	626.580820673	0.194	38.1	1397.6	1359.6	112.0	
55	Spectrogram 1	1	AU-AWBS03-150620-231000.wav	628.113807471	628.346666225	0.233	55.4	2037.6	1982.3	112.0	
56	Spectrogram 1	1	AU-AWBS03-150620-231000.wav	629.627389372	629.821438334	0.194	48.4	1414.9	1366.5	128.0	
57	Spectrogram 1	1	AU-AWBS03-150620-231000.wav	631.412639820	631.606688782	0.194	45.0	2037.6	1992.6	128.0	
58	Spectrogram 1	1	AU-AWBS03-150620-231000.wav	632.965031514	633.159080476	0.194	48.4	1290.4	1241.9	128.0	
59	Spectrogram 1	1	AU-AWBS03-150620-231000.wav	634.633852585	634.866711339	0.233	41.5	2041.1	1999.6	128.0	
60	Spectrogram 1	1	AU-AWBS03-150620-231000.wav	636.225054071	636.419103033	0.194	45.0	1760.9	1715.9	48.0	
61	Spectrogram 1	1	AU-AWBS03-150620-231000.wav	637.971494726	638.204353481	0.233	48.4	2034.2	1985.7	112.0	
62	Spectrogram 1	1	AU-AWBS03-150620-231000.wav	639.523886420	639.717935382	0.194	55.4	1885.4	1830.1	112.0	
63	Spectrogram 1	1	AU-AWBS03-150620-231000.wav	641.153897699	641.386756453	0.233	45.0	2003.0	1958.1	64.0	
64	Spectrogram 1	1	AU-AWBS03-150620-231000.wav	642.745099185	642.939148147	0.194	48.4	2016.9	1968.4	64.0	
65	Spectrogram 1	1	AU-AWBS03-150620-231000.wav	644.433325152	644.627374114	0.194	53.6	2029.0	1975.4	64.0	
66	Spectrogram 1	1	AU-AWBS03-150620-231000.wav	647.596323228	647.751562397	0.155	38.1	2030.7	1992.6	112.0	
67	Spectrogram 1	1	AU-AWBS03-150620-231000.wav	651.089204539	651.283253501	0.194	48.4	1581.0	1532.5	112.0	end main phrase
68	Spectrogram 1	1	AU-AWBS03-150620-231000.wav	658.129355802	658.284594971	0.155	79.6	1581.0	1501.4	80.0	
69	Spectrogram 1	1	AU-AWBS03-150620-231000.wav	659.836986665	659.992225834	0.155	65.7	1840.4	1774.7	112.0	
70	Spectrogram 1	1	AU-AWBS03-150620-231000.wav	661.544617528	661.699856698	0.155	89.9	1850.8	1760.9	96.0	
71	Spectrogram 1	1	AU-AWBS03-150620-231000.wav	663.213438599	663.407487561	0.194	58.8	1864.6	1805.8	192.0	
72	Spectrogram 1	1	AU-AWBS03-150620-231000.wav	666.357031779	666.551080741	0.194	58.8	2020.3	1961.5	208.0	
73	Spectrogram 1	1	AU-AWBS03-150620-231000.wav	669.927532675	670.121581636	0.194	51.9	1958.1	1906.2	176.0	
74	Spectrogram 1	1	AU-AWBS03-150620-231000.wav	678.970214291	679.164263253	0.194	51.9	1805.8	1753.9	64.0	
75	Spectrogram 1	1	AU-AWBS03-150620-231000.wav	680.677845154	680.871894116	0.194	62.3	1695.1	1632.9	64.0	
76	Spectrogram 1	1	AU-AWBS03-150620-231000.wav	682.307856433	682.463095602	0.155	58.8	2037.6	1978.8	192.0	
77	Spectrogram 1	1	AU-AWBS03-150620-231000.wav	685.529069197	685.723118159	0.194	69.2	2034.2	1965.0	144.0	
78	Spectrogram 1	1	AU-AWBS03-150620-231000.wav	689.138379885	689.371238639	0.233	72.6	2023.8	1951.1	288.0	
79	Spectrogram 1	1	AU-AWBS03-150620-231000.wav	698.763208387	698.957257349	0.194	58.8	1985.7	1926.9	64.0	
80	Spectrogram 1	1	AU-AWBS03-150620-231000.wav	700.432029458	700.587268627	0.155	89.9	1823.1	1733.2	96.0	
81	Spectrogram 1	1	AU-AWBS03-150620-231000.wav	702.062040736	702.217279905	0.155	69.2	2034.2	1965.0	240.0	
82	Spectrogram 1	1	AU-AWBS03-150620-231000.wav	705.302658397	705.496707359	0.194	72.6	2030.7	1958.1	144.0	
83	Spectrogram 1	1	AU-AWBS03-150620-231000.wav	709.024572414	709.257431168	0.233	69.2	1913.1	1843.9	272.0	
84	Spectrogram 1	1	AU-AWBS03-150620-231000.wav	718.688210708	718.882259670	0.194	100.3	1878.5	1778.2	224.0	
85	Spectrogram 1	1	AU-AWBS03-150620-231000.wav	720.434651364	720.667510118	0.233	58.8	1878.5	1819.7	64.0	
86	Spectrogram 1	1	AU-AWBS03-150620-231000.wav	722.103472435	722.297521396	0.194	65.7	2037.6	1971.9	272.0	
87	Spectrogram 1	1	AU-AWBS03-150620-231000.wav	725.402304784	725.635163538	0.233	51.9	2041.1	1989.2	144.0	
88	Spectrogram 1	1	AU-AWBS03-150620-231000.wav	729.089235057	729.322093811	0.233	58.8	2044.5	1985.7	192.0	
89	Spectrogram 1	1	AU-AWBS03-150620-231000.wav	741.120270683	741.353129437	0.233	84.8	994.6	909.8	96.0	
90	Spectrogram 1	1	AU-AWBS03-150620-231000.wav	742.866711339	743.099570093	0.233	69.2	2037.6	1968.4	272.0	
91	Spectrogram 1	1	AU-AWBS03-150620-231000.wav	746.087924104	746.281973065	0.194	83.0	2044.5	1961.5	144.0	
92	Spectrogram 1	1	AU-AWBS03-150620-231000.wav	749.930093546	750.124142507	0.194	58.8	2037.6	1978.8	64.0	end pattern
99	Spectrogram 1	1	AU-AWBS03-150620-231000.wav	1175.739943767	1175.972802521	0.233	38.1	1888.9	1850.8	96.0	start pattern - skipped one too many gs
100	Spectrogram 1	1	AU-AWBS03-150620-231000.wav	1177.137096292	1177.331145253	0.194	72.6	788.8	716.1	128.0	
101	Spectrogram 1	1	AU-AWBS03-150620-231000.wav	1178.883536947	1179.077585909	0.194	62.3	930.6	868.3	64.0	
102	Spectrogram 1	1	AU-AWBS03-150620-231000.wav	1182.182369296	1182.415228050	0.233	45.0	1484.1	1439.1	112.0	
103	Spectrogram 1	1	AU-AWBS03-150620-231000.wav	1183.695951198	1183.890000159	0.194	69.2	1369.9	1300.8	128.0	
104	Spectrogram 1	1	AU-AWBS03-150620-231000.wav	1185.364772269	1185.558821230	0.194	55.4	2037.6	1982.3	128.0	
105	Spectrogram 1	1	AU-AWBS03-150620-231000.wav	1186.800734585	1187.033593339	0.233	65.7	875.2	809.5	80.0	
106	Spectrogram 1	1	AU-AWBS03-150620-231000.wav	1188.663604618	1188.896463372	0.233	48.4	2044.5	1996.1	128.0	
107	Spectrogram 1	1	AU-AWBS03-150620-231000.wav	1190.215996312	1190.410045273	0.194	76.1	1397.6	1321.5	128.0	
108	Spectrogram 1	1	AU-AWBS03-150620-231000.wav	1191.962436967	1192.195295721	0.233	45.0	2034.2	1989.2	128.0	
109	Spectrogram 1	1	AU-AWBS03-150620-231000.wav	1193.514828661	1193.708877623	0.194	51.9	1926.9	1875.0	128.0	
110	Spectrogram 1	1	AU-AWBS03-150620-231000.wav	1195.280674213	1195.474723174	0.194	64.0	2032.4	1968.4	112.0	
111	Spectrogram 1	1	AU-AWBS03-150620-231000.wav	1196.891280595	1197.085329557	0.194	58.8	1411.5	1352.6	64.0	
112	Spectrogram 1	1	AU-AWBS03-150620-231000.wav	1198.521291873	1198.715340835	0.194	72.6	2037.6	1965.0	96.0	
113	Spectrogram 1	1	AU-AWBS03-150620-232000.wav	1200.190112944	1200.422971698	0.233	48.4	1823.1	1774.7	64.0	
114	Spectrogram 1	1	AU-AWBS03-150620-232000.wav	1201.820124223	1202.014173184	0.194	45.0	1906.2	1861.2	80.0	
115	Spectrogram 1	1	AU-AWBS03-150620-232000.wav	1203.488945294	1203.721804048	0.233	76.1	1989.2	1913.1	80.0	
116	Spectrogram 1	1	AU-AWBS03-150620-232000.wav	1206.593728681	1206.826587435	0.233	62.3	2016.9	1954.6	128.0	
117	Spectrogram 1	1	AU-AWBS03-150620-232000.wav	1209.970180615	1210.203039369	0.233	62.3	1916.5	1854.3	128.0	end main phrase
118	Spectrogram 1	1	AU-AWBS03-150620-232000.wav	1217.126761255	1217.320810217	0.194	58.8	1996.1	1937.3	208.0	
119	Spectrogram 1	1	AU-AWBS03-150620-232000.wav	1218.834392118	1219.067250872	0.233	51.9	1895.8	1843.9	208.0	
120	Spectrogram 1	1	AU-AWBS03-150620-232000.wav	1220.464403397	1220.658452358	0.194	69.2	1985.7	1916.5	80.0	
121	Spectrogram 1	1	AU-AWBS03-150620-232000.wav	1222.094414675	1222.288463637	0.194	58.8	2037.6	1978.8	208.0	
122	Spectrogram 1	1	AU-AWBS03-150620-232000.wav	1225.199198063	1225.393247025	0.194	58.8	2037.6	1978.8	160.0	
123	Spectrogram 1	1	AU-AWBS03-150620-232000.wav	1228.769698959	1228.963747920	0.194	34.6	2013.4	1978.8	48.0	
124	Spectrogram 1	1	AU-AWBS03-150620-232000.wav	1236.842135766	1237.036184728	0.194	51.9	1664.0	1612.1	64.0	
125	Spectrogram 1	1	AU-AWBS03-150620-232000.wav	1238.627386214	1238.821435176	0.194	58.8	1930.4	1871.6	64.0	
126	Spectrogram 1	1	AU-AWBS03-150620-232000.wav	1240.335017077	1240.567875831	0.233	58.8	1729.7	1670.9	64.0	
127	Spectrogram 1	1	AU-AWBS03-150620-232000.wav	1242.042647940	1242.314316487	0.272	55.4	2037.6	1982.3	208.0	
128	Spectrogram 1	1	AU-AWBS03-150620-232000.wav	1245.263860705	1245.457909667	0.194	62.3	2041.1	1978.8	208.0	
129	Spectrogram 1	1	AU-AWBS03-150620-232000.wav	1249.300079109	1249.494128071	0.194	69.2	2041.1	1971.9	256.0	
130	Spectrogram 1	1	AU-AWBS03-150620-232000.wav	1260.981826605	1261.175875566	0.194	45.0	1632.9	1587.9	48.0	
131	Spectrogram 1	1	AU-AWBS03-150620-232000.wav	1262.573028091	1262.805886845	0.233	51.9	1920.0	1868.1	64.0	
132	Spectrogram 1	1	AU-AWBS03-150620-232000.wav	1265.848629496	1266.042678458	0.194	62.3	2030.7	1968.4	144.0	
133	Spectrogram 1	1	AU-AWBS03-150620-232000.wav	1269.729608731	1269.923657692	0.194	62.3	2027.2	1965.0	112.0	
134	Spectrogram 1	1	AU-AWBS03-150620-232000.wav	1279.432056817	1279.626105779	0.194	65.7	1629.4	1563.7	80.0	
135	Spectrogram 1	1	AU-AWBS03-150620-232000.wav	1281.139687680	1281.333736642	0.194	58.8	1878.5	1819.7	64.0	
136	Spectrogram 1	1	AU-AWBS03-150620-232000.wav	1282.847318543	1283.080177297	0.233	55.4	2034.2	1978.8	64.0	
137	Spectrogram 1	1	AU-AWBS03-150620-232000.wav	1286.146150892	1286.379009647	0.233	72.6	1965.0	1892.3	208.0	
138	Spectrogram 1	1	AU-AWBS03-150620-232000.wav	1289.910700750	1290.104749712	0.194	69.2	2027.2	1958.1	144.0	
139	Spectrogram 1	1	AU-AWBS03-150620-232000.wav	1301.107325841	1301.301374803	0.194	72.6	695.4	622.7	80.0	
140	Spectrogram 1	1	AU-AWBS03-150620-232000.wav	1303.028410562	1303.261269316	0.233	55.4	1996.1	1940.8	64.0	
141	Spectrogram 1	1	AU-AWBS03-150620-232000.wav	1306.404862496	1306.676531043	0.272	55.4	2027.2	1971.9	176.0	
142	Spectrogram 1	1	AU-AWBS03-150620-232000.wav	1310.247031939	1310.479890693	0.233	86.5	1376.9	1290.4	176.0	
143	Spectrogram 1	1	AU-AWBS03-150621-000000.wav	3852.764546699	3853.036215245	0.272	41.5	2037.6	1996.1	112.0	start pattern
144	Spectrogram 1	1	AU-AWBS03-150621-000000.wav	3854.161699223	3854.355748185	0.194	51.9	1954.6	1902.7	64.0	
145	Spectrogram 1	1	AU-AWBS03-150621-000000.wav	3855.752900710	3855.908139879	0.155	58.8	1684.8	1625.9	64.0	
146	Spectrogram 1	1	AU-AWBS03-150621-000000.wav	3859.071137955	3859.265186917	0.194	69.2	1992.6	1923.5	112.0	
147	Spectrogram 1	1	AU-AWBS03-150621-000000.wav	3860.604124753	3860.798173714	0.194	76.1	1913.1	1837.0	128.0	
148	Spectrogram 1	1	AU-AWBS03-150621-000000.wav	3862.311755616	3862.505804578	0.194	76.1	1902.7	1826.6	128.0	
149	Spectrogram 1	1	AU-AWBS03-150621-000000.wav	3863.786527725	3863.941766894	0.155	76.1	1916.5	1840.4	128.0	
150	Spectrogram 1	1	AU-AWBS03-150621-000000.wav	3865.610587965	3865.843446719	0.233	62.3	2037.6	1975.4	112.0	
151	Spectrogram 1	1	AU-AWBS03-150621-000000.wav	3867.124169867	3867.279409036	0.155	62.3	2037.6	1975.4	64.0	
152	Spectrogram 1	1	AU-AWBS03-150621-000000.wav	3868.831800730	3869.025849691	0.194	58.8	2034.2	1975.4	112.0	
153	Spectrogram 1	1	AU-AWBS03-150621-000000.wav	3870.345382631	3870.578241385	0.233	72.6	2037.6	1965.0	96.0	
154	Spectrogram 1	1	AU-AWBS03-150621-000000.wav	3872.169442871	3872.363491833	0.194	55.4	2041.1	1985.7	160.0	
155	Spectrogram 1	1	AU-AWBS03-150621-000000.wav	3873.721834565	3873.877073735	0.155	76.1	2034.2	1958.1	112.0	
156	Spectrogram 1	1	AU-AWBS03-150621-000000.wav	3875.390655636	3875.623514390	0.233	69.2	2037.6	1968.4	128.0	
157	Spectrogram 1	1	AU-AWBS03-150621-000000.wav	3876.981857122	3877.214715876	0.233	58.8	2041.1	1982.3	64.0	
158	Spectrogram 1	1	AU-AWBS03-150621-000000.wav	3878.611868401	3878.805917362	0.194	79.6	2037.6	1958.1	80.0	
159	Spectrogram 1	1	AU-AWBS03-150621-000000.wav	3880.280689471	3880.513548226	0.233	58.8	2044.5	1985.7	64.0	
160	Spectrogram 1	1	AU-AWBS03-150621-000000.wav	3883.385472859	3883.618331613	0.233	62.3	2044.5	1982.3	112.0	
161	Spectrogram 1	1	AU-AWBS03-150621-000000.wav	3886.723115001	3886.917163962	0.194	79.6	1926.9	1847.4	112.0	end main phrase
162	Spectrogram 1	1	AU-AWBS03-150621-000000.wav	3892.699823022	3892.893871983	0.194	100.3	2027.2	1926.9	144.0	
163	Spectrogram 1	1	AU-AWBS03-150621-000000.wav	3894.368644093	3894.523883262	0.155	86.5	2034.2	1947.7	96.0	
164	Spectrogram 1	1	AU-AWBS03-150621-000000.wav	3896.076274956	3896.270323917	0.194	100.3	2041.1	1940.8	208.0	
165	Spectrogram 1	1	AU-AWBS03-150621-000000.wav	3897.706286234	3897.900335196	0.194	86.5	2037.6	1951.1	192.0	
166	Spectrogram 1	1	AU-AWBS03-150621-000000.wav	3900.966308791	3901.160357753	0.194	76.1	2044.5	1968.4	112.0	
167	Spectrogram 1	1	AU-AWBS03-150621-000000.wav	3904.866692922	3905.060741884	0.194	83.0	1965.0	1881.9	96.0	
168	Spectrogram 1	1	AU-AWBS03-150621-000000.wav	3912.469586174	3912.663635135	0.194	89.9	1944.2	1854.3	96.0	
169	Spectrogram 1	1	AU-AWBS03-150621-000000.wav	3914.196621933	3914.390670895	0.194	89.9	2027.2	1937.3	96.0	
170	Spectrogram 1	1	AU-AWBS03-150621-000000.wav	3915.923657692	3916.078896862	0.155	83.0	2027.2	1944.2	96.0	
171	Spectrogram 1	1	AU-AWBS03-150621-000000.wav	3917.553668971	3917.747717933	0.194	93.4	2034.2	1940.8	224.0	
172	Spectrogram 1	1	AU-AWBS03-150621-000000.wav	3920.852501320	3921.046550282	0.194	76.1	2034.2	1958.1	208.0	
173	Spectrogram 1	1	AU-AWBS03-150621-000000.wav	3924.617051178	3924.849909932	0.233	93.4	2034.2	1940.8	240.0	
174	Spectrogram 1	1	AU-AWBS03-150621-000000.wav	3936.570467220	3936.803325974	0.233	51.9	1989.2	1937.3	64.0	
175	Spectrogram 1	1	AU-AWBS03-150621-000000.wav	3938.200478498	3938.394527460	0.194	65.7	2030.7	1965.0	256.0	
176	Spectrogram 1	1	AU-AWBS03-150621-000000.wav	3941.344071678	3941.538120640	0.194	65.7	2037.6	1971.9	208.0	
177	Spectrogram 1	1	AU-AWBS03-150621-000000.wav	3945.147431328	3945.341480290	0.194	69.2	2041.1	1971.9	240.0	
178	Spectrogram 1	1	AU-AWBS03-150621-000000.wav	3957.294896332	3957.488945294	0.194	69.2	2041.1	1971.9	80.0	
179	Spectrogram 1	1	AU-AWBS03-150621-000000.wav	3958.886097818	3959.080146780	0.194	79.6	2041.1	1961.5	208.0	
180	Spectrogram 1	1	AU-AWBS03-150621-000000.wav	3962.146120375	3962.262549752	0.116	72.6	2044.5	1971.9	112.0	
181	Spectrogram 1	1	AU-AWBS03-150621-000000.wav	3965.926249081	3966.120298043	0.194	83.0	2034.2	1951.1	208.0	
182	Spectrogram 1	1	AU-AWBS03-150621-000000.wav	3976.055604883	3976.210844052	0.155	79.6	2034.2	1954.6	80.0	
183	Spectrogram 1	1	AU-AWBS03-150621-000000.wav	3977.879665123	3978.073714085	0.194	83.0	2037.6	1954.6	96.0	
184	Spectrogram 1	1	AU-AWBS03-150621-000000.wav	3979.587295986	3979.781344948	0.194	62.3	2041.1	1978.8	64.0	
185	Spectrogram 1	1	AU-AWBS03-150621-000000.wav	3983.002557713	3983.157796882	0.155	72.6	2044.5	1971.9	192.0	
186	Spectrogram 1	1	AU-AWBS03-150621-000000.wav	3986.689487985	3986.883536947	0.194	89.9	2037.6	1947.7	208.0	
188	Spectrogram 1	1	AU-AWBS03-150621-000000.wav	3996.469555656	3996.624794826	0.155	76.1	2006.5	1930.4	80.0	
189	Spectrogram 1	1	AU-AWBS03-150621-000000.wav	3998.138376727	3998.332425689	0.194	72.6	1491.0	1418.4	80.0	
190	Spectrogram 1	1	AU-AWBS03-150621-000000.wav	3999.923627175	4000.117676137	0.194	83.0	2034.2	1951.1	224.0	
191	Spectrogram 1	1	AU-AWBS03-150621-000000.wav	4003.222459524	4003.416508486	0.194	72.6	2037.6	1965.0	208.0	
192	Spectrogram 1	1	AU-AWBS03-150621-000000.wav	4007.064628966	4007.219868136	0.155	76.1	2034.2	1958.1	256.0	
193	Spectrogram 1	1	AU-AWBS03-150621-001000.wav	4268.565278323	4268.759327285	0.194	41.5	1906.2	1864.6	128.0	start pattern
194	Spectrogram 1	1	AU-AWBS03-150621-001000.wav	4269.962430848	4270.117670017	0.155	48.4	1107.0	1058.6	64.0	
195	Spectrogram 1	1	AU-AWBS03-150621-001000.wav	4271.476012749	4271.670061711	0.194	72.6	1857.7	1785.1	80.0	
196	Spectrogram 1	1	AU-AWBS03-150621-001000.wav	4274.930084268	4275.162943022	0.233	65.7	1902.7	1837.0	96.0	
197	Spectrogram 1	1	AU-AWBS03-150621-001000.wav	4276.482475962	4276.676524924	0.194	76.1	1816.2	1740.1	112.0	
198	Spectrogram 1	1	AU-AWBS03-150621-001000.wav	4278.228916617	4278.422965579	0.194	69.2	1909.6	1840.4	128.0	
199	Spectrogram 1	1	AU-AWBS03-150621-001000.wav	4279.897737688	4280.091786650	0.194	58.8	1881.9	1823.1	64.0	
200	Spectrogram 1	1	AU-AWBS03-150621-001000.wav	4281.644178344	4281.838227305	0.194	72.6	2030.7	1958.1	80.0	
201	Spectrogram 1	1	AU-AWBS03-150621-001000.wav	4283.196570037	4283.390618999	0.194	76.1	1785.1	1709.0	80.0	
202	Spectrogram 1	1	AU-AWBS03-150621-001000.wav	4284.981820485	4285.214679239	0.233	93.4	2037.6	1944.2	96.0	
203	Spectrogram 1	1	AU-AWBS03-150621-001000.wav	4286.573021971	4286.728261141	0.155	79.6	1854.3	1774.7	80.0	
204	Spectrogram 1	1	AU-AWBS03-150621-001000.wav	4288.241843042	4288.397082212	0.155	69.2	2030.7	1961.5	80.0	
205	Spectrogram 1	1	AU-AWBS03-150621-001000.wav	4289.910664113	4290.065903282	0.155	83.0	2030.7	1947.7	96.0	
206	Spectrogram 1	1	AU-AWBS03-150621-001000.wav	4291.463055807	4291.657104769	0.194	76.1	2041.1	1965.0	80.0	
207	Spectrogram 1	1	AU-AWBS03-150621-001000.wav	4293.209496462	4293.442355216	0.233	69.2	2037.6	1968.4	144.0	
208	Spectrogram 1	1	AU-AWBS03-150621-001000.wav	4296.275470058	4296.469519019	0.194	38.1	2041.1	2003.0	176.0	
209	Spectrogram 1	1	AU-AWBS03-150621-001000.wav	4299.845970953	4300.040019915	0.194	58.8	1909.6	1850.8	64.0	end main phrase
210	Spectrogram 1	1	AU-AWBS03-150621-001000.wav	4307.118980970	4307.351839724	0.233	69.2	1958.1	1888.9	80.0	
211	Spectrogram 1	1	AU-AWBS03-150621-001000.wav	4308.710182456	4308.904231418	0.194	86.5	1978.8	1892.3	96.0	
212	Spectrogram 1	1	AU-AWBS03-150621-001000.wav	4310.359598631	4310.553647593	0.194	70.9	1997.8	1926.9	80.0	
213	Spectrogram 1	1	AU-AWBS03-150621-001000.wav	4312.086634390	4312.319493144	0.233	76.1	2027.2	1951.1	96.0	
214	Spectrogram 1	1	AU-AWBS03-150621-001000.wav	4315.424276532	4315.618325494	0.194	72.6	2030.7	1958.1	176.0	
215	Spectrogram 1	1	AU-AWBS03-150621-001000.wav	4319.091801909	4319.285850870	0.194	55.4	1916.5	1861.2	192.0	
216	Spectrogram 1	1	AU-AWBS03-150621-001000.wav	4328.231508006	4328.425556968	0.194	76.1	1632.9	1556.8	80.0	
217	Spectrogram 1	1	AU-AWBS03-150621-001000.wav	4329.861519284	4330.016758454	0.155	83.0	1878.5	1795.5	96.0	
218	Spectrogram 1	1	AU-AWBS03-150621-001000.wav	4331.491530563	4331.685579524	0.194	72.6	2041.1	1968.4	192.0	
219	Spectrogram 1	1	AU-AWBS03-150621-001000.wav	4334.790362912	4335.023221666	0.233	69.2	1674.4	1605.2	192.0	
220	Spectrogram 1	1	AU-AWBS03-150621-001000.wav	4338.477293185	4338.671342147	0.194	83.0	1702.1	1619.0	192.0	
221	Spectrogram 1	1	AU-AWBS03-150621-001000.wav	4346.394490823	4346.588539785	0.194	72.6	1660.5	1587.9	80.0	
222	Spectrogram 1	1	AU-AWBS03-150621-001000.wav	4348.063311894	4348.257360856	0.194	72.6	1823.1	1750.5	80.0	
223	Spectrogram 1	1	AU-AWBS03-150621-001000.wav	4349.809752549	4350.003801511	0.194	76.1	1947.7	1871.6	80.0	
224	Spectrogram 1	1	AU-AWBS03-150621-001000.wav	4351.439763828	4351.672622582	0.233	89.9	2041.1	1951.1	96.0	
225	Spectrogram 1	1	AU-AWBS03-150621-001000.wav	4354.699786385	4354.893835347	0.194	76.1	2041.1	1965.0	192.0	
226	Spectrogram 1	1	AU-AWBS03-150621-001000.wav	4358.309097073	4358.541955827	0.233	83.0	2034.2	1951.1	192.0	
227	Spectrogram 1	1	AU-AWBS03-150621-001000.wav	4367.483786915	4367.716645669	0.233	86.5	1567.1	1480.6	96.0	
228	Spectrogram 1	1	AU-AWBS03-150621-001000.wav	4369.230227570	4369.463086324	0.233	83.0	1795.5	1712.4	96.0	
229	Spectrogram 1	1	AU-AWBS03-150621-001000.wav	4370.860238849	4371.093097603	0.233	69.2	2034.2	1965.0	192.0	
230	Spectrogram 1	1	AU-AWBS03-150621-001000.wav	4374.042641821	4374.275500575	0.233	93.4	1978.8	1885.4	192.0	
231	Spectrogram 1	1	AU-AWBS03-150621-001000.wav	4377.768381886	4378.001240640	0.233	83.0	1958.1	1875.0	96.0	
232	Spectrogram 1	1	AU-AWBS03-150621-001000.wav	4388.479884573	4388.673933535	0.194	86.5	1996.1	1909.6	96.0	
233	Spectrogram 1	1	AU-AWBS03-150621-001000.wav	4390.071086059	4390.342754606	0.272	76.1	2034.2	1958.1	80.0	
234	Spectrogram 1	1	AU-AWBS03-150621-001000.wav	4393.447537993	4393.680396747	0.233	65.7	2034.2	1968.4	192.0	
235	Spectrogram 1	1	AU-AWBS03-150621-001000.wav	4397.095658474	4397.289707436	0.194	76.1	1895.8	1819.7	80.0	
236	Spectrogram 1	1	AU-AWBS03-150621-001000.wav	4407.574302407	4407.768351369	0.194	76.1	1369.9	1293.8	80.0	
237	Spectrogram 1	1	AU-AWBS03-150621-001000.wav	4409.243123478	4409.475982232	0.233	72.6	2037.6	1965.0	224.0	
238	Spectrogram 1	1	AU-AWBS03-150621-001000.wav	4412.580765619	4412.813624373	0.233	72.6	2041.1	1968.4	192.0	
239	Spectrogram 1	1	AU-AWBS03-150621-001000.wav	4416.283274741	4416.516133495	0.233	89.9	2037.6	1947.7	192.0	
240	Spectrogram 1	1	AU-AWBS03-150621-001000.wav	4425.403575942	4425.597624903	0.194	86.5	1837.0	1750.5	96.0	
241	Spectrogram 1	1	AU-AWBS03-150621-001000.wav	4427.150016597	4427.344065559	0.194	89.9	1840.4	1750.5	96.0	
242	Spectrogram 1	1	AU-AWBS03-150621-001000.wav	4428.780027876	4429.012886630	0.233	79.6	2037.6	1958.1	80.0	
243	Spectrogram 1	1	AU-AWBS03-150621-001000.wav	4432.117670017	4432.350528771	0.233	65.7	2030.7	1965.0	176.0	end pattern
