Selection	View	Channel	Begin File	Begin Time (s)	End Time (s)	Delta Time (s)	Low Freq (Hz)	High Freq (Hz)	Delta Freq (Hz)	Peak Freq (Hz)	Notes
1	Spectrogram 1	1	AU-AWBS03-141225-015000.wav	1870.036187886	1870.230236848	0.194	72.6	1750.5	1677.8	80.0	start pattern D
2	Spectrogram 1	1	AU-AWBS03-141225-015000.wav	1870.579524979	1870.773573941	0.194	62.3	1664.0	1601.7	64.0	
3	Spectrogram 1	1	AU-AWBS03-141225-015000.wav	1879.738635972	1879.932684934	0.194	51.9	2030.7	1978.8	144.0	
4	Spectrogram 1	1	AU-AWBS03-141225-015000.wav	1880.223758377	1880.417807338	0.194	50.2	1520.4	1470.3	64.0	
5	Spectrogram 1	1	AU-AWBS03-141225-015000.wav	1884.880933458	1885.074982420	0.194	34.6	1840.4	1805.8	224.0	
6	Spectrogram 1	1	AU-AWBS03-141225-015000.wav	1885.404865655	1885.598914616	0.194	38.1	1328.4	1290.4	240.0	
7	Spectrogram 1	1	AU-AWBS03-141225-015000.wav	1889.945611359	1890.139660321	0.194	48.4	1951.1	1902.7	272.0	
8	Spectrogram 1	1	AU-AWBS03-141225-015000.wav	1890.488948452	1890.682997414	0.194	38.1	2034.2	1996.1	272.0	
9	Spectrogram 1	1	AU-AWBS03-141225-015000.wav	1895.084082797	1895.278131759	0.194	62.3	1999.6	1937.3	224.0	
10	Spectrogram 1	1	AU-AWBS03-141225-015000.wav	1895.588610098	1895.821468852	0.233	65.7	1515.2	1449.5	224.0	
11	Spectrogram 1	1	AU-AWBS03-141225-015000.wav	1900.245785179	1900.439834141	0.194	48.4	1951.1	1902.7	272.0	
12	Spectrogram 1	1	AU-AWBS03-141225-015000.wav	1900.750312479	1900.983171234	0.233	55.4	1812.8	1757.4	272.0	
13	Spectrogram 1	1	AU-AWBS03-141225-015000.wav	1905.446297353	1905.640346315	0.194	65.7	1947.7	1881.9	256.0	
14	Spectrogram 1	1	AU-AWBS03-141225-015000.wav	1905.970229550	1906.164278512	0.194	72.6	653.8	581.2	80.0	
15	Spectrogram 1	1	AU-AWBS03-141225-015000.wav	2150.592451404	2150.786500366	0.194	83.0	1926.9	1843.9	288.0	start pattern
16	Spectrogram 1	1	AU-AWBS03-141225-015000.wav	2151.135788497	2151.368647251	0.233	45.0	1646.7	1601.7	64.0	
17	Spectrogram 1	1	AU-AWBS03-141225-015000.wav	2160.217279905	2160.411328867	0.194	41.5	2027.2	1985.7	80.0	
18	Spectrogram 1	1	AU-AWBS03-141225-015000.wav	2160.721807206	2160.915856168	0.194	34.6	1978.8	1944.2	64.0	
19	Spectrogram 1	1	AU-AWBS03-141225-015000.wav	2165.355751344	2165.549800305	0.194	48.4	1532.5	1484.1	64.0	
20	Spectrogram 1	1	AU-AWBS03-141225-015000.wav	2165.860278644	2166.093137398	0.233	72.6	1408.0	1335.4	80.0	
21	Spectrogram 1	1	AU-AWBS03-141225-015000.wav	2170.303999868	2170.498048829	0.194	51.9	1615.6	1563.7	272.0	
22	Spectrogram 1	1	AU-AWBS03-141225-015000.wav	2170.827932064	2170.983171234	0.155	46.7	1435.7	1389.0	48.0	
23	Spectrogram 1	1	AU-AWBS03-141225-015000.wav	2175.368677768	2175.562726730	0.194	65.7	2016.9	1951.1	192.0	
24	Spectrogram 1	1	AU-AWBS03-141225-015000.wav	2175.912014861	2176.106063823	0.194	72.6	1688.2	1615.6	80.0	
25	Spectrogram 1	1	AU-AWBS03-141225-015000.wav	2180.627404631	2180.821453593	0.194	46.7	1826.6	1779.9	336.0	
26	Spectrogram 1	1	AU-AWBS03-141225-015000.wav	2181.151336828	2181.345385790	0.194	55.4	1605.2	1549.8	64.0	
27	Spectrogram 1	1	AU-AWBS03-141225-015000.wav	2185.924941286	2186.118990248	0.194	72.6	1965.0	1892.3	160.0	
28	Spectrogram 1	1	AU-AWBS03-141225-015000.wav	2186.468278379	2186.701137133	0.233	72.6	1497.9	1425.3	240.0	
29	Spectrogram 1	1	AU-AWBS03-141225-020000.wav	2494.129355802	2494.323404764	0.194	48.4	1864.6	1816.2	96.0	start pattern
30	Spectrogram 1	1	AU-AWBS03-141225-020000.wav	2494.711502687	2494.944361441	0.233	41.5	1581.0	1539.5	64.0	
31	Spectrogram 1	1	AU-AWBS03-141225-020000.wav	2503.831803888	2504.025852850	0.194	62.3	1899.2	1837.0	64.0	
32	Spectrogram 1	1	AU-AWBS03-141225-020000.wav	2504.336331189	2504.530380150	0.194	55.4	1241.9	1186.6	64.0	
33	Spectrogram 1	1	AU-AWBS03-141225-020000.wav	2508.954696478	2509.148745439	0.194	55.4	1833.5	1778.2	208.0	
34	Spectrogram 1	1	AU-AWBS03-141225-020000.wav	2509.459223778	2509.653272740	0.194	69.2	1684.8	1615.6	288.0	
35	Spectrogram 1	1	AU-AWBS03-141225-020000.wav	2514.077589067	2514.271638029	0.194	83.0	2016.9	1933.8	288.0	
36	Spectrogram 1	1	AU-AWBS03-141225-020000.wav	2514.562711471	2514.756760433	0.194	67.5	1897.5	1830.1	464.0	
37	Spectrogram 1	1	AU-AWBS03-141225-020000.wav	2519.084052280	2519.278101241	0.194	48.4	1750.5	1702.1	192.0	
38	Spectrogram 1	1	AU-AWBS03-141225-020000.wav	2519.588579580	2519.782628542	0.194	51.9	1425.3	1373.4	96.0	
39	Spectrogram 1	1	AU-AWBS03-141225-020000.wav	2524.206944869	2524.400993831	0.194	65.7	1989.2	1923.5	80.0	
40	Spectrogram 1	1	AU-AWBS03-141225-020000.wav	2524.750281962	2524.944330924	0.194	79.6	1577.5	1497.9	224.0	
41	Spectrogram 1	1	AU-AWBS03-141225-020000.wav	2529.446266836	2529.640315797	0.194	62.3	1435.7	1373.4	64.0	
42	Spectrogram 1	1	AU-AWBS03-141225-020000.wav	2529.873174551	2530.067223513	0.194	58.8	2027.2	1968.4	64.0	
43	Spectrogram 1	1	AU-AWBS03-141225-020000.wav	2765.681747496	2765.875796457	0.194	55.4	1259.2	1203.9	64.0	start pattern
44	Spectrogram 1	1	AU-AWBS03-141225-020000.wav	2766.263894381	2766.419133550	0.155	31.1	1248.9	1217.7	96.0	
45	Spectrogram 1	1	AU-AWBS03-141225-020000.wav	2775.190146620	2775.384195582	0.194	65.7	2020.3	1954.6	80.0	
46	Spectrogram 1	1	AU-AWBS03-141225-020000.wav	2775.733483713	2775.927532675	0.194	69.2	1892.3	1823.1	80.0	
47	Spectrogram 1	1	AU-AWBS03-141225-020000.wav	2780.390658794	2780.584707756	0.194	48.4	1933.8	1885.4	240.0	
48	Spectrogram 1	1	AU-AWBS03-141225-020000.wav	2780.856376303	2781.050425264	0.194	41.5	1653.6	1612.1	256.0	
49	Spectrogram 1	1	AU-AWBS03-141225-020000.wav	2785.455336695	2785.649385657	0.194	64.0	1947.7	1883.7	208.0	
50	Spectrogram 1	1	AU-AWBS03-141225-020000.wav	2785.901649307	2786.134508061	0.233	62.3	1750.5	1688.2	64.0	
51	Spectrogram 1	1	AU-AWBS03-141225-020000.wav	2790.481204804	2790.675253766	0.194	45.0	1930.4	1885.4	240.0	
52	Spectrogram 1	1	AU-AWBS03-141225-020000.wav	2790.985732104	2791.179781066	0.194	51.9	1923.5	1871.6	176.0	
53	Spectrogram 1	1	AU-AWBS03-141225-020000.wav	2795.565287601	2795.759336563	0.194	55.4	2027.2	1971.9	64.0	
54	Spectrogram 1	1	AU-AWBS03-141225-020000.wav	2796.069814902	2796.263863863	0.194	69.2	1729.7	1660.5	160.0	
55	Spectrogram 1	1	AU-AWBS03-141225-020000.wav	2800.765799775	2800.921038945	0.155	48.4	2041.1	1992.6	80.0	
56	Spectrogram 1	1	AU-AWBS03-141225-020000.wav	2801.231517283	2801.425566245	0.194	55.4	1570.6	1515.2	64.0	
57	Spectrogram 1	1	AU-AWBS03-141225-020000.wav	2806.043931534	2806.237980496	0.194	70.9	2034.2	1963.2	80.0	
58	Spectrogram 1	1	AU-AWBS03-141225-020000.wav	2806.626078419	2806.820127381	0.194	69.2	1871.6	1802.4	96.0	
59	Spectrogram 1	1	AU-AWBS03-141225-021000.wav	3061.994786705	3062.188835667	0.194	31.1	1899.2	1868.1	32.0	start pattern
60	Spectrogram 1	1	AU-AWBS03-141225-021000.wav	3062.499314006	3062.732172760	0.233	41.5	1878.5	1837.0	112.0	
61	Spectrogram 1	1	AU-AWBS03-141225-021000.wav	3071.697234792	3071.891283753	0.194	41.5	1629.4	1587.9	64.0	
62	Spectrogram 1	1	AU-AWBS03-141225-021000.wav	3072.201762092	3072.434620846	0.233	34.6	2023.8	1989.2	224.0	
63	Spectrogram 1	1	AU-AWBS03-141225-021000.wav	3076.858937173	3077.052986135	0.194	51.9	2034.2	1982.3	64.0	
64	Spectrogram 1	1	AU-AWBS03-141225-021000.wav	3077.324654682	3077.518703643	0.194	48.4	1819.7	1771.2	64.0	
65	Spectrogram 1	1	AU-AWBS03-141225-021000.wav	3081.923615074	3082.117664036	0.194	67.5	1982.3	1914.8	80.0	
66	Spectrogram 1	1	AU-AWBS03-141225-021000.wav	3082.389332583	3082.583381544	0.194	65.7	1923.5	1857.7	80.0	
67	Spectrogram 1	1	AU-AWBS03-141225-021000.wav	3086.965062032	3087.159110993	0.194	62.3	1899.2	1837.0	64.0	
68	Spectrogram 1	1	AU-AWBS03-141225-021000.wav	3087.469589332	3087.702448086	0.233	55.4	1781.6	1726.3	96.0	
69	Spectrogram 1	1	AU-AWBS03-141225-021000.wav	3092.087954621	3092.320813375	0.233	60.5	1947.7	1887.1	64.0	
70	Spectrogram 1	1	AU-AWBS03-141225-021000.wav	3092.592481922	3092.825340676	0.233	48.4	1702.1	1653.6	64.0	
71	Spectrogram 1	1	AU-AWBS03-141225-021000.wav	3097.172037418	3097.404896172	0.233	62.3	2023.8	1961.5	256.0	
72	Spectrogram 1	1	AU-AWBS03-141225-021000.wav	3097.715374511	3097.948233265	0.233	58.8	1930.4	1871.6	256.0	
73	Spectrogram 1	1	AU-AWBS03-141225-021000.wav	3102.508383866	3102.702432827	0.194	45.0	2013.4	1968.4	288.0	
74	Spectrogram 1	1	AU-AWBS03-141225-021000.wav	3103.032316062	3103.265174816	0.233	45.0	1702.1	1657.1	288.0	
75	Spectrogram 1	1	AU-AWBS03-141225-021000.wav	3321.787811319	3322.020670073	0.233	140.1	1909.6	1769.5	144.0	
76	Spectrogram 1	1	AU-AWBS03-141225-021000.wav	3322.369958204	3322.602816958	0.233	58.8	1636.3	1577.5	96.0	
77	Spectrogram 1	1	AU-AWBS03-141225-021000.wav	3331.567878990	3331.761927951	0.194	58.8	2027.2	1968.4	64.0	
78	Spectrogram 1	1	AU-AWBS03-141225-021000.wav	3332.072406290	3332.266455252	0.194	65.7	1902.7	1837.0	80.0	
79	Spectrogram 1	1	AU-AWBS03-141225-021000.wav	3336.768391164	3336.962440126	0.194	100.3	2003.0	1902.7	160.0	
80	Spectrogram 1	1	AU-AWBS03-141225-021000.wav	3337.253513568	3337.447562530	0.194	103.8	1975.4	1871.6	112.0	
81	Spectrogram 1	1	AU-AWBS03-141225-021000.wav	3341.852473961	3342.085332715	0.233	107.2	2020.3	1913.1	208.0	
82	Spectrogram 1	1	AU-AWBS03-141225-021000.wav	3342.357001261	3342.628669808	0.272	86.5	1996.1	1909.6	96.0	
83	Spectrogram 1	1	AU-AWBS03-141225-021000.wav	3346.858937173	3347.091795927	0.233	107.2	2016.9	1909.6	112.0	
84	Spectrogram 1	1	AU-AWBS03-141225-021000.wav	3347.402274266	3347.596323228	0.194	79.6	1854.3	1774.7	80.0	
85	Spectrogram 1	1	AU-AWBS03-141225-021000.wav	3352.001234659	3352.195283621	0.194	51.9	1994.4	1942.5	256.0	
86	Spectrogram 1	1	AU-AWBS03-141225-021000.wav	3352.447547271	3352.680406025	0.233	58.8	1940.8	1881.9	96.0	
87	Spectrogram 1	1	AU-AWBS03-141225-021000.wav	3357.081491409	3357.314350163	0.233	43.2	1667.5	1624.2	160.0	
88	Spectrogram 1	1	AU-AWBS03-141225-021000.wav	3357.547208917	3357.741257879	0.194	41.5	1456.4	1414.9	176.0	
