Selection	View	Channel	Begin File	Begin Time (s)	End Time (s)	Delta Time (s)	Low Freq (Hz)	High Freq (Hz)	Delta Freq (Hz)	Peak Freq (Hz)	Notes
1	Spectrogram 1	1	AU-AWBS03-130918-205000.wav	4.540745704	4.695984874	0.155	76.1	743.8	667.7	80.0	start pattern D
2	Spectrogram 1	1	AU-AWBS03-130918-205000.wav	5.103487693	5.375156240	0.272	65.7	633.1	567.4	96.0	
3	Spectrogram 1	1	AU-AWBS03-130918-205000.wav	14.049144829	14.243193790	0.194	72.6	854.5	781.8	96.0	
4	Spectrogram 1	1	AU-AWBS03-130918-205000.wav	14.592481922	14.825340676	0.233	86.5	813.0	726.5	144.0	
5	Spectrogram 1	1	AU-AWBS03-130918-205000.wav	19.133227626	19.288466795	0.155	65.7	577.7	512.0	240.0	
6	Spectrogram 1	1	AU-AWBS03-130918-205000.wav	19.637754926	19.870613680	0.233	69.2	577.7	508.5	80.0	
7	Spectrogram 1	1	AU-AWBS03-130918-205000.wav	24.275525112	24.469574073	0.194	70.9	987.7	916.8	128.0	
8	Spectrogram 1	1	AU-AWBS03-130918-205000.wav	24.838267101	25.032316062	0.194	62.3	508.5	446.3	112.0	
9	Spectrogram 1	1	AU-AWBS03-130918-205000.wav	29.379012805	29.573061767	0.194	72.6	982.5	909.8	240.0	
10	Spectrogram 1	1	AU-AWBS03-130918-205000.wav	29.883540105	30.116398859	0.233	69.2	449.7	380.5	176.0	
11	Spectrogram 1	1	AU-AWBS03-130918-205000.wav	34.579524979	34.734764148	0.155	72.6	1075.9	1003.2	80.0	
12	Spectrogram 1	1	AU-AWBS03-130918-205000.wav	35.122862072	35.316911034	0.194	76.1	927.1	851.0	96.0	
13	Spectrogram 1	1	AU-AWBS03-130918-205000.wav	39.896466530	40.090515492	0.194	79.6	965.2	885.6	80.0	
14	Spectrogram 1	1	AU-AWBS03-130918-205000.wav	40.498018312	40.692067273	0.194	77.8	864.9	787.0	80.0	
15	Spectrogram 1	1	AU-AWBS03-130918-205000.wav	477.058168912	477.213408082	0.155	76.1	345.9	269.8	208.0	start pattern
16	Spectrogram 1	1	AU-AWBS03-130918-205000.wav	477.601506005	477.795554967	0.194	72.6	757.6	685.0	80.0	
17	Spectrogram 1	1	AU-AWBS03-130918-205000.wav	486.391923971	486.585972933	0.194	58.8	1241.9	1183.1	192.0	
18	Spectrogram 1	1	AU-AWBS03-130918-205000.wav	486.954665960	487.187524714	0.233	62.3	1190.1	1127.8	96.0	
19	Spectrogram 1	1	AU-AWBS03-130918-205000.wav	491.355751344	491.549800305	0.194	76.1	1055.1	979.0	256.0	
20	Spectrogram 1	1	AU-AWBS03-130918-205000.wav	491.821468852	492.015517813	0.194	69.2	1034.4	965.2	96.0	
21	Spectrogram 1	1	AU-AWBS03-130918-205000.wav	496.478643933	496.672692895	0.194	62.3	595.0	532.8	208.0	
22	Spectrogram 1	1	AU-AWBS03-130918-205000.wav	496.983171234	497.216029988	0.233	69.2	612.3	543.1	192.0	
23	Spectrogram 1	1	AU-AWBS03-130918-205000.wav	501.523916938	501.717965900	0.194	69.2	1715.9	1646.7	128.0	
24	Spectrogram 1	1	AU-AWBS03-130918-205000.wav	502.106063823	502.261302992	0.155	62.3	529.3	467.0	96.0	
25	Spectrogram 1	1	AU-AWBS03-130918-205000.wav	506.646809527	506.840858489	0.194	58.8	1584.4	1525.6	64.0	
26	Spectrogram 1	1	AU-AWBS03-130918-205000.wav	507.073717243	507.306575997	0.233	55.4	1933.8	1878.5	160.0	
27	Spectrogram 1	1	AU-AWBS03-130918-205000.wav	511.769702117	512.002560871	0.233	65.7	1075.9	1010.2	192.0	
28	Spectrogram 1	1	AU-AWBS03-130918-205000.wav	512.235419625	512.468278379	0.233	65.7	1961.5	1895.8	288.0	
29	Spectrogram 1	1	AU-AWBS03-130918-205000.wav	517.009024083	517.241882837	0.233	69.2	1051.7	982.5	80.0	
30	Spectrogram 1	1	AU-AWBS03-130918-205000.wav	517.513551384	517.746410138	0.233	72.6	1722.8	1650.2	208.0	
31	Spectrogram 1	1	AU-AWBS03-130918-210000.wav	792.325965635	792.481204804	0.155	72.6	397.8	325.2	80.0	start pattern
32	Spectrogram 1	1	AU-AWBS03-130918-210000.wav	792.869302727	793.063351689	0.194	51.9	588.1	536.2	96.0	
33	Spectrogram 1	1	AU-AWBS03-130918-210000.wav	801.601506005	801.756745174	0.155	69.2	909.8	840.6	80.0	
34	Spectrogram 1	1	AU-AWBS03-130918-210000.wav	802.106033305	802.300082267	0.194	62.3	1086.3	1024.0	96.0	
35	Spectrogram 1	1	AU-AWBS03-130918-210000.wav	806.627374114	806.821423075	0.194	64.0	1574.1	1510.1	64.0	
36	Spectrogram 1	1	AU-AWBS03-130918-210000.wav	807.112496518	807.345355272	0.233	62.3	1387.2	1325.0	64.0	
37	Spectrogram 1	1	AU-AWBS03-130918-210000.wav	811.614432430	811.808481392	0.194	72.6	1363.0	1290.4	192.0	
38	Spectrogram 1	1	AU-AWBS03-130918-210000.wav	812.118959730	812.313008692	0.194	72.6	934.1	861.4	256.0	
39	Spectrogram 1	1	AU-AWBS03-130918-210000.wav	816.752903868	817.024572414	0.272	55.4	1172.8	1117.4	144.0	
40	Spectrogram 1	1	AU-AWBS03-130918-210000.wav	817.335050753	817.567909507	0.233	65.7	636.5	570.8	112.0	
41	Spectrogram 1	1	AU-AWBS03-130918-210000.wav	821.836986665	822.031035627	0.194	65.7	1695.1	1629.4	128.0	
42	Spectrogram 1	1	AU-AWBS03-130918-210000.wav	822.322109069	822.516158031	0.194	69.2	1380.3	1311.1	192.0	
43	Spectrogram 1	1	AU-AWBS03-130918-210000.wav	826.998689047	827.192738009	0.194	62.3	1089.7	1027.5	64.0	
44	Spectrogram 1	1	AU-AWBS03-130918-210000.wav	827.503216347	827.736075102	0.233	62.3	951.4	889.1	192.0	
45	Spectrogram 1	1	AU-AWBS03-130918-210000.wav	1087.606719300	1087.761958469	0.155	74.4	749.0	674.6	320.0	start pattern
46	Spectrogram 1	1	AU-AWBS03-130918-210000.wav	1088.188866185	1088.421724939	0.233	65.7	512.0	446.3	96.0	
47	Spectrogram 1	1	AU-AWBS03-130918-210000.wav	1097.192738009	1097.386786970	0.194	76.1	1024.0	947.9	320.0	
48	Spectrogram 1	1	AU-AWBS03-130918-210000.wav	1097.697265309	1097.968933856	0.272	76.1	1034.4	958.3	224.0	
49	Spectrogram 1	1	AU-AWBS03-130918-210000.wav	1102.276820806	1102.509679560	0.233	65.7	1857.7	1792.0	80.0	
50	Spectrogram 1	1	AU-AWBS03-130918-210000.wav	1102.781348106	1103.014206860	0.233	55.4	1781.6	1726.3	320.0	
51	Spectrogram 1	1	AU-AWBS03-130918-210000.wav	1107.419118292	1107.613167253	0.194	58.8	1985.7	1926.9	128.0	
52	Spectrogram 1	1	AU-AWBS03-130918-210000.wav	1107.826621111	1108.059479865	0.233	58.8	1854.3	1795.5	80.0	
53	Spectrogram 1	1	AU-AWBS03-130918-210000.wav	1112.367366815	1112.600225570	0.233	72.6	1875.0	1802.4	240.0	
54	Spectrogram 1	1	AU-AWBS03-130918-210000.wav	1112.910703908	1113.104752870	0.194	51.9	802.6	750.7	112.0	
55	Spectrogram 1	1	AU-AWBS03-130918-210000.wav	1117.490259405	1117.645498574	0.155	72.6	1200.4	1127.8	288.0	
56	Spectrogram 1	1	AU-AWBS03-130918-210000.wav	1118.033596498	1118.266455252	0.233	76.1	972.1	896.0	192.0	
57	Spectrogram 1	1	AU-AWBS03-130918-210000.wav	1122.613151994	1122.846010749	0.233	58.8	1466.8	1408.0	320.0	
58	Spectrogram 1	1	AU-AWBS03-130918-210000.wav	1123.156489087	1123.350538049	0.194	62.3	1705.5	1643.2	160.0	
59	Spectrogram 1	1	AU-AWBS03-130918-210000.wav	1127.891283753	1128.124142507	0.233	79.6	1069.0	989.4	320.0	
60	Spectrogram 1	1	AU-AWBS03-130918-210000.wav	1128.434620846	1128.589860016	0.155	81.3	1364.8	1283.5	160.0	
61	Spectrogram 1	1	AU-AWBS03-130918-211000.wav	1284.768391164	1284.923630333	0.155	58.8	377.1	318.3	64.0	start pattern
62	Spectrogram 1	1	AU-AWBS03-130918-211000.wav	1285.311728257	1285.544587011	0.233	55.4	491.2	435.9	64.0	
63	Spectrogram 1	1	AU-AWBS03-130918-211000.wav	1294.509649042	1294.703698004	0.194	62.3	1971.9	1909.6	272.0	
64	Spectrogram 1	1	AU-AWBS03-130918-211000.wav	1295.052986135	1295.285844889	0.233	69.2	1352.6	1283.5	192.0	
65	Spectrogram 1	1	AU-AWBS03-130918-211000.wav	1299.593731839	1299.826590594	0.233	76.1	1497.9	1421.8	128.0	
66	Spectrogram 1	1	AU-AWBS03-130918-211000.wav	1300.137068932	1300.331117894	0.194	76.1	1425.3	1349.2	80.0	
67	Spectrogram 1	1	AU-AWBS03-130918-211000.wav	1304.654583693	1304.848632655	0.194	69.2	1411.5	1342.3	144.0	
68	Spectrogram 1	1	AU-AWBS03-130918-211000.wav	1305.159110993	1305.391969747	0.233	72.6	1266.2	1193.5	336.0	
69	Spectrogram 1	1	AU-AWBS03-130918-211000.wav	1309.661046905	1309.893905659	0.233	86.5	1096.6	1010.2	192.0	
70	Spectrogram 1	1	AU-AWBS03-130918-211000.wav	1310.204383998	1310.476052545	0.272	83.0	975.6	892.5	160.0	
71	Spectrogram 1	1	AU-AWBS03-130918-211000.wav	1314.783939495	1314.977988457	0.194	65.7	2020.3	1954.6	160.0	
72	Spectrogram 1	1	AU-AWBS03-130918-211000.wav	1315.249657003	1315.521325549	0.272	69.2	1961.5	1892.3	320.0	
73	Spectrogram 1	1	AU-AWBS03-130918-211000.wav	1319.945641877	1320.139690838	0.194	69.2	1546.4	1477.2	128.0	
74	Spectrogram 1	1	AU-AWBS03-130918-211000.wav	1320.411359385	1320.644218139	0.233	79.6	1975.4	1895.8	80.0	
75	Spectrogram 1	1	AU-AWBS03-130918-211000.wav	1325.146154051	1325.340203013	0.194	83.0	2041.1	1958.1	272.0	
76	Spectrogram 1	1	AU-AWBS03-130918-211000.wav	1325.611871559	1325.883540105	0.272	83.0	1958.1	1875.0	640.0	
77	Spectrogram 1	1	AU-AWBS03-130919-010000.wav	1808.972805680	1809.166854641	0.194	65.7	1293.8	1228.1	256.0	start pattern
78	Spectrogram 1	1	AU-AWBS03-130919-010000.wav	1809.477332980	1809.710191734	0.233	58.8	646.9	588.1	80.0	
79	Spectrogram 1	1	AU-AWBS03-130919-010000.wav	1818.558824389	1818.791683143	0.233	55.4	1933.8	1878.5	240.0	
80	Spectrogram 1	1	AU-AWBS03-130919-010000.wav	1819.063351689	1819.257400651	0.194	51.9	1148.5	1096.6	80.0	
81	Spectrogram 1	1	AU-AWBS03-130919-010000.wav	1823.681716978	1823.875765940	0.194	55.4	1899.2	1843.9	80.0	
82	Spectrogram 1	1	AU-AWBS03-130919-010000.wav	1824.147434486	1824.380293240	0.233	58.8	1255.8	1197.0	80.0	
83	Spectrogram 1	1	AU-AWBS03-130919-010000.wav	1828.804609568	1829.037468322	0.233	62.3	1847.4	1785.1	80.0	
84	Spectrogram 1	1	AU-AWBS03-130919-010000.wav	1829.309136868	1829.503185830	0.194	69.2	871.8	802.6	208.0	
85	Spectrogram 1	1	AU-AWBS03-130919-010000.wav	1834.005121742	1834.199170704	0.194	62.3	1518.7	1456.4	256.0	
86	Spectrogram 1	1	AU-AWBS03-130919-010000.wav	1834.470839250	1834.703698004	0.233	62.3	1812.8	1750.5	208.0	
87	Spectrogram 1	1	AU-AWBS03-130919-010000.wav	1839.089204539	1839.283253501	0.194	55.4	1906.2	1850.8	208.0	
88	Spectrogram 1	1	AU-AWBS03-130919-010000.wav	1839.593731839	1839.865400386	0.272	48.4	1051.7	1003.2	208.0	
89	Spectrogram 1	1	AU-AWBS03-130919-010000.wav	1844.266485769	1844.499344523	0.233	65.7	1335.4	1269.6	208.0	
90	Spectrogram 1	1	AU-AWBS03-130919-010000.wav	1844.732203278	1844.926252239	0.194	55.4	972.1	916.8	144.0	
91	Spectrogram 1	1	AU-AWBS03-130919-010000.wav	1849.505807736	1849.738666490	0.233	55.4	1221.2	1165.8	208.0	
92	Spectrogram 1	1	AU-AWBS03-130919-010000.wav	1850.010335036	1850.320813375	0.310	65.7	1345.7	1280.0	256.0	
93	Spectrogram 1	1	AU-AWBS03-130919-010000.wav	1995.190116103	1995.384165064	0.194	62.3	1376.9	1314.6	240.0	start pattern
94	Spectrogram 1	1	AU-AWBS03-130919-010000.wav	1995.694643403	1995.927502157	0.233	55.4	961.7	906.4	96.0	
95	Spectrogram 1	1	AU-AWBS03-130919-010000.wav	2004.733498972	2004.927547934	0.194	69.2	1612.1	1542.9	256.0	
96	Spectrogram 1	1	AU-AWBS03-130919-010000.wav	2005.257431168	2005.490289923	0.233	69.2	1605.2	1536.0	224.0	
97	Spectrogram 1	1	AU-AWBS03-130919-010000.wav	2009.875796457	2010.108655212	0.233	69.2	1636.3	1567.1	224.0	
98	Spectrogram 1	1	AU-AWBS03-130919-010000.wav	2010.380323758	2010.651992304	0.272	69.2	1636.3	1567.1	224.0	
99	Spectrogram 1	1	AU-AWBS03-130919-010000.wav	2014.998689047	2015.231547801	0.233	62.3	1753.9	1691.7	224.0	
100	Spectrogram 1	1	AU-AWBS03-130919-010000.wav	2015.464406555	2015.658455517	0.194	72.6	1715.9	1643.2	336.0	
101	Spectrogram 1	1	AU-AWBS03-130919-010000.wav	2020.121581636	2020.315630598	0.194	69.2	1899.2	1830.1	224.0	
102	Spectrogram 1	1	AU-AWBS03-130919-010000.wav	2020.626108937	2020.820157899	0.194	55.4	1895.8	1840.4	224.0	
103	Spectrogram 1	1	AU-AWBS03-130919-010000.wav	2025.283284018	2025.516142772	0.233	72.6	1747.0	1674.4	240.0	
104	Spectrogram 1	1	AU-AWBS03-130919-010000.wav	2025.787811319	2026.020670073	0.233	74.4	1773.0	1698.6	336.0	
105	Spectrogram 1	1	AU-AWBS03-130919-010000.wav	2030.367366815	2030.561415777	0.194	76.1	1785.1	1709.0	224.0	
106	Spectrogram 1	1	AU-AWBS03-130919-010000.wav	2030.871894116	2031.143562662	0.272	79.6	1747.0	1667.5	240.0	
107	Spectrogram 1	1	AU-AWBS03-130919-010000.wav	2035.567878990	2035.800737744	0.233	62.3	2034.2	1971.9	208.0	
108	Spectrogram 1	1	AU-AWBS03-130919-010000.wav	2036.072406290	2036.344074837	0.272	69.2	1937.3	1868.1	224.0	
109	Spectrogram 1	1	AU-AWBS03-130919-010000.wav	2040.807200956	2041.040059710	0.233	79.6	2044.5	1965.0	224.0	
110	Spectrogram 1	1	AU-AWBS03-130919-010000.wav	2041.350538049	2041.583396803	0.233	70.9	2039.4	1968.4	240.0	
111	Spectrogram 1	1	AU-AWBS03-130919-010000.wav	2201.254809262	2201.410048432	0.155	72.6	1408.0	1335.4	224.0	start pattern
112	Spectrogram 1	1	AU-AWBS03-130919-010000.wav	2201.720526771	2201.914575732	0.194	38.1	1394.2	1356.1	80.0	
113	Spectrogram 1	1	AU-AWBS03-130919-010000.wav	2210.879637764	2211.073686726	0.194	55.4	2034.2	1978.8	128.0	
114	Spectrogram 1	1	AU-AWBS03-130919-010000.wav	2211.384165064	2211.578214026	0.194	48.4	1878.5	1830.1	80.0	
115	Spectrogram 1	1	AU-AWBS03-130919-010000.wav	2216.002530353	2216.196579315	0.194	51.9	2027.2	1975.4	80.0	
116	Spectrogram 1	1	AU-AWBS03-130919-010000.wav	2216.507057654	2216.701106616	0.194	55.4	1816.2	1760.9	64.0	
117	Spectrogram 1	1	AU-AWBS03-130919-010000.wav	2221.179811584	2221.373860545	0.194	62.3	1795.5	1733.2	240.0	
118	Spectrogram 1	1	AU-AWBS03-130919-010000.wav	2221.723148677	2221.878387846	0.155	55.4	1747.0	1691.7	64.0	
119	Spectrogram 1	1	AU-AWBS03-130919-010000.wav	2226.302704173	2226.457943343	0.155	55.4	1798.9	1743.6	224.0	
120	Spectrogram 1	1	AU-AWBS03-130919-010000.wav	2226.768421681	2227.001280435	0.233	41.5	1733.2	1691.7	64.0	
121	Spectrogram 1	1	AU-AWBS03-130919-010000.wav	2231.425596763	2231.619645724	0.194	65.7	1902.7	1837.0	224.0	
122	Spectrogram 1	1	AU-AWBS03-130919-010000.wav	2231.930124063	2232.162982817	0.233	41.5	1805.8	1764.3	240.0	
123	Spectrogram 1	1	AU-AWBS03-130919-010000.wav	2236.567894248	2236.761943210	0.194	62.3	1293.8	1231.6	240.0	
124	Spectrogram 1	1	AU-AWBS03-130919-010000.wav	2237.091826445	2237.285875407	0.194	58.8	954.8	896.0	224.0	
125	Spectrogram 1	1	AU-AWBS03-130919-010000.wav	2241.749001526	2241.943050488	0.194	45.0	1172.8	1127.8	48.0	
126	Spectrogram 1	1	AU-AWBS03-130919-010000.wav	2242.214719035	2242.408767996	0.194	41.5	1124.3	1082.8	224.0	
127	Spectrogram 1	1	AU-AWBS03-130919-010000.wav	2246.910703908	2247.104752870	0.194	65.7	1044.8	979.0	224.0	
128	Spectrogram 1	1	AU-AWBS03-130919-010000.wav	2247.415231209	2247.648089963	0.233	62.3	1037.8	975.6	240.0	
129	Spectrogram 1	1	AU-AWBS03-130919-010000.wav	2252.111216082	2252.305265044	0.194	79.6	1013.6	934.1	240.0	
130	Spectrogram 1	1	AU-AWBS03-130919-010000.wav	2252.538123798	2252.732172760	0.194	65.7	1262.7	1197.0	336.0	
131	Spectrogram 1	1	AU-AWBS03-130919-010000.wav	2381.355751344	2381.549800305	0.194	58.8	1958.1	1899.2	224.0	start pattern
132	Spectrogram 1	1	AU-AWBS03-130919-010000.wav	2381.860278644	2382.093137398	0.233	48.4	1238.5	1190.1	240.0	
133	Spectrogram 1	1	AU-AWBS03-130919-010000.wav	2391.135819014	2391.329867976	0.194	76.1	2020.3	1944.2	176.0	
134	Spectrogram 1	1	AU-AWBS03-130919-010000.wav	2391.601536523	2391.795585484	0.194	69.2	1086.3	1017.1	256.0	
135	Spectrogram 1	1	AU-AWBS03-130919-010000.wav	2396.219901812	2396.413950773	0.194	72.6	1736.6	1664.0	192.0	
136	Spectrogram 1	1	AU-AWBS03-130919-010000.wav	2396.646809527	2396.879668281	0.233	69.2	1231.6	1162.4	240.0	
137	Spectrogram 1	1	AU-AWBS03-130919-011000.wav	2401.342794401	2401.575653155	0.233	76.1	1293.8	1217.7	224.0	
138	Spectrogram 1	1	AU-AWBS03-130919-011000.wav	2401.808511909	2402.041370663	0.233	79.6	1262.7	1183.1	240.0	
139	Spectrogram 1	1	AU-AWBS03-130919-011000.wav	2406.504496783	2406.698545745	0.194	62.3	1881.9	1819.7	160.0	
140	Spectrogram 1	1	AU-AWBS03-130919-011000.wav	2406.970214291	2407.203073045	0.233	69.2	1356.1	1286.9	224.0	
141	Spectrogram 1	1	AU-AWBS03-130919-011000.wav	2411.588579580	2411.821438334	0.233	69.2	1837.0	1767.8	224.0	
142	Spectrogram 1	1	AU-AWBS03-130919-011000.wav	2412.093106881	2412.325965635	0.233	69.2	1854.3	1785.1	192.0	
143	Spectrogram 1	1	AU-AWBS03-130919-011000.wav	2416.672662377	2416.827901547	0.155	69.2	2016.9	1947.7	224.0	
144	Spectrogram 1	1	AU-AWBS03-130919-011000.wav	2417.177189678	2417.371238639	0.194	76.1	1968.4	1892.3	224.0	
145	Spectrogram 1	1	AU-AWBS03-130919-011000.wav	2421.834364759	2422.028413721	0.194	65.7	2044.5	1978.8	240.0	
146	Spectrogram 1	1	AU-AWBS03-130919-011000.wav	2422.338892060	2422.532941021	0.194	69.2	2037.6	1968.4	784.0	
147	Spectrogram 1	1	AU-AWBS03-130919-011000.wav	2427.034876933	2427.267735687	0.233	79.6	2034.2	1954.6	240.0	
148	Spectrogram 1	1	AU-AWBS03-130919-011000.wav	2427.539404234	2427.733453195	0.194	86.5	2041.1	1954.6	400.0	
149	Spectrogram 1	1	AU-AWBS03-130919-011000.wav	2432.429438069	2432.623487031	0.194	72.6	1715.9	1643.2	240.0	
150	Spectrogram 1	1	AU-AWBS03-130919-011000.wav	2432.856345785	2433.050394747	0.194	62.3	2037.6	1975.4	832.0	
151	Spectrogram 1	1	AU-AWBS03-130919-011000.wav	2624.774865825	2624.891295202	0.116	55.4	1141.6	1086.3	272.0	start pattern
152	Spectrogram 1	1	AU-AWBS03-130919-011000.wav	2625.162963749	2625.395822503	0.233	51.9	1120.9	1069.0	128.0	
153	Spectrogram 1	1	AU-AWBS03-130919-011000.wav	2634.244455157	2634.438504119	0.194	48.4	2037.6	1989.2	80.0	
154	Spectrogram 1	1	AU-AWBS03-130919-011000.wav	2634.748982458	2634.943031420	0.194	48.4	529.3	480.9	64.0	
155	Spectrogram 1	1	AU-AWBS03-130919-011000.wav	2639.289728162	2639.483777124	0.194	58.8	1819.7	1760.9	272.0	
156	Spectrogram 1	1	AU-AWBS03-130919-011000.wav	2639.755445670	2639.988304424	0.233	48.4	1826.6	1778.2	64.0	
157	Spectrogram 1	1	AU-AWBS03-130919-011000.wav	2644.335001167	2644.567859921	0.233	58.8	1660.5	1601.7	208.0	
158	Spectrogram 1	1	AU-AWBS03-130919-011000.wav	2644.800718675	2644.994767637	0.194	48.4	1176.2	1127.8	208.0	
159	Spectrogram 1	1	AU-AWBS03-130919-011000.wav	2649.380274172	2649.613132926	0.233	72.6	1785.1	1712.4	128.0	
160	Spectrogram 1	1	AU-AWBS03-130919-011000.wav	2649.845991680	2650.078850434	0.233	76.1	1632.9	1556.8	128.0	
161	Spectrogram 1	1	AU-AWBS03-130919-011000.wav	2654.503166761	2654.736025515	0.233	69.2	2013.4	1944.2	160.0	
162	Spectrogram 1	1	AU-AWBS03-130919-011000.wav	2655.007694062	2655.240552816	0.233	65.7	1909.6	1843.9	192.0	
163	Spectrogram 1	1	AU-AWBS03-130919-011000.wav	2659.703678935	2659.897727897	0.194	58.8	2027.2	1968.4	112.0	
164	Spectrogram 1	1	AU-AWBS03-130919-011000.wav	2660.169396444	2660.402255198	0.233	72.6	2034.2	1961.5	160.0	
165	Spectrogram 1	1	AU-AWBS03-130919-011000.wav	2664.943000902	2665.137049864	0.194	65.7	1830.1	1764.3	128.0	
166	Spectrogram 1	1	AU-AWBS03-130919-011000.wav	2665.447528203	2665.680386957	0.233	69.2	2034.2	1965.0	128.0	
167	Spectrogram 1	1	AU-AWBS03-130919-011000.wav	2799.193999376	2799.349238545	0.155	65.7	1266.2	1200.4	288.0	start pattern
168	Spectrogram 1	1	AU-AWBS03-130919-011000.wav	2799.659716884	2799.931385430	0.272	24.2	840.6	816.4	80.0	
169	Spectrogram 1	1	AU-AWBS03-130919-011000.wav	2808.935257254	2809.168116008	0.233	62.3	2037.6	1975.4	208.0	
170	Spectrogram 1	1	AU-AWBS03-130919-011000.wav	2809.439784555	2809.633833516	0.194	62.3	1622.5	1560.2	64.0	
171	Spectrogram 1	1	AU-AWBS03-130919-011000.wav	2813.980530259	2814.213389013	0.233	62.3	2037.6	1975.4	208.0	
172	Spectrogram 1	1	AU-AWBS03-130919-011000.wav	2814.523867352	2814.717916313	0.194	51.9	1978.8	1926.9	224.0	
173	Spectrogram 1	1	AU-AWBS03-130919-011000.wav	2819.219852225	2819.413901187	0.194	72.6	2044.5	1971.9	224.0	
174	Spectrogram 1	1	AU-AWBS03-130919-011000.wav	2819.724379526	2819.918428488	0.194	58.8	1771.2	1712.4	208.0	
175	Spectrogram 1	1	AU-AWBS03-130919-011000.wav	2824.381554607	2824.614413361	0.233	55.4	1971.9	1916.5	336.0	
176	Spectrogram 1	1	AU-AWBS03-130919-011000.wav	2824.827867219	2825.021916181	0.194	65.7	1850.8	1785.1	208.0	
177	Spectrogram 1	1	AU-AWBS03-130919-011000.wav	2829.543256989	2829.737305951	0.194	62.3	1670.9	1608.6	272.0	
178	Spectrogram 1	1	AU-AWBS03-130919-011000.wav	2830.008974497	2830.241833251	0.233	65.7	1041.3	975.6	112.0	
179	Spectrogram 1	1	AU-AWBS03-130919-011000.wav	2834.743769163	2834.937818125	0.194	69.2	2009.9	1940.8	288.0	
180	Spectrogram 1	1	AU-AWBS03-130919-011000.wav	2835.228891568	2835.422940529	0.194	77.8	1222.9	1145.1	224.0	
181	Spectrogram 1	1	AU-AWBS03-130919-011000.wav	2840.076289563	2840.309148317	0.233	72.6	1920.0	1847.4	192.0	
182	Spectrogram 1	1	AU-AWBS03-130919-011000.wav	2840.580816864	2840.813675618	0.233	76.1	1266.2	1190.1	240.0	
183	Spectrogram 1	1	AU-AWBS03-130919-011000.wav	2845.470850699	2845.664899661	0.194	76.1	1944.2	1868.1	208.0	
184	Spectrogram 1	1	AU-AWBS03-130919-011000.wav	2845.975377999	2846.208236754	0.233	76.1	1705.5	1629.4	256.0	
185	Spectrogram 1	1	AU-AWBS03-130919-011000.wav	2978.037449253	2978.231498215	0.194	62.3	1186.6	1124.3	256.0	
186	Spectrogram 1	1	AU-AWBS03-130919-011000.wav	2978.619596138	2978.852454892	0.233	31.1	761.1	729.9	80.0	
187	Spectrogram 1	1	AU-AWBS03-130919-011000.wav	2987.584658170	2987.778707132	0.194	45.0	1688.2	1643.2	192.0	
188	Spectrogram 1	1	AU-AWBS03-130919-011000.wav	2988.166805055	2988.399663809	0.233	45.0	1542.9	1497.9	256.0	
189	Spectrogram 1	1	AU-AWBS03-130919-011000.wav	2992.785170344	2993.018029098	0.233	62.3	1266.2	1203.9	160.0	
190	Spectrogram 1	1	AU-AWBS03-130919-011000.wav	2993.289697645	2993.483746606	0.194	51.9	1245.4	1193.5	176.0	
191	Spectrogram 1	1	AU-AWBS03-130919-011000.wav	2997.908062934	2998.102111895	0.194	48.4	1868.1	1819.7	256.0	
192	Spectrogram 1	1	AU-AWBS03-130919-011000.wav	2998.412590234	2998.645448988	0.233	55.4	1238.5	1183.1	64.0	
193	Spectrogram 1	1	AU-AWBS03-130919-012000.wav	3003.046534372	3003.240583333	0.194	58.8	1940.8	1881.9	304.0	
194	Spectrogram 1	1	AU-AWBS03-130919-012000.wav	3003.434632295	3003.706300842	0.272	58.8	1311.1	1252.3	64.0	
195	Spectrogram 1	1	AU-AWBS03-130919-012000.wav	3008.130617169	3008.363475923	0.233	62.3	1197.0	1134.7	256.0	
196	Spectrogram 1	1	AU-AWBS03-130919-012000.wav	3008.596334677	3008.829193431	0.233	62.3	1131.2	1069.0	192.0	
197	Spectrogram 1	1	AU-AWBS03-130919-012000.wav	3013.214699966	3013.408748928	0.194	65.7	2037.6	1971.9	192.0	
198	Spectrogram 1	1	AU-AWBS03-130919-012000.wav	3013.719227266	3013.952086021	0.233	62.3	1747.0	1684.8	96.0	
199	Spectrogram 1	1	AU-AWBS03-130919-012000.wav	3018.454021933	3018.648070894	0.194	45.0	2044.5	1999.6	256.0	
200	Spectrogram 1	1	AU-AWBS03-130919-012000.wav	3018.958549233	3019.152598195	0.194	69.2	1051.7	982.5	256.0	
201	Spectrogram 1	1	AU-AWBS03-130919-012000.wav	3176.301374152	3176.456613321	0.155	62.3	1283.5	1221.2	256.0	start pattern
202	Spectrogram 1	1	AU-AWBS03-130919-012000.wav	3176.767091660	3176.999950414	0.233	34.6	643.5	608.9	96.0	
203	Spectrogram 1	1	AU-AWBS03-130919-012000.wav	3185.809773276	3186.042632030	0.233	58.8	1193.5	1134.7	400.0	
204	Spectrogram 1	1	AU-AWBS03-130919-012000.wav	3186.275490784	3186.508349538	0.233	55.4	1338.8	1283.5	96.0	
205	Spectrogram 1	1	AU-AWBS03-130919-012000.wav	3190.971475658	3191.165524620	0.194	51.9	1771.2	1719.4	96.0	
206	Spectrogram 1	1	AU-AWBS03-130919-012000.wav	3191.437193166	3191.631242128	0.194	51.9	1705.5	1653.6	256.0	
207	Spectrogram 1	1	AU-AWBS03-130919-012000.wav	3196.133178040	3196.327227002	0.194	58.8	1854.3	1795.5	64.0	
208	Spectrogram 1	1	AU-AWBS03-130919-012000.wav	3196.560085756	3196.792944510	0.233	65.7	1774.7	1709.0	256.0	
209	Spectrogram 1	1	AU-AWBS03-130919-012000.wav	3201.217260837	3201.411309799	0.194	65.7	1854.3	1788.5	256.0	
210	Spectrogram 1	1	AU-AWBS03-130919-012000.wav	3201.721788137	3201.915837099	0.194	76.1	1134.7	1058.6	256.0	
211	Spectrogram 1	1	AU-AWBS03-130919-012000.wav	3206.417773011	3206.611821973	0.194	62.3	1214.3	1152.0	256.0	
212	Spectrogram 1	1	AU-AWBS03-130919-012000.wav	3206.883490519	3207.038729689	0.155	62.3	1978.8	1916.5	240.0	
213	Spectrogram 1	1	AU-AWBS03-130919-012000.wav	3211.540665601	3211.734714562	0.194	62.3	1681.3	1619.0	224.0	
214	Spectrogram 1	1	AU-AWBS03-130919-012000.wav	3212.006383109	3212.200432070	0.194	65.7	1186.6	1120.9	144.0	
215	Spectrogram 1	1	AU-AWBS03-130919-012000.wav	3216.779987567	3216.935226737	0.155	58.8	2016.9	1958.1	208.0	
216	Spectrogram 1	1	AU-AWBS03-130919-012000.wav	3217.168085491	3217.362134452	0.194	69.2	1823.1	1753.9	208.0	
217	Spectrogram 1	1	AU-AWBS03-130919-012000.wav	3222.112507967	3222.306556929	0.194	65.7	854.5	788.8	304.0	
218	Spectrogram 1	1	AU-AWBS03-130919-012000.wav	3222.500605890	3222.733464644	0.233	76.1	2037.6	1961.5	240.0	
219	Spectrogram 1	1	AU-AWBS03-130919-012000.wav	3535.734714562	3535.928763524	0.194	65.7	1069.0	1003.2	208.0	start pattern - skipped one
220	Spectrogram 1	1	AU-AWBS03-130919-012000.wav	3536.278051655	3536.510910409	0.233	62.3	1899.2	1837.0	80.0	
221	Spectrogram 1	1	AU-AWBS03-130919-012000.wav	3545.413931705	3545.569170874	0.155	65.7	1992.6	1926.9	224.0	
222	Spectrogram 1	1	AU-AWBS03-130919-012000.wav	3545.840839421	3546.112507967	0.272	55.4	1916.5	1861.2	240.0	
223	Spectrogram 1	1	AU-AWBS03-130919-012000.wav	3550.517419398	3550.711468360	0.194	60.5	2029.0	1968.4	224.0	
224	Spectrogram 1	1	AU-AWBS03-130919-012000.wav	3550.963732010	3551.157780972	0.194	72.6	1757.4	1684.8	208.0	
225	Spectrogram 1	1	AU-AWBS03-130919-012000.wav	3555.620907091	3555.814956053	0.194	58.8	1781.6	1722.8	224.0	
226	Spectrogram 1	1	AU-AWBS03-130919-012000.wav	3556.125434392	3556.319483354	0.194	62.3	1349.2	1286.9	256.0	
227	Spectrogram 1	1	AU-AWBS03-130919-012000.wav	3560.743799681	3560.937848643	0.194	65.7	1968.4	1902.7	240.0	
228	Spectrogram 1	1	AU-AWBS03-130919-012000.wav	3561.248326981	3561.481185735	0.233	69.2	2030.7	1961.5	224.0	
229	Spectrogram 1	1	AU-AWBS03-130919-012000.wav	3565.827882478	3566.021931440	0.194	62.3	1871.6	1809.3	224.0	
230	Spectrogram 1	1	AU-AWBS03-130919-012000.wav	3566.293599986	3566.487648948	0.194	62.3	1165.8	1103.6	240.0	
231	Spectrogram 1	1	AU-AWBS03-130919-012000.wav	3571.106014237	3571.300063199	0.194	62.3	1740.1	1677.8	224.0	
232	Spectrogram 1	1	AU-AWBS03-130919-012000.wav	3571.571731745	3571.804590499	0.233	69.2	1418.4	1349.2	208.0	
233	Spectrogram 1	1	AU-AWBS03-130919-012000.wav	3576.403550892	3576.597599854	0.194	74.4	1274.8	1200.4	224.0	
234	Spectrogram 1	1	AU-AWBS03-130919-012000.wav	3576.888673296	3577.121532050	0.233	69.2	1843.9	1774.7	224.0	
235	Spectrogram 1	1	AU-AWBS03-130919-013000.wav	3726.062036926	3726.256085888	0.194	57.1	1264.4	1207.4	224.0	start pattern
236	Spectrogram 1	1	AU-AWBS03-130919-013000.wav	3726.508349538	3726.741208292	0.233	62.3	1217.7	1155.5	176.0	
237	Spectrogram 1	1	AU-AWBS03-130919-013000.wav	3735.725675220	3735.919724182	0.194	67.5	1440.9	1373.4	320.0	
238	Spectrogram 1	1	AU-AWBS03-130919-013000.wav	3736.210797624	3736.404846586	0.194	69.2	1965.0	1895.8	80.0	
239	Spectrogram 1	1	AU-AWBS03-130919-013000.wav	3740.790353121	3741.023211875	0.233	65.7	1830.1	1764.3	224.0	
240	Spectrogram 1	1	AU-AWBS03-130919-013000.wav	3741.314285318	3741.508334280	0.194	60.5	1786.8	1726.3	368.0	
241	Spectrogram 1	1	AU-AWBS03-130919-013000.wav	3745.932650607	3746.146104465	0.213	65.7	1297.3	1231.6	224.0	
242	Spectrogram 1	1	AU-AWBS03-130919-013000.wav	3746.378963219	3746.611821973	0.233	76.1	1197.0	1120.9	224.0	
243	Spectrogram 1	1	AU-AWBS03-130919-013000.wav	3751.113757885	3751.307806847	0.194	55.4	1999.6	1944.2	144.0	
244	Spectrogram 1	1	AU-AWBS03-130919-013000.wav	3751.501855808	3751.734714562	0.233	65.7	1124.3	1058.6	144.0	
245	Spectrogram 1	1	AU-AWBS03-130919-013000.wav	3756.236650474	3756.469509228	0.233	62.3	2041.1	1978.8	224.0	
246	Spectrogram 1	1	AU-AWBS03-130919-013000.wav	3756.741177775	3756.935226737	0.194	65.7	1802.4	1736.6	224.0	
247	Spectrogram 1	1	AU-AWBS03-130919-013000.wav	3761.530361082	3761.724410043	0.194	65.7	2044.5	1978.8	224.0	
248	Spectrogram 1	1	AU-AWBS03-130919-013000.wav	3762.034888382	3762.190127552	0.155	58.8	1809.3	1750.5	240.0	
249	Spectrogram 1	1	AU-AWBS03-130919-013000.wav	3766.789087944	3766.983136906	0.194	65.7	2044.5	1978.8	224.0	
250	Spectrogram 1	1	AU-AWBS03-130919-013000.wav	3767.313020141	3767.507069103	0.194	55.4	2044.5	1989.2	224.0	
251	Spectrogram 1	1	AU-AWBS03-130919-013000.wav	3772.125434392	3772.319483354	0.194	72.6	1996.1	1923.5	224.0	
252	Spectrogram 1	1	AU-AWBS03-130919-013000.wav	3772.649366589	3772.843415550	0.194	64.0	2032.4	1968.4	224.0	
253	Spectrogram 1	1	AU-AWBS03-130919-013000.wav	3899.239257122	3899.433306083	0.194	64.0	420.3	356.3	320.0	start pattern
254	Spectrogram 1	1	AU-AWBS03-130919-013000.wav	3899.743784422	3900.015452969	0.272	51.9	702.3	650.4	80.0	
255	Spectrogram 1	1	AU-AWBS03-130919-013000.wav	3908.844680727	3909.077539481	0.233	58.8	1079.4	1020.5	240.0	
256	Spectrogram 1	1	AU-AWBS03-130919-013000.wav	3909.349208027	3909.582066781	0.233	60.5	1290.4	1229.8	240.0	
257	Spectrogram 1	1	AU-AWBS03-130919-013000.wav	3914.045192901	3914.239241863	0.194	65.7	2006.5	1940.8	224.0	
258	Spectrogram 1	1	AU-AWBS03-130919-013000.wav	3914.510910409	3914.743769163	0.233	60.5	2008.2	1947.7	64.0	
259	Spectrogram 1	1	AU-AWBS03-130919-013000.wav	3919.183664339	3919.377713301	0.194	58.8	1802.4	1743.6	176.0	
260	Spectrogram 1	1	AU-AWBS03-130919-013000.wav	3919.649381847	3919.843430809	0.194	58.8	1940.8	1881.9	176.0	
261	Spectrogram 1	1	AU-AWBS03-130919-013000.wav	3924.287152032	3924.481200994	0.194	74.4	1965.0	1890.6	176.0	
262	Spectrogram 1	1	AU-AWBS03-130919-013000.wav	3924.811084229	3924.966323399	0.155	62.3	1193.5	1131.2	176.0	
263	Spectrogram 1	1	AU-AWBS03-130919-013000.wav	3929.448854414	3929.642903376	0.194	50.2	1119.1	1069.0	240.0	
264	Spectrogram 1	1	AU-AWBS03-130919-013000.wav	3929.933976819	3930.128025780	0.194	65.7	892.5	826.8	224.0	
265	Spectrogram 1	1	AU-AWBS03-130919-013000.wav	3934.552342108	3934.746391069	0.194	65.7	1051.7	985.9	240.0	
266	Spectrogram 1	1	AU-AWBS03-130919-013000.wav	3935.056869408	3935.289728162	0.233	65.7	2034.2	1968.4	224.0	
267	Spectrogram 1	1	AU-AWBS03-130919-013000.wav	3939.752854282	3939.985713036	0.233	69.2	1463.4	1394.2	160.0	
268	Spectrogram 1	1	AU-AWBS03-130919-013000.wav	3940.218571790	3940.412620752	0.194	55.4	2041.1	1985.7	240.0	
269	Spectrogram 1	1	AU-AWBS03-130919-013000.wav	4069.641577164	4069.835626126	0.194	65.7	1307.7	1241.9	288.0	start pattern
270	Spectrogram 1	1	AU-AWBS03-130919-013000.wav	4070.146104465	4070.378963219	0.233	48.4	961.7	913.3	112.0	
271	Spectrogram 1	1	AU-AWBS03-130919-013000.wav	4079.266405666	4079.460454627	0.194	51.9	1909.6	1857.7	224.0	
272	Spectrogram 1	1	AU-AWBS03-130919-013000.wav	4079.770932966	4080.003791720	0.233	62.3	1747.0	1684.8	176.0	
273	Spectrogram 1	1	AU-AWBS03-130919-013000.wav	4084.404877104	4084.598926066	0.194	55.4	2003.0	1947.7	240.0	
274	Spectrogram 1	1	AU-AWBS03-130919-013000.wav	4084.948214197	4085.142263158	0.194	48.4	1179.7	1131.2	224.0	
275	Spectrogram 1	1	AU-AWBS03-130919-013000.wav	4089.566579486	4089.799438240	0.233	72.6	2013.4	1940.8	240.0	
276	Spectrogram 1	1	AU-AWBS03-130919-013000.wav	4090.071106786	4090.265155748	0.194	65.7	1276.5	1210.8	272.0	
277	Spectrogram 1	1	AU-AWBS03-130919-013000.wav	4094.767091660	4094.961140622	0.194	55.4	1923.5	1868.1	224.0	
278	Spectrogram 1	1	AU-AWBS03-130919-013000.wav	4095.271618960	4095.465667922	0.194	62.3	1179.7	1117.4	176.0	
279	Spectrogram 1	1	AU-AWBS03-130919-013000.wav	4099.967603834	4100.122843003	0.155	72.6	1657.1	1584.4	240.0	
280	Spectrogram 1	1	AU-AWBS03-130919-013000.wav	4100.433321342	4100.627370304	0.194	79.6	1183.1	1103.6	224.0	
281	Spectrogram 1	1	AU-AWBS03-130919-013000.wav	4105.051686631	4105.245735593	0.194	58.8	1996.1	1937.3	176.0	
282	Spectrogram 1	1	AU-AWBS03-130919-013000.wav	4105.556213932	4105.711453101	0.155	55.4	1892.3	1837.0	240.0	
283	Spectrogram 1	1	AU-AWBS03-130919-013000.wav	4110.252198805	4110.407437975	0.155	72.6	2034.2	1961.5	224.0	
284	Spectrogram 1	1	AU-AWBS03-130919-013000.wav	4110.795535898	4110.989584860	0.194	72.6	1885.4	1812.8	112.0	
285	Spectrogram 1	1	AU-AWBS03-130919-013000.wav	4115.530330564	4115.724379526	0.194	65.7	2044.5	1978.8	224.0	
286	Spectrogram 1	1	AU-AWBS03-130919-013000.wav	4116.093072553	4116.287121515	0.194	60.5	2030.7	1970.2	128.0	
287	Spectrogram 1	1	AU-AWBS03-130919-013000.wav	4120.847272115	4121.041321077	0.194	65.7	2041.1	1975.4	288.0	
288	Spectrogram 1	1	AU-AWBS03-130919-013000.wav	4121.390609208	4121.623467962	0.233	76.1	2044.5	1968.4	240.0	
289	Spectrogram 1	1	AU-AWBS03-130919-013000.wav	4126.241833251	4126.435882213	0.194	62.3	2037.6	1975.4	224.0	
290	Spectrogram 1	1	AU-AWBS03-130919-013000.wav	4126.707550759	4126.940409514	0.233	72.6	2030.7	1958.1	304.0	
291	Spectrogram 1	1	AU-AWBS03-130919-014000.wav	4281.605358760	4281.799407722	0.194	55.4	1224.6	1169.3	128.0	start pattern
292	Spectrogram 1	1	AU-AWBS03-130919-014000.wav	4282.109886061	4282.342744815	0.233	48.4	429.0	380.5	80.0	
293	Spectrogram 1	1	AU-AWBS03-130919-014000.wav	4291.230187262	4291.385426431	0.155	48.4	1916.5	1868.1	80.0	
294	Spectrogram 1	1	AU-AWBS03-130919-014000.wav	4291.695904770	4291.889953732	0.194	55.4	1909.6	1854.3	64.0	
295	Spectrogram 1	1	AU-AWBS03-130919-014000.wav	4296.353079851	4296.547128813	0.194	58.8	2027.2	1968.4	272.0	
296	Spectrogram 1	1	AU-AWBS03-130919-014000.wav	4296.818797359	4296.974036529	0.155	55.4	1940.8	1885.4	64.0	
297	Spectrogram 1	1	AU-AWBS03-130919-014000.wav	4301.491551289	4301.646790459	0.155	55.4	1113.9	1058.6	352.0	
298	Spectrogram 1	1	AU-AWBS03-130919-014000.wav	4301.957268798	4302.151317759	0.194	55.4	1989.2	1933.8	272.0	
299	Spectrogram 1	1	AU-AWBS03-130919-014000.wav	4306.614443879	4306.769683048	0.155	64.0	1153.7	1089.7	272.0	
300	Spectrogram 1	1	AU-AWBS03-130919-014000.wav	4307.118971179	4307.274210349	0.155	69.2	1999.6	1930.4	128.0	
301	Spectrogram 1	1	AU-AWBS03-130919-014000.wav	4311.873170742	4312.067219703	0.194	50.2	1809.3	1759.1	272.0	
302	Spectrogram 1	1	AU-AWBS03-130919-014000.wav	4312.377698042	4312.571747004	0.194	50.2	842.4	792.2	192.0	
303	Spectrogram 1	1	AU-AWBS03-130919-014000.wav	4317.054278020	4317.209517189	0.155	69.2	1989.2	1920.0	208.0	
304	Spectrogram 1	1	AU-AWBS03-130919-014000.wav	4317.519995528	4317.675234697	0.155	72.6	1605.2	1532.5	160.0	
305	Spectrogram 1	1	AU-AWBS03-130919-014000.wav	4322.235385298	4322.429434259	0.194	70.9	2039.4	1968.4	352.0	
306	Spectrogram 1	1	AU-AWBS03-130919-014000.wav	4322.720507702	4322.914556664	0.194	48.4	1958.1	1909.6	144.0	
307	Spectrogram 1	1	AU-AWBS03-130919-014000.wav	4472.107325190	4472.262564359	0.155	65.7	1207.4	1141.6	320.0	start pattern
308	Spectrogram 1	1	AU-AWBS03-130919-014000.wav	4472.611852490	4472.805901452	0.194	24.2	532.8	508.5	96.0	
309	Spectrogram 1	1	AU-AWBS03-130919-014000.wav	4481.770963484	4481.926202653	0.155	72.6	2034.2	1961.5	176.0	
310	Spectrogram 1	1	AU-AWBS03-130919-014000.wav	4482.275490784	4482.469539746	0.194	58.8	1760.9	1702.1	192.0	
311	Spectrogram 1	1	AU-AWBS03-130919-014000.wav	4486.971475658	4487.165524620	0.194	65.7	1992.6	1926.9	256.0	
312	Spectrogram 1	1	AU-AWBS03-130919-014000.wav	4487.437193166	4487.670051920	0.233	65.7	1916.5	1850.8	176.0	
313	Spectrogram 1	1	AU-AWBS03-130919-014000.wav	4492.094368247	4492.288417209	0.194	58.8	1940.8	1881.9	240.0	
314	Spectrogram 1	1	AU-AWBS03-130919-014000.wav	4492.598895548	4492.754134717	0.155	58.8	1778.2	1719.4	240.0	
315	Spectrogram 1	1	AU-AWBS03-130919-014000.wav	4497.217260837	4497.411309799	0.194	62.3	1273.1	1210.8	240.0	
316	Spectrogram 1	1	AU-AWBS03-130919-014000.wav	4497.760597930	4497.954646891	0.194	58.8	1100.1	1041.3	272.0	
317	Spectrogram 1	1	AU-AWBS03-130919-014000.wav	4502.417773011	4502.611821973	0.194	62.3	1961.5	1899.2	272.0	
318	Spectrogram 1	1	AU-AWBS03-130919-014000.wav	4502.922300312	4503.116349273	0.194	76.1	1134.7	1058.6	240.0	
319	Spectrogram 1	1	AU-AWBS03-130919-014000.wav	4507.618285185	4507.812334147	0.194	76.1	1722.8	1646.7	272.0	
320	Spectrogram 1	1	AU-AWBS03-130919-014000.wav	4508.161622278	4508.355671240	0.194	69.2	1439.1	1369.9	272.0	
321	Spectrogram 1	1	AU-AWBS03-130919-014000.wav	4512.834376208	4513.067234962	0.233	69.2	1338.8	1269.6	256.0	
322	Spectrogram 1	1	AU-AWBS03-130919-014000.wav	4513.377713301	4513.571762263	0.194	55.4	1252.3	1197.0	256.0	
323	Spectrogram 1	1	AU-AWBS03-130919-014000.wav	4518.151317759	4518.384176513	0.233	69.2	1062.1	992.9	240.0	
324	Spectrogram 1	1	AU-AWBS03-130919-014000.wav	4518.655845060	4518.849894021	0.194	65.7	1186.6	1120.9	272.0	
325	Spectrogram 1	1	AU-AWBS03-130919-014000.wav	4649.437193166	4649.631242128	0.194	62.3	615.8	553.5	352.0	start pattern
326	Spectrogram 1	1	AU-AWBS03-130919-014000.wav	4649.864100882	4650.058149844	0.194	34.6	1127.8	1093.2	80.0	
327	Spectrogram 1	1	AU-AWBS03-130919-014000.wav	4659.062021668	4659.256070629	0.194	65.7	1276.5	1210.8	304.0	
328	Spectrogram 1	1	AU-AWBS03-130919-014000.wav	4659.566548968	4659.760597930	0.194	65.7	1667.5	1601.7	80.0	
329	Spectrogram 1	1	AU-AWBS03-130919-014000.wav	4664.223724049	4664.456582803	0.233	65.7	1861.2	1795.5	272.0	
330	Spectrogram 1	1	AU-AWBS03-130919-014000.wav	4664.728251350	4664.961110104	0.233	65.7	1840.4	1774.7	80.0	
331	Spectrogram 1	1	AU-AWBS03-130919-014000.wav	4669.424236224	4669.618285185	0.194	55.4	1971.9	1916.5	272.0	
332	Spectrogram 1	1	AU-AWBS03-130919-014000.wav	4669.851143939	4670.084002693	0.233	58.8	1864.6	1805.8	304.0	
333	Spectrogram 1	1	AU-AWBS03-130919-014000.wav	4674.488914125	4674.760582671	0.272	46.7	1344.0	1297.3	48.0	
334	Spectrogram 1	1	AU-AWBS03-130919-014000.wav	4675.012846321	4675.245705075	0.233	55.4	1664.0	1608.6	272.0	
335	Spectrogram 1	1	AU-AWBS03-130919-014000.wav	4679.646790459	4679.840839421	0.194	69.2	1871.6	1802.4	272.0	
336	Spectrogram 1	1	AU-AWBS03-130919-014000.wav	4680.112507967	4680.267747136	0.155	74.4	1205.6	1131.2	208.0	
337	Spectrogram 1	1	AU-AWBS03-130919-014000.wav	4684.808492841	4685.002541802	0.194	72.6	1283.5	1210.8	208.0	
338	Spectrogram 1	1	AU-AWBS03-130919-014000.wav	4685.313020141	4685.545878895	0.233	62.3	1152.0	1089.7	176.0	
339	Spectrogram 1	1	AU-AWBS03-130919-014000.wav	4690.144839288	4690.338888250	0.194	69.2	2034.2	1965.0	272.0	
340	Spectrogram 1	1	AU-AWBS03-130919-014000.wav	4690.629961692	4690.862820446	0.233	69.2	1518.7	1449.5	208.0	
341	Spectrogram 1	1	AU-AWBS03-130919-014000.wav	4695.403566151	4695.636424905	0.233	72.6	2034.2	1961.5	256.0	
342	Spectrogram 1	1	AU-AWBS03-130919-014000.wav	4695.908093451	4696.140952205	0.233	69.2	1975.4	1906.2	176.0	
343	Spectrogram 1	1	AU-AWBS03-130919-015000.wav	4814.852454892	4815.046503854	0.194	65.7	1152.0	1086.3	272.0	start pattern
344	Spectrogram 1	1	AU-AWBS03-130919-015000.wav	4815.356982193	4815.628650739	0.272	51.9	487.8	435.9	80.0	
345	Spectrogram 1	1	AU-AWBS03-130919-015000.wav	4824.516093186	4824.710142148	0.194	51.9	1937.3	1885.4	304.0	
346	Spectrogram 1	1	AU-AWBS03-130919-015000.wav	4825.020620487	4825.253479241	0.233	45.0	1705.5	1660.5	80.0	
347	Spectrogram 1	1	AU-AWBS03-130919-015000.wav	4829.638985776	4829.794224945	0.155	55.4	2030.7	1975.4	272.0	
348	Spectrogram 1	1	AU-AWBS03-130919-015000.wav	4830.143513076	4830.337562038	0.194	69.2	1158.9	1089.7	272.0	
349	Spectrogram 1	1	AU-AWBS03-130919-015000.wav	4834.800688158	4834.994737119	0.194	38.1	2034.2	1996.1	272.0	
350	Spectrogram 1	1	AU-AWBS03-130919-015000.wav	4835.266405666	4835.460454627	0.194	45.0	1958.1	1913.1	80.0	
351	Spectrogram 1	1	AU-AWBS03-130919-015000.wav	4839.900349803	4840.094398765	0.194	45.0	2030.7	1985.7	192.0	
352	Spectrogram 1	1	AU-AWBS03-130919-015000.wav	4840.366067311	4840.521306481	0.155	48.4	1944.2	1895.8	208.0	
353	Spectrogram 1	1	AU-AWBS03-130919-015000.wav	4844.926217912	4845.120266874	0.194	51.9	2037.6	1985.7	256.0	
354	Spectrogram 1	1	AU-AWBS03-130919-015000.wav	4845.450150109	4845.644199070	0.194	48.4	1940.8	1892.3	256.0	
355	Spectrogram 1	1	AU-AWBS03-130919-015000.wav	4850.068515398	4850.223754567	0.155	45.0	1622.5	1577.5	256.0	
356	Spectrogram 1	1	AU-AWBS03-130919-015000.wav	4850.611852490	4850.805901452	0.194	55.4	909.8	854.5	208.0	
357	Spectrogram 1	1	AU-AWBS03-130919-015000.wav	4855.346647156	4855.540696118	0.194	34.6	1598.3	1563.7	208.0	
358	Spectrogram 1	1	AU-AWBS03-130919-015000.wav	4855.851174457	4856.045223419	0.194	51.9	1587.9	1536.0	208.0	
359	Spectrogram 1	1	AU-AWBS03-130919-015000.wav	4860.508349538	4860.702398500	0.194	55.4	2037.6	1982.3	208.0	
360	Spectrogram 1	1	AU-AWBS03-130919-015000.wav	4861.012876839	4861.206925801	0.194	58.8	1857.7	1798.9	208.0	
361	Spectrogram 1	1	AU-AWBS03-130919-015000.wav	5236.373810959	5236.606669713	0.233	72.6	1518.7	1446.1	336.0	start pattern
362	Spectrogram 1	1	AU-AWBS03-130919-015000.wav	5236.917148052	5237.111197014	0.194	58.8	809.5	750.7	112.0	
363	Spectrogram 1	1	AU-AWBS03-130919-015000.wav	5245.959829668	5246.153878630	0.194	55.4	2041.1	1985.7	304.0	
364	Spectrogram 1	1	AU-AWBS03-130919-015000.wav	5246.503166761	5246.736025515	0.233	62.3	1982.3	1920.0	192.0	
365	Spectrogram 1	1	AU-AWBS03-130919-015000.wav	5251.082722258	5251.237961427	0.155	51.9	2044.5	1992.6	272.0	
366	Spectrogram 1	1	AU-AWBS03-130919-015000.wav	5251.626059351	5251.820108313	0.194	65.7	1881.9	1816.2	208.0	
367	Spectrogram 1	1	AU-AWBS03-130919-015000.wav	5256.225019744	5256.419068705	0.194	64.0	1645.0	1581.0	256.0	
368	Spectrogram 1	1	AU-AWBS03-130919-015000.wav	5256.710142148	5256.904191110	0.194	72.6	1639.8	1567.1	336.0	
369	Spectrogram 1	1	AU-AWBS03-130919-015000.wav	5261.289697645	5261.522556399	0.233	58.8	1677.8	1619.0	160.0	
370	Spectrogram 1	1	AU-AWBS03-130919-015000.wav	5261.794224945	5261.988273907	0.194	69.2	1688.2	1619.0	160.0	
371	Spectrogram 1	1	AU-AWBS03-130919-015000.wav	5266.412590234	5266.645448988	0.233	62.3	1743.6	1681.3	208.0	
372	Spectrogram 1	1	AU-AWBS03-130919-015000.wav	5266.955927327	5267.188786081	0.233	58.8	1255.8	1197.0	256.0	
373	Spectrogram 1	1	AU-AWBS03-130919-015000.wav	5271.589871465	5271.822730219	0.233	83.0	2027.2	1944.2	208.0	
374	Spectrogram 1	1	AU-AWBS03-130919-015000.wav	5272.133208557	5272.327257519	0.194	58.8	1646.7	1587.9	160.0	
375	Spectrogram 1	1	AU-AWBS03-130919-015000.wav	5276.848598327	5277.042647289	0.194	64.0	2032.4	1968.4	208.0	
376	Spectrogram 1	1	AU-AWBS03-130919-015000.wav	5277.314315835	5277.508364797	0.194	69.2	1951.1	1881.9	160.0	
377	Spectrogram 1	1	AU-AWBS03-130919-015000.wav	5282.146134982	5282.301374152	0.155	69.2	1328.4	1259.2	176.0	
378	Spectrogram 1	1	AU-AWBS03-130919-015000.wav	5282.573042698	5282.805901452	0.233	62.3	1072.4	1010.2	256.0	
379	Spectrogram 1	1	AU-AWBS03-130919-015000.wav	5287.346647156	5287.579505911	0.233	62.3	1933.8	1871.6	160.0	
380	Spectrogram 1	1	AU-AWBS03-130919-015000.wav	5287.889984249	5288.084033211	0.194	69.2	1228.1	1158.9	272.0	
381	Spectrogram 1	1	AU-AWBS03-130919-015000.wav	5292.780018085	5292.935257254	0.155	55.4	2009.9	1954.6	848.0	
382	Spectrogram 1	1	AU-AWBS03-130919-015000.wav	5293.284545385	5293.517404139	0.233	65.7	1065.5	999.8	272.0	
383	Spectrogram 1	1	AU-AWBS03-130919-020000.wav	5413.548439766	5413.781298520	0.233	62.3	1532.5	1470.3	256.0	
384	Spectrogram 1	1	AU-AWBS03-130919-020000.wav	5414.091776859	5414.285825821	0.194	31.1	536.2	505.1	80.0	
385	Spectrogram 1	1	AU-AWBS03-130919-020000.wav	5423.018029098	5423.212078060	0.194	69.2	1646.7	1577.5	272.0	
386	Spectrogram 1	1	AU-AWBS03-130919-020000.wav	5423.561366191	5423.755415153	0.194	76.1	1165.8	1089.7	224.0	
387	Spectrogram 1	1	AU-AWBS03-130919-020000.wav	5428.179731480	5428.373780442	0.194	69.2	1736.6	1667.5	224.0	
388	Spectrogram 1	1	AU-AWBS03-130919-020000.wav	5428.684258781	5428.878307742	0.194	69.2	1401.1	1331.9	288.0	
389	Spectrogram 1	1	AU-AWBS03-130919-020000.wav	5433.318202918	5433.473442088	0.155	58.8	2037.6	1978.8	272.0	
390	Spectrogram 1	1	AU-AWBS03-130919-020000.wav	5433.783920426	5434.016779180	0.233	55.4	982.5	927.1	64.0	
391	Spectrogram 1	1	AU-AWBS03-130919-020000.wav	5438.479905300	5438.673954262	0.194	58.8	1712.4	1653.6	256.0	
392	Spectrogram 1	1	AU-AWBS03-130919-020000.wav	5438.906813016	5439.100861977	0.194	65.7	1712.4	1646.7	336.0	
393	Spectrogram 1	1	AU-AWBS03-130919-020000.wav	5443.563988097	5443.758037059	0.194	58.8	1245.4	1186.6	256.0	
394	Spectrogram 1	1	AU-AWBS03-130919-020000.wav	5443.990895813	5444.184944775	0.194	72.6	1252.3	1179.7	208.0	
395	Spectrogram 1	1	AU-AWBS03-130919-020000.wav	5448.609261102	5448.842119856	0.233	79.6	1667.5	1587.9	224.0	
396	Spectrogram 1	1	AU-AWBS03-130919-020000.wav	5449.113788402	5449.346647156	0.233	72.6	2030.7	1958.1	208.0	
397	Spectrogram 1	1	AU-AWBS03-130919-020000.wav	5453.770963484	5454.042632030	0.272	83.0	1878.5	1795.5	256.0	
398	Spectrogram 1	1	AU-AWBS03-130919-020000.wav	5454.314300577	5454.508349538	0.194	79.6	2034.2	1954.6	192.0	
399	Spectrogram 1	1	AU-AWBS03-130919-020000.wav	5458.971475658	5459.126714827	0.155	65.7	2030.7	1965.0	224.0	
400	Spectrogram 1	1	AU-AWBS03-130919-020000.wav	5459.398383374	5459.708861712	0.310	65.7	1169.3	1103.6	256.0	
401	Spectrogram 1	1	AU-AWBS03-130919-020000.wav	5464.094368247	5464.288417209	0.194	48.4	1940.8	1892.3	240.0	
402	Spectrogram 1	1	AU-AWBS03-130919-020000.wav	5464.637705340	5464.870564094	0.233	51.9	892.5	840.6	208.0	
403	Spectrogram 1	1	AU-AWBS03-130919-020000.wav	5469.372500006	5469.527739176	0.155	69.2	2027.2	1958.1	288.0	
404	Spectrogram 1	1	AU-AWBS03-130919-020000.wav	5469.915837099	5470.109886061	0.194	55.4	1902.7	1847.4	256.0	
405	Spectrogram 1	1	AU-AWBS03-130919-020000.wav	5602.769683048	5602.924922218	0.155	62.3	1269.6	1207.4	240.0	start pattern
406	Spectrogram 1	1	AU-AWBS03-130919-020000.wav	5603.196590764	5603.390639726	0.194	58.8	1186.6	1127.8	80.0	
407	Spectrogram 1	1	AU-AWBS03-130919-020000.wav	5612.433321342	5612.588560512	0.155	62.3	2041.1	1978.8	336.0	
408	Spectrogram 1	1	AU-AWBS03-130919-020000.wav	5612.860229058	5613.054278020	0.194	62.3	2030.7	1968.4	144.0	
409	Spectrogram 1	1	AU-AWBS03-130919-020000.wav	5617.556213932	5617.711453101	0.155	57.1	1866.4	1809.3	80.0	
410	Spectrogram 1	1	AU-AWBS03-130919-020000.wav	5618.060741232	5618.254790194	0.194	62.3	1826.6	1764.3	144.0	
411	Spectrogram 1	1	AU-AWBS03-130919-020000.wav	5622.795535898	5622.989584860	0.194	62.3	2003.0	1940.8	224.0	
412	Spectrogram 1	1	AU-AWBS03-130919-020000.wav	5623.300063199	5623.494112160	0.194	65.7	1805.8	1740.1	208.0	
413	Spectrogram 1	1	AU-AWBS03-130919-020000.wav	5627.957238280	5628.151287242	0.194	62.3	2030.7	1968.4	128.0	
414	Spectrogram 1	1	AU-AWBS03-130919-020000.wav	5628.422955788	5628.578194958	0.155	58.8	1795.5	1736.6	208.0	
415	Spectrogram 1	1	AU-AWBS03-130919-020000.wav	5633.002511285	5633.157750454	0.155	69.2	1937.3	1868.1	256.0	
416	Spectrogram 1	1	AU-AWBS03-130919-020000.wav	5633.507038585	5633.662277755	0.155	55.4	1857.7	1802.4	256.0	
417	Spectrogram 1	1	AU-AWBS03-130919-020000.wav	5638.164213667	5638.319452836	0.155	58.8	1577.5	1518.7	144.0	
418	Spectrogram 1	1	AU-AWBS03-130919-020000.wav	5638.668740967	5638.862789929	0.194	58.8	992.9	934.1	240.0	
419	Spectrogram 1	1	AU-AWBS03-130919-020000.wav	5643.345320945	5643.539369906	0.194	62.3	982.5	920.2	208.0	
420	Spectrogram 1	1	AU-AWBS03-130919-020000.wav	5643.811038453	5644.005087415	0.194	60.5	963.5	902.9	224.0	
421	Spectrogram 1	1	AU-AWBS03-130919-020000.wav	5648.774865825	5648.930104995	0.155	65.7	574.3	508.5	192.0	
422	Spectrogram 1	1	AU-AWBS03-130919-020000.wav	5649.201773541	5649.357012710	0.155	65.7	422.1	356.3	256.0	
423	Spectrogram 1	1	AU-AWBS03-130919-020000.wav	5654.169426961	5654.363475923	0.194	58.8	1297.3	1238.5	256.0	
424	Spectrogram 1	1	AU-AWBS03-130919-020000.wav	5654.673954262	5654.868003223	0.194	58.8	1750.5	1691.7	256.0	
425	Spectrogram 1	1	AU-AWBS03-130919-020000.wav	5812.443686896	5812.637735858	0.194	58.8	1013.6	954.8	240.0	start pattern
426	Spectrogram 1	1	AU-AWBS03-130919-020000.wav	5812.870594612	5813.103453366	0.233	58.8	1017.1	958.3	240.0	
427	Spectrogram 1	1	AU-AWBS03-130919-020000.wav	5822.146134982	5822.340183944	0.194	62.3	1183.1	1120.9	256.0	
428	Spectrogram 1	1	AU-AWBS03-130919-020000.wav	5822.611852490	5822.805901452	0.194	65.7	1124.3	1058.6	80.0	
429	Spectrogram 1	1	AU-AWBS03-130919-020000.wav	5827.307837364	5827.463076534	0.155	69.2	1871.6	1802.4	224.0	
430	Spectrogram 1	1	AU-AWBS03-130919-020000.wav	5827.754149976	5827.948198938	0.194	67.5	2015.1	1947.7	256.0	
431	Spectrogram 1	1	AU-AWBS03-130919-020000.wav	5832.430729954	5832.624778915	0.194	51.9	923.7	871.8	192.0	
432	Spectrogram 1	1	AU-AWBS03-130919-020000.wav	5832.935257254	5833.129306216	0.194	48.4	889.1	840.6	224.0	
433	Spectrogram 1	1	AU-AWBS03-130919-020000.wav	5837.437193166	5837.592432335	0.155	58.8	930.6	871.8	224.0	
434	Spectrogram 1	1	AU-AWBS03-130919-020000.wav	5837.902910674	5838.135769428	0.233	55.4	1034.4	979.0	224.0	
435	Spectrogram 1	1	AU-AWBS03-130919-020000.wav	5842.598895548	5842.792944510	0.194	65.7	996.3	930.6	240.0	
436	Spectrogram 1	1	AU-AWBS03-130919-020000.wav	5843.103422848	5843.297471810	0.194	65.7	999.8	934.1	128.0	
437	Spectrogram 1	1	AU-AWBS03-130919-020000.wav	5847.760597930	5847.954646891	0.194	58.8	999.8	941.0	240.0	
438	Spectrogram 1	1	AU-AWBS03-130919-020000.wav	5848.226315438	5848.420364400	0.194	58.8	1179.7	1120.9	208.0	
439	Spectrogram 1	1	AU-AWBS03-130919-020000.wav	5853.116349273	5853.271588443	0.155	69.2	1152.0	1082.8	224.0	
440	Spectrogram 1	1	AU-AWBS03-130919-020000.wav	5853.620876574	5853.814925536	0.194	69.2	2020.3	1951.1	240.0	
441	Spectrogram 1	1	AU-AWBS03-130919-020000.wav	5858.394481032	5858.588529994	0.194	62.3	1470.3	1408.0	208.0	
442	Spectrogram 1	1	AU-AWBS03-130919-020000.wav	5858.937818125	5859.131867087	0.194	55.4	2034.2	1978.8	160.0	
443	Spectrogram 1	1	AU-AWBS03-130919-020000.wav	5863.804621017	5863.998669978	0.194	65.7	1736.6	1670.9	240.0	
444	Spectrogram 1	1	AU-AWBS03-130919-020000.wav	5864.231528732	5864.425577694	0.194	62.3	1729.7	1667.5	128.0	
445	Spectrogram 1	1	AU-AWBS03-130919-020000.wav	5869.315611530	5869.470850699	0.155	58.8	1421.8	1363.0	160.0	
446	Spectrogram 1	1	AU-AWBS03-130919-020000.wav	5869.781329038	5869.975377999	0.194	62.3	2016.9	1954.6	160.0	
447	Spectrogram 1	1	AU-AWBS03-130919-020000.wav	5874.787792250	5874.943031420	0.155	76.1	1971.9	1895.8	240.0	
448	Spectrogram 1	1	AU-AWBS03-130919-020000.wav	5875.292319551	5875.486368512	0.194	62.3	1837.0	1774.7	240.0	
449	Spectrogram 1	1	AU-AWBS03-130919-021000.wav	6195.527769693	6195.721818655	0.194	51.9	695.4	643.5	128.0	start pattern
450	Spectrogram 1	1	AU-AWBS03-130919-021000.wav	6196.032296994	6196.265155748	0.233	41.5	633.1	591.6	80.0	
451	Spectrogram 1	1	AU-AWBS03-130919-021000.wav	6205.074978610	6205.269027572	0.194	62.3	1352.6	1290.4	224.0	
452	Spectrogram 1	1	AU-AWBS03-130919-021000.wav	6205.618315703	6205.812364665	0.194	62.3	1266.2	1203.9	144.0	
453	Spectrogram 1	1	AU-AWBS03-130919-021000.wav	6210.197871200	6210.391920161	0.194	65.7	1214.3	1148.5	224.0	
454	Spectrogram 1	1	AU-AWBS03-130919-021000.wav	6210.702398500	6210.896447462	0.194	55.4	1210.8	1155.5	160.0	
455	Spectrogram 1	1	AU-AWBS03-130919-021000.wav	6215.281953997	6215.514812751	0.233	65.7	1093.2	1027.5	144.0	
456	Spectrogram 1	1	AU-AWBS03-130919-021000.wav	6215.825291090	6216.019340051	0.194	69.2	1086.3	1017.1	128.0	
457	Spectrogram 1	1	AU-AWBS03-130919-021000.wav	6220.443656379	6220.637705340	0.194	58.8	1107.0	1048.2	144.0	
458	Spectrogram 1	1	AU-AWBS03-130919-021000.wav	6220.948183679	6221.142232641	0.194	62.3	2009.9	1947.7	176.0	
459	Spectrogram 1	1	AU-AWBS03-130919-021000.wav	6225.566548968	6225.760597930	0.194	72.6	1110.5	1037.8	224.0	
460	Spectrogram 1	1	AU-AWBS03-130919-021000.wav	6225.993456684	6226.187505646	0.194	55.4	1978.8	1923.5	304.0	
461	Spectrogram 1	1	AU-AWBS03-130919-021000.wav	6230.573012181	6230.767061142	0.194	58.8	1774.7	1715.9	272.0	
462	Spectrogram 1	1	AU-AWBS03-130919-021000.wav	6231.077539481	6231.271588443	0.194	58.8	2030.7	1971.9	176.0	
463	Spectrogram 1	1	AU-AWBS03-130919-021000.wav	6235.812334147	6236.006383109	0.194	48.4	2023.8	1975.4	240.0	
464	Spectrogram 1	1	AU-AWBS03-130919-021000.wav	6236.316861448	6236.510910409	0.194	58.8	2030.7	1971.9	160.0	
465	Spectrogram 1	1	AU-AWBS03-130919-021000.wav	6241.051656114	6241.245705075	0.194	55.4	1895.8	1840.4	304.0	
466	Spectrogram 1	1	AU-AWBS03-130919-021000.wav	6241.532952470	6241.727001432	0.194	62.3	2034.2	1971.9	288.0	
467	Spectrogram 1	1	AU-AWBS03-130919-021000.wav	6246.345366721	6246.539415683	0.194	76.1	1996.1	1920.0	320.0	
468	Spectrogram 1	1	AU-AWBS03-130919-021000.wav	6246.772274437	6247.005133191	0.233	65.7	2030.7	1965.0	320.0	
469	Spectrogram 1	1	AU-AWBS03-130919-021000.wav	6251.390639726	6251.584688688	0.194	62.3	1072.4	1010.2	256.0	
470	Spectrogram 1	1	AU-AWBS03-130919-021000.wav	6251.778737649	6252.011596403	0.233	65.7	1698.6	1632.9	224.0	
471	Spectrogram 1	1	AU-AWBS03-130919-021000.wav	6540.834345690	6541.028394652	0.194	65.7	1601.7	1536.0	224.0	start pattern
472	Spectrogram 1	1	AU-AWBS03-130919-021000.wav	6541.377682783	6541.571731745	0.194	41.5	1069.0	1027.5	96.0	
473	Spectrogram 1	1	AU-AWBS03-130919-021000.wav	6550.536793777	6550.730842738	0.194	51.9	1830.1	1778.2	224.0	
474	Spectrogram 1	1	AU-AWBS03-130919-021000.wav	6551.041321077	6551.235370039	0.194	51.9	1996.1	1944.2	80.0	
475	Spectrogram 1	1	AU-AWBS03-130919-021000.wav	6555.620876574	6555.814925536	0.194	55.4	2030.7	1975.4	304.0	
476	Spectrogram 1	1	AU-AWBS03-130919-021000.wav	6556.125403874	6556.319452836	0.194	58.8	1902.7	1843.9	224.0	
477	Spectrogram 1	1	AU-AWBS03-130919-021000.wav	6560.782578956	6560.976627917	0.194	51.9	2037.6	1985.7	320.0	
478	Spectrogram 1	1	AU-AWBS03-130919-021000.wav	6561.209486671	6561.403535633	0.194	48.4	1947.7	1899.2	224.0	
479	Spectrogram 1	1	AU-AWBS03-130919-021000.wav	6565.901645498	6566.095694459	0.194	58.8	1920.0	1861.2	224.0	
480	Spectrogram 1	1	AU-AWBS03-130919-021000.wav	6566.386767902	6566.580816864	0.194	65.7	1906.2	1840.4	224.0	
481	Spectrogram 1	1	AU-AWBS03-130919-021000.wav	6571.005133191	6571.160372360	0.155	58.8	1657.1	1598.3	176.0	
482	Spectrogram 1	1	AU-AWBS03-130919-021000.wav	6571.470850699	6571.703709453	0.233	62.3	1802.4	1740.1	208.0	
483	Spectrogram 1	1	AU-AWBS03-130919-021000.wav	6576.089215988	6576.244455157	0.155	58.8	2037.6	1978.8	160.0	
484	Spectrogram 1	1	AU-AWBS03-130919-021000.wav	6576.593743289	6576.787792250	0.194	62.3	1930.4	1868.1	224.0	
485	Spectrogram 1	1	AU-AWBS03-130919-021000.wav	6581.289728162	6581.483777124	0.194	65.7	2037.6	1971.9	224.0	
486	Spectrogram 1	1	AU-AWBS03-130919-021000.wav	6581.833065255	6582.065924009	0.233	65.7	2044.5	1978.8	224.0	
487	Spectrogram 1	1	AU-AWBS03-130919-021000.wav	6586.645479506	6586.839528467	0.194	45.0	2044.5	1999.6	224.0	
488	Spectrogram 1	1	AU-AWBS03-130919-021000.wav	6587.150006806	6587.344055768	0.194	65.7	2037.6	1971.9	240.0	
489	Spectrogram 1	1	AU-AWBS03-130919-021000.wav	6592.001230849	6592.195279811	0.194	69.2	2044.5	1975.4	224.0	
490	Spectrogram 1	1	AU-AWBS03-130919-021000.wav	6592.486353254	6592.680402215	0.194	69.2	2041.1	1971.9	224.0	
