Selection	View	Channel	Begin File	Begin Time (s)	End Time (s)	Delta Time (s)	Low Freq (Hz)	High Freq (Hz)	Delta Freq (Hz)	Peak Freq (Hz)	Notes
1	Spectrogram 1	1	AU-AWBS03-151203-060000.wav	115.286	115.511	0.226	71.5	817.4	745.8	80.0	start pattern B
2	Spectrogram 1	1	AU-AWBS03-151203-060000.wav	116.571	116.752	0.180	54.8	1001.5	946.7	160.0	
3	Spectrogram 1	1	AU-AWBS03-151203-060000.wav	118.105	118.286	0.180	36.5	1068.5	1032.0	96.0	
4	Spectrogram 1	1	AU-AWBS03-151203-060000.wav	121.398	121.624	0.226	45.7	1068.5	1022.8	48.0	
5	Spectrogram 1	1	AU-AWBS03-151203-060000.wav	122.752	122.977	0.226	67.0	1092.8	1025.9	128.0	
6	Spectrogram 1	1	AU-AWBS03-151203-060000.wav	124.511	124.737	0.226	39.6	1920.9	1881.3	144.0	
7	Spectrogram 1	1	AU-AWBS03-151203-060000.wav	126.000	126.180	0.180	51.8	1138.5	1086.8	144.0	
8	Spectrogram 1	1	AU-AWBS03-151203-060000.wav	127.850	128.030	0.180	73.1	1902.6	1829.5	128.0	
9	Spectrogram 1	1	AU-AWBS03-151203-060000.wav	129.293	129.474	0.180	100.5	1214.6	1114.2	128.0	
10	Spectrogram 1	1	AU-AWBS03-151203-060000.wav	131.098	131.278	0.180	48.7	1987.8	1939.1	128.0	
11	Spectrogram 1	1	AU-AWBS03-151203-060000.wav	132.541	132.722	0.180	67.0	1589.0	1522.1	112.0	
12	Spectrogram 1	1	AU-AWBS03-151203-060000.wav	134.346	134.571	0.226	42.6	1997.0	1954.3	496.0	
13	Spectrogram 1	1	AU-AWBS03-151203-060000.wav	135.835	136.015	0.180	57.8	934.6	876.7	112.0	
14	Spectrogram 1	1	AU-AWBS03-151203-060000.wav	137.639	137.820	0.180	76.1	1997.0	1920.9	528.0	
15	Spectrogram 1	1	AU-AWBS03-151203-060000.wav	139.128	139.308	0.180	97.4	1826.5	1729.1	112.0	
16	Spectrogram 1	1	AU-AWBS03-151203-060000.wav	140.797	141.023	0.226	76.1	1817.4	1741.2	176.0	
17	Spectrogram 1	1	AU-AWBS03-151203-060000.wav	142.331	142.556	0.226	91.3	1981.7	1890.4	816.0	
18	Spectrogram 1	1	AU-AWBS03-151203-060000.wav	143.955	144.180	0.226	91.3	1987.8	1896.5	864.0	
19	Spectrogram 1	1	AU-AWBS03-151203-060000.wav	147.068	147.293	0.226	54.8	1917.8	1863.0	112.0	
20	Spectrogram 1	1	AU-AWBS03-151203-060000.wav	150.496	150.767	0.271	73.1	1738.2	1665.1	112.0	end main phrase
21	Spectrogram 1	1	AU-AWBS03-151203-060000.wav	155.594	155.774	0.180	82.2	1482.5	1400.3	272.0	
22	Spectrogram 1	1	AU-AWBS03-151203-060000.wav	157.218	157.398	0.180	60.9	1997.0	1936.1	256.0	
23	Spectrogram 1	1	AU-AWBS03-151203-060000.wav	158.797	159.023	0.226	103.5	1997.0	1893.5	320.0	
24	Spectrogram 1	1	AU-AWBS03-151203-060000.wav	160.466	160.647	0.180	91.3	1990.9	1899.5	1456.0	
25	Spectrogram 1	1	AU-AWBS03-151203-060000.wav	162.045	162.316	0.271	63.9	1997.0	1933.0	240.0	
26	Spectrogram 1	1	AU-AWBS03-151203-060000.wav	165.203	165.429	0.226	63.9	1997.0	1933.0	272.0	
27	Spectrogram 1	1	AU-AWBS03-151203-060000.wav	168.722	168.902	0.180	76.1	1981.7	1905.6	464.0	
28	Spectrogram 1	1	AU-AWBS03-151203-060000.wav	177.068	177.248	0.180	115.7	1872.1	1756.5	256.0	
29	Spectrogram 1	1	AU-AWBS03-151203-060000.wav	178.692	178.872	0.180	118.7	1902.6	1783.9	144.0	
30	Spectrogram 1	1	AU-AWBS03-151203-060000.wav	180.361	180.541	0.180	100.5	1902.6	1802.1	448.0	
31	Spectrogram 1	1	AU-AWBS03-151203-060000.wav	181.895	182.120	0.226	73.1	1990.9	1917.8	256.0	
32	Spectrogram 1	1	AU-AWBS03-151203-060000.wav	185.143	185.368	0.226	57.8	1997.0	1939.1	1376.0	
33	Spectrogram 1	1	AU-AWBS03-151203-060000.wav	188.887	189.113	0.226	103.5	1993.9	1890.4	272.0	
34	Spectrogram 1	1	AU-AWBS03-151203-060000.wav	198.135	198.316	0.180	161.3	1978.7	1817.4	288.0	
35	Spectrogram 1	1	AU-AWBS03-151203-060000.wav	199.805	199.940	0.135	109.6	1997.0	1887.4	912.0	
36	Spectrogram 1	1	AU-AWBS03-151203-060000.wav	201.429	201.609	0.180	73.1	1990.9	1917.8	304.0	
37	Spectrogram 1	1	AU-AWBS03-151203-060000.wav	204.632	204.812	0.180	88.3	1997.0	1908.7	272.0	end pattern
38	Spectrogram 1	1	AU-AWBS03-151203-061000.wav	725.865	726.090	0.226	48.7	1719.9	1671.2	96.0	start pattern
39	Spectrogram 1	1	AU-AWBS03-151203-061000.wav	727.218	727.444	0.226	73.1	1330.3	1257.2	96.0	
40	Spectrogram 1	1	AU-AWBS03-151203-061000.wav	728.752	728.932	0.180	60.9	1360.7	1299.8	192.0	
41	Spectrogram 1	1	AU-AWBS03-151203-061000.wav	732.000	732.226	0.226	73.1	1981.7	1908.7	288.0	
42	Spectrogram 1	1	AU-AWBS03-151203-061000.wav	733.444	733.669	0.226	70.0	1470.3	1400.3	128.0	
43	Spectrogram 1	1	AU-AWBS03-151203-061000.wav	735.158	735.338	0.180	53.3	1992.4	1939.1	128.0	
44	Spectrogram 1	1	AU-AWBS03-151203-061000.wav	736.466	736.692	0.226	57.8	1336.4	1278.5	192.0	
45	Spectrogram 1	1	AU-AWBS03-151203-061000.wav	738.406	738.586	0.180	27.4	1997.0	1969.6	320.0	
46	Spectrogram 1	1	AU-AWBS03-151203-061000.wav	739.895	740.120	0.226	60.9	961.9	901.1	112.0	
47	Spectrogram 1	1	AU-AWBS03-151203-061000.wav	741.654	741.880	0.226	94.4	1930.0	1835.6	464.0	
48	Spectrogram 1	1	AU-AWBS03-151203-061000.wav	743.188	743.368	0.180	88.3	1178.1	1089.8	96.0	
49	Spectrogram 1	1	AU-AWBS03-151203-061000.wav	744.947	745.218	0.271	54.8	1856.9	1802.1	528.0	
50	Spectrogram 1	1	AU-AWBS03-151203-061000.wav	746.481	746.707	0.226	39.6	1534.2	1494.7	96.0	
51	Spectrogram 1	1	AU-AWBS03-151203-061000.wav	748.241	748.466	0.226	76.1	1993.9	1917.8	480.0	
52	Spectrogram 1	1	AU-AWBS03-151203-061000.wav	749.774	750.000	0.226	60.9	1799.1	1738.2	768.0	
53	Spectrogram 1	1	AU-AWBS03-151203-061000.wav	751.263	751.444	0.180	73.1	1814.3	1741.2	768.0	
54	Spectrogram 1	1	AU-AWBS03-151203-061000.wav	752.887	753.113	0.226	73.1	1960.4	1887.4	768.0	
55	Spectrogram 1	1	AU-AWBS03-151203-061000.wav	756.068	756.293	0.226	41.1	1060.9	1019.8	96.0	
56	Spectrogram 1	1	AU-AWBS03-151203-061000.wav	759.338	759.564	0.226	73.1	517.5	444.4	80.0	end main phrase
57	Spectrogram 1	1	AU-AWBS03-151203-061000.wav	765.519	765.699	0.180	112.6	1984.8	1872.1	336.0	
58	Spectrogram 1	1	AU-AWBS03-151203-061000.wav	767.098	767.323	0.226	74.1	1993.8	1919.8	320.0	
59	Spectrogram 1	1	AU-AWBS03-151203-061000.wav	768.722	768.902	0.180	64.8	1990.7	1925.9	416.0	
60	Spectrogram 1	1	AU-AWBS03-151203-061000.wav	770.256	770.481	0.226	55.6	1996.9	1941.4	880.0	
61	Spectrogram 1	1	AU-AWBS03-151203-061000.wav	773.188	773.414	0.226	98.8	1996.9	1898.1	336.0	
62	Spectrogram 1	1	AU-AWBS03-151203-061000.wav	776.481	776.707	0.226	83.3	1993.8	1910.5	816.0	
63	Spectrogram 1	1	AU-AWBS03-151203-061000.wav	783.338	783.519	0.180	135.8	1925.9	1790.1	864.0	
64	Spectrogram 1	1	AU-AWBS03-151203-061000.wav	785.008	785.188	0.180	83.3	1805.6	1722.2	528.0	
65	Spectrogram 1	1	AU-AWBS03-151203-061000.wav	786.541	786.722	0.180	77.2	1663.6	1586.4	928.0	
66	Spectrogram 1	1	AU-AWBS03-151203-061000.wav	788.165	788.346	0.180	92.6	1990.7	1898.1	864.0	
67	Spectrogram 1	1	AU-AWBS03-151203-061000.wav	791.098	791.323	0.226	117.3	1996.9	1879.6	768.0	
68	Spectrogram 1	1	AU-AWBS03-151203-061000.wav	794.707	794.977	0.271	52.5	1996.9	1944.4	384.0	end pattern
69	Spectrogram 1	1	AU-AWBS03-151203-062000.wav	1349.910	1350.180	0.271	43.2	1518.5	1475.3	96.0	start pattern
70	Spectrogram 1	1	AU-AWBS03-151203-062000.wav	1351.083	1351.353	0.271	49.4	771.6	722.2	112.0	
71	Spectrogram 1	1	AU-AWBS03-151203-062000.wav	1352.752	1352.977	0.226	98.8	592.6	493.8	128.0	
72	Spectrogram 1	1	AU-AWBS03-151203-062000.wav	1356.090	1356.271	0.180	43.2	1833.3	1790.1	112.0	
73	Spectrogram 1	1	AU-AWBS03-151203-062000.wav	1357.534	1357.714	0.180	58.6	688.3	629.6	224.0	
74	Spectrogram 1	1	AU-AWBS03-151203-062000.wav	1359.293	1359.519	0.226	43.2	981.5	938.3	112.0	
75	Spectrogram 1	1	AU-AWBS03-151203-062000.wav	1360.782	1360.962	0.180	71.0	543.2	472.2	192.0	
76	Spectrogram 1	1	AU-AWBS03-151203-062000.wav	1362.586	1362.812	0.226	55.6	1969.1	1913.6	176.0	
77	Spectrogram 1	1	AU-AWBS03-151203-062000.wav	1364.120	1364.301	0.180	71.0	1293.2	1222.2	176.0	
78	Spectrogram 1	1	AU-AWBS03-151203-062000.wav	1365.902	1366.128	0.226	38.6	1300.9	1262.3	416.0	
79	Spectrogram 1	1	AU-AWBS03-151203-062000.wav	1367.368	1367.594	0.226	58.6	876.5	817.9	160.0	
80	Spectrogram 1	1	AU-AWBS03-151203-062000.wav	1369.218	1369.444	0.226	58.6	1996.9	1938.3	416.0	
81	Spectrogram 1	1	AU-AWBS03-151203-062000.wav	1370.752	1370.977	0.226	74.1	876.5	802.5	144.0	
82	Spectrogram 1	1	AU-AWBS03-151203-062000.wav	1372.466	1372.692	0.226	67.9	1969.1	1901.2	816.0	
83	Spectrogram 1	1	AU-AWBS03-151203-062000.wav	1374.090	1374.316	0.226	92.6	1138.9	1046.3	176.0	
84	Spectrogram 1	1	AU-AWBS03-151203-062000.wav	1375.669	1375.850	0.180	80.2	1808.6	1728.4	96.0	
85	Spectrogram 1	1	AU-AWBS03-151203-062000.wav	1377.158	1377.383	0.226	83.3	1959.9	1876.5	1008.0	
86	Spectrogram 1	1	AU-AWBS03-151203-062000.wav	1378.827	1379.053	0.226	58.6	1993.8	1935.2	912.0	
87	Spectrogram 1	1	AU-AWBS03-151203-062000.wav	1381.962	1382.188	0.226	46.3	1095.7	1049.4	96.0	
88	Spectrogram 1	1	AU-AWBS03-151203-062000.wav	1385.323	1385.594	0.271	94.1	1086.4	992.3	96.0	end main phrase - can't see terminal phrases
89	Spectrogram 1	1	AU-AWBS03-151203-062000.wav	1621.624	1621.850	0.226	61.7	1642.0	1580.2	96.0	start pattern
90	Spectrogram 1	1	AU-AWBS03-151203-062000.wav	1622.932	1623.113	0.180	89.5	1330.2	1240.7	96.0	
91	Spectrogram 1	1	AU-AWBS03-151203-062000.wav	1624.534	1624.759	0.226	81.8	1530.9	1449.1	96.0	
92	Spectrogram 1	1	AU-AWBS03-151203-062000.wav	1627.805	1628.030	0.226	61.7	1487.7	1425.9	192.0	
93	Spectrogram 1	1	AU-AWBS03-151203-062000.wav	1629.474	1629.654	0.180	52.5	1197.5	1145.1	192.0	
94	Spectrogram 1	1	AU-AWBS03-151203-062000.wav	1631.098	1631.278	0.180	52.5	1966.0	1913.6	128.0	
95	Spectrogram 1	1	AU-AWBS03-151203-062000.wav	1632.632	1632.812	0.180	71.0	950.6	879.6	128.0	
96	Spectrogram 1	1	AU-AWBS03-151203-062000.wav	1634.391	1634.571	0.180	64.8	1250.0	1185.2	112.0	
97	Spectrogram 1	1	AU-AWBS03-151203-062000.wav	1635.925	1636.105	0.180	74.1	490.7	416.7	96.0	
98	Spectrogram 1	1	AU-AWBS03-151203-062000.wav	1637.594	1637.820	0.226	77.2	1564.8	1487.7	128.0	
99	Spectrogram 1	1	AU-AWBS03-151203-062000.wav	1639.173	1639.353	0.180	61.7	703.7	642.0	128.0	
100	Spectrogram 1	1	AU-AWBS03-151203-062000.wav	1640.932	1641.158	0.226	49.4	1453.7	1404.3	128.0	
101	Spectrogram 1	1	AU-AWBS03-151203-062000.wav	1642.421	1642.602	0.180	74.1	919.8	845.7	128.0	
102	Spectrogram 1	1	AU-AWBS03-151203-062000.wav	1644.271	1644.496	0.226	74.1	1691.4	1617.3	80.0	
103	Spectrogram 1	1	AU-AWBS03-151203-062000.wav	1645.759	1645.940	0.180	101.9	1321.0	1219.1	112.0	
104	Spectrogram 1	1	AU-AWBS03-151203-062000.wav	1647.451	1647.677	0.226	69.4	1628.1	1558.6	864.0	
105	Spectrogram 1	1	AU-AWBS03-151203-062000.wav	1649.030	1649.256	0.226	74.1	1679.0	1604.9	864.0	
106	Spectrogram 1	1	AU-AWBS03-151203-062000.wav	1650.632	1650.812	0.180	55.6	1280.9	1225.3	64.0	
107	Spectrogram 1	1	AU-AWBS03-151203-062000.wav	1652.256	1652.436	0.180	74.1	1228.4	1154.3	576.0	
108	Spectrogram 1	1	AU-AWBS03-151203-062000.wav	1655.323	1655.549	0.226	34.0	1966.0	1932.1	96.0	
109	Spectrogram 1	1	AU-AWBS03-151203-062000.wav	1658.707	1658.932	0.226	89.5	1484.6	1395.1	256.0	end main phrase
110	Spectrogram 1	1	AU-AWBS03-151203-062000.wav	1665.158	1665.338	0.180	74.1	1719.1	1645.1	80.0	
111	Spectrogram 1	1	AU-AWBS03-151203-062000.wav	1666.692	1666.872	0.180	83.3	1697.5	1614.2	272.0	
112	Spectrogram 1	1	AU-AWBS03-151203-062000.wav	1668.361	1668.541	0.180	58.6	1839.5	1780.9	768.0	
113	Spectrogram 1	1	AU-AWBS03-151203-062000.wav	1669.895	1670.120	0.226	92.6	1861.1	1768.5	304.0	
114	Spectrogram 1	1	AU-AWBS03-151203-062000.wav	1672.962	1673.188	0.226	108.0	1959.9	1851.9	176.0	
115	Spectrogram 1	1	AU-AWBS03-151203-062000.wav	1676.256	1676.481	0.226	12.3	1990.7	1978.4	16.0	
116	Spectrogram 1	1	AU-AWBS03-151203-062000.wav	1682.932	1683.113	0.180	138.9	1614.2	1475.3	160.0	
117	Spectrogram 1	1	AU-AWBS03-151203-062000.wav	1684.602	1684.782	0.180	138.9	1904.3	1765.4	336.0	
118	Spectrogram 1	1	AU-AWBS03-151203-062000.wav	1686.226	1686.406	0.180	126.5	1969.1	1842.6	864.0	
119	Spectrogram 1	1	AU-AWBS03-151203-062000.wav	1687.759	1687.940	0.180	111.1	1993.8	1882.7	1072.0	
120	Spectrogram 1	1	AU-AWBS03-151203-062000.wav	1690.737	1690.962	0.226	104.9	1987.7	1882.7	112.0	
121	Spectrogram 1	1	AU-AWBS03-151203-062000.wav	1694.481	1694.752	0.271	40.1	1993.8	1953.7	864.0	
122	Spectrogram 1	1	AU-AWBS03-151203-062000.wav	1702.331	1702.511	0.180	123.5	1608.0	1484.6	416.0	
123	Spectrogram 1	1	AU-AWBS03-151203-062000.wav	1704.000	1704.135	0.135	111.1	1706.8	1595.7	320.0	
124	Spectrogram 1	1	AU-AWBS03-151203-062000.wav	1705.669	1705.805	0.135	104.9	1814.8	1709.9	464.0	
125	Spectrogram 1	1	AU-AWBS03-151203-062000.wav	1707.293	1707.474	0.180	111.1	1796.3	1685.2	112.0	
126	Spectrogram 1	1	AU-AWBS03-151203-062000.wav	1710.271	1710.451	0.180	49.4	1996.9	1947.5	256.0	
127	Spectrogram 1	1	AU-AWBS03-151203-062000.wav	1713.970	1714.150	0.180	74.1	1966.0	1892.0	304.0	
128	Spectrogram 1	1	AU-AWBS03-151203-062000.wav	1723.308	1723.489	0.180	61.7	1719.1	1657.4	336.0	
129	Spectrogram 1	1	AU-AWBS03-151203-062000.wav	1724.932	1725.113	0.180	98.8	1746.9	1648.1	928.0	
130	Spectrogram 1	1	AU-AWBS03-151203-062000.wav	1726.511	1726.782	0.271	86.4	1990.7	1904.3	864.0	
131	Spectrogram 1	1	AU-AWBS03-151203-062000.wav	1729.669	1729.940	0.271	97.2	1995.4	1898.1	816.0	end pattern
132	Spectrogram 1	1	AU-AWBS03-151203-063000.wav	1845.835	1846.105	0.271	52.5	1608.0	1555.6	160.0	start pattern
133	Spectrogram 1	1	AU-AWBS03-151203-063000.wav	1847.188	1847.414	0.226	83.3	746.9	663.6	128.0	
134	Spectrogram 1	1	AU-AWBS03-151203-063000.wav	1848.767	1849.038	0.271	108.0	645.1	537.0	112.0	
135	Spectrogram 1	1	AU-AWBS03-151203-063000.wav	1851.925	1852.195	0.271	34.0	1864.2	1830.2	128.0	
136	Spectrogram 1	1	AU-AWBS03-151203-063000.wav	1853.549	1853.729	0.180	49.4	950.6	901.2	80.0	
137	Spectrogram 1	1	AU-AWBS03-151203-063000.wav	1855.173	1855.398	0.226	49.4	1558.6	1509.3	112.0	
138	Spectrogram 1	1	AU-AWBS03-151203-063000.wav	1856.617	1856.797	0.180	80.2	1209.9	1129.6	112.0	
139	Spectrogram 1	1	AU-AWBS03-151203-063000.wav	1858.421	1858.647	0.226	86.4	1679.0	1592.6	352.0	
140	Spectrogram 1	1	AU-AWBS03-151203-063000.wav	1859.865	1860.045	0.180	49.4	1392.0	1342.6	64.0	
141	Spectrogram 1	1	AU-AWBS03-151203-063000.wav	1861.624	1861.850	0.226	37.0	1990.7	1953.7	448.0	
142	Spectrogram 1	1	AU-AWBS03-151203-063000.wav	1863.158	1863.338	0.180	58.6	1422.8	1364.2	144.0	
143	Spectrogram 1	1	AU-AWBS03-151203-063000.wav	1864.962	1865.188	0.226	61.7	1996.9	1935.2	384.0	
144	Spectrogram 1	1	AU-AWBS03-151203-063000.wav	1866.451	1866.632	0.180	86.4	1713.0	1626.5	144.0	
145	Spectrogram 1	1	AU-AWBS03-151203-063000.wav	1868.211	1868.391	0.180	98.8	1996.9	1898.1	128.0	
146	Spectrogram 1	1	AU-AWBS03-151203-063000.wav	1869.699	1869.880	0.180	104.9	1154.3	1049.4	128.0	
147	Spectrogram 1	1	AU-AWBS03-151203-063000.wav	1871.459	1871.684	0.226	58.6	1941.4	1882.7	160.0	
148	Spectrogram 1	1	AU-AWBS03-151203-063000.wav	1872.992	1873.173	0.180	64.8	1975.3	1910.5	864.0	
149	Spectrogram 1	1	AU-AWBS03-151203-063000.wav	1874.571	1874.797	0.226	55.6	1996.9	1941.4	864.0	
150	Spectrogram 1	1	AU-AWBS03-151203-063000.wav	1876.195	1876.421	0.226	89.5	1990.7	1901.2	768.0	
151	Spectrogram 1	1	AU-AWBS03-151203-063000.wav	1879.218	1879.398	0.180	71.0	1750.0	1679.0	144.0	
152	Spectrogram 1	1	AU-AWBS03-151203-063000.wav	1882.602	1882.782	0.180	71.0	1709.9	1638.9	320.0	end main phrase
153	Spectrogram 1	1	AU-AWBS03-151203-063000.wav	1887.023	1887.248	0.226	120.4	1240.7	1120.4	144.0	
154	Spectrogram 1	1	AU-AWBS03-151203-063000.wav	1888.647	1888.827	0.180	95.7	1996.9	1901.2	240.0	
155	Spectrogram 1	1	AU-AWBS03-151203-063000.wav	1890.226	1890.406	0.180	104.9	1996.9	1892.0	112.0	
156	Spectrogram 1	1	AU-AWBS03-151203-063000.wav	1891.805	1891.985	0.180	86.4	1996.9	1910.5	864.0	
157	Spectrogram 1	1	AU-AWBS03-151203-063000.wav	1893.338	1893.519	0.180	55.6	1993.8	1938.3	256.0	
158	Spectrogram 1	1	AU-AWBS03-151203-063000.wav	1896.451	1896.632	0.180	40.1	1996.9	1956.8	864.0	
159	Spectrogram 1	1	AU-AWBS03-151203-063000.wav	1899.744	1899.970	0.226	92.6	1913.6	1821.0	96.0	
160	Spectrogram 1	1	AU-AWBS03-151203-063000.wav	1907.323	1907.504	0.180	86.4	1595.7	1509.3	816.0	
161	Spectrogram 1	1	AU-AWBS03-151203-063000.wav	1908.902	1909.083	0.180	52.5	1990.7	1938.3	512.0	
162	Spectrogram 1	1	AU-AWBS03-151203-063000.wav	1910.526	1910.707	0.180	61.7	1821.0	1759.3	64.0	
163	Spectrogram 1	1	AU-AWBS03-151203-063000.wav	1912.060	1912.241	0.180	77.2	1996.9	1919.8	464.0	
164	Spectrogram 1	1	AU-AWBS03-151203-063000.wav	1915.128	1915.353	0.226	55.6	1996.9	1941.4	256.0	
165	Spectrogram 1	1	AU-AWBS03-151203-063000.wav	1918.692	1918.962	0.271	46.3	1996.9	1950.6	816.0	
166	Spectrogram 1	1	AU-AWBS03-151203-063000.wav	1928.075	1928.301	0.226	61.7	1790.1	1728.4	64.0	
167	Spectrogram 1	1	AU-AWBS03-151203-063000.wav	1929.744	1929.925	0.180	83.3	1691.4	1608.0	512.0	
168	Spectrogram 1	1	AU-AWBS03-151203-063000.wav	1931.323	1931.549	0.226	58.6	1984.6	1925.9	288.0	
169	Spectrogram 1	1	AU-AWBS03-151203-063000.wav	1934.481	1934.707	0.226	101.9	1996.9	1895.1	288.0	
170	Spectrogram 1	1	AU-AWBS03-151203-063000.wav	1938.000	1938.226	0.226	104.9	1987.7	1882.7	816.0	
171	Spectrogram 1	1	AU-AWBS03-151203-063000.wav	1946.120	1946.301	0.180	89.5	1876.5	1787.0	512.0	
172	Spectrogram 1	1	AU-AWBS03-151203-063000.wav	1947.789	1947.925	0.135	98.8	1774.7	1675.9	928.0	
173	Spectrogram 1	1	AU-AWBS03-151203-063000.wav	1949.549	1949.729	0.180	64.8	1898.1	1833.3	496.0	
174	Spectrogram 1	1	AU-AWBS03-151203-063000.wav	1951.128	1951.353	0.226	58.6	1996.9	1938.3	320.0	
175	Spectrogram 1	1	AU-AWBS03-151203-063000.wav	1954.286	1954.511	0.226	71.0	1996.9	1925.9	816.0	
176	Spectrogram 1	1	AU-AWBS03-151203-063000.wav	1957.759	1957.940	0.180	34.0	1993.8	1959.9	1200.0	
177	Spectrogram 1	1	AU-AWBS03-151203-063000.wav	1966.105	1966.286	0.180	64.8	1213.0	1148.1	336.0	
178	Spectrogram 1	1	AU-AWBS03-151203-063000.wav	1967.774	1967.955	0.180	55.6	1888.9	1833.3	96.0	
179	Spectrogram 1	1	AU-AWBS03-151203-063000.wav	1969.398	1969.579	0.180	104.9	1879.6	1774.7	432.0	
180	Spectrogram 1	1	AU-AWBS03-151203-063000.wav	1970.977	1971.158	0.180	80.2	1993.8	1913.6	928.0	
181	Spectrogram 1	1	AU-AWBS03-151203-063000.wav	1974.180	1974.451	0.271	52.5	1993.8	1941.4	880.0	
182	Spectrogram 1	1	AU-AWBS03-151203-063000.wav	1977.654	1977.880	0.226	74.1	1993.8	1919.8	816.0	
183	Spectrogram 1	1	AU-AWBS03-151203-063000.wav	1984.872	1985.053	0.180	111.1	1888.9	1777.8	112.0	
184	Spectrogram 1	1	AU-AWBS03-151203-063000.wav	1986.632	1986.812	0.180	55.6	1438.3	1382.7	816.0	
185	Spectrogram 1	1	AU-AWBS03-151203-063000.wav	1988.256	1988.436	0.180	95.7	1947.5	1851.9	288.0	
186	Spectrogram 1	1	AU-AWBS03-151203-063000.wav	1989.925	1990.150	0.226	80.2	1993.8	1913.6	288.0	
187	Spectrogram 1	1	AU-AWBS03-151203-063000.wav	1993.218	1993.489	0.271	52.5	1993.8	1941.4	416.0	
188	Spectrogram 1	1	AU-AWBS03-151203-063000.wav	1996.917	1997.188	0.271	86.4	1996.9	1910.5	1200.0	end pattern
189	Spectrogram 1	1	AU-AWBS03-151203-064000.wav	2631.970	2632.195	0.226	18.5	1555.6	1537.0	96.0	start pattern
190	Spectrogram 1	1	AU-AWBS03-151203-064000.wav	2633.188	2633.414	0.226	43.2	1574.1	1530.9	112.0	
191	Spectrogram 1	1	AU-AWBS03-151203-064000.wav	2634.857	2635.128	0.271	52.5	1234.6	1182.1	160.0	
192	Spectrogram 1	1	AU-AWBS03-151203-064000.wav	2638.105	2638.331	0.226	52.5	1361.1	1308.6	64.0	
193	Spectrogram 1	1	AU-AWBS03-151203-064000.wav	2639.549	2639.774	0.226	55.6	1030.9	975.3	64.0	
194	Spectrogram 1	1	AU-AWBS03-151203-064000.wav	2641.308	2641.489	0.180	46.3	1027.8	981.5	80.0	
195	Spectrogram 1	1	AU-AWBS03-151203-064000.wav	2642.752	2642.977	0.226	43.2	1024.7	981.5	48.0	
196	Spectrogram 1	1	AU-AWBS03-151203-064000.wav	2644.556	2644.872	0.316	34.0	1027.8	993.8	96.0	
197	Spectrogram 1	1	AU-AWBS03-151203-064000.wav	2646.045	2646.361	0.316	74.1	1098.8	1024.7	80.0	
198	Spectrogram 1	1	AU-AWBS03-151203-064000.wav	2647.805	2648.120	0.316	74.1	990.7	916.7	96.0	
199	Spectrogram 1	1	AU-AWBS03-151203-064000.wav	2649.383	2649.609	0.226	89.5	1043.2	953.7	96.0	
200	Spectrogram 1	1	AU-AWBS03-151203-064000.wav	2651.143	2651.368	0.226	49.4	1191.4	1142.0	224.0	
201	Spectrogram 1	1	AU-AWBS03-151203-064000.wav	2652.722	2652.947	0.226	52.5	848.8	796.3	240.0	
202	Spectrogram 1	1	AU-AWBS03-151203-064000.wav	2654.481	2654.707	0.226	49.4	1169.8	1120.4	64.0	
203	Spectrogram 1	1	AU-AWBS03-151203-064000.wav	2656.105	2656.331	0.226	58.6	1182.1	1123.5	64.0	
204	Spectrogram 1	1	AU-AWBS03-151203-064000.wav	2657.684	2657.955	0.271	55.6	1234.6	1179.0	64.0	
205	Spectrogram 1	1	AU-AWBS03-151203-064000.wav	2659.218	2659.444	0.226	46.3	1314.8	1268.5	112.0	
206	Spectrogram 1	1	AU-AWBS03-151203-064000.wav	2660.910	2661.135	0.226	52.5	1213.0	1160.5	336.0	
207	Spectrogram 1	1	AU-AWBS03-151203-064000.wav	2663.865	2664.135	0.271	40.1	1737.7	1697.5	128.0	
208	Spectrogram 1	1	AU-AWBS03-151203-064000.wav	2667.338	2667.564	0.226	58.6	1549.4	1490.7	64.0	end main phrase
209	Spectrogram 1	1	AU-AWBS03-151203-064000.wav	2674.421	2674.647	0.226	71.0	1330.2	1259.3	128.0	
210	Spectrogram 1	1	AU-AWBS03-151203-064000.wav	2676.090	2676.316	0.226	83.3	932.1	848.8	96.0	
211	Spectrogram 1	1	AU-AWBS03-151203-064000.wav	2677.714	2677.940	0.226	64.8	1277.8	1213.0	80.0	
212	Spectrogram 1	1	AU-AWBS03-151203-064000.wav	2679.383	2679.654	0.271	55.6	1262.3	1206.8	768.0	
213	Spectrogram 1	1	AU-AWBS03-151203-064000.wav	2682.677	2682.947	0.271	64.8	1441.4	1376.5	176.0	
214	Spectrogram 1	1	AU-AWBS03-151203-064000.wav	2686.241	2686.556	0.316	49.4	1311.7	1262.3	240.0	
215	Spectrogram 1	1	AU-AWBS03-151203-064000.wav	2693.662	2693.887	0.226	111.1	913.6	802.5	128.0	
216	Spectrogram 1	1	AU-AWBS03-151203-064000.wav	2695.263	2695.489	0.226	71.0	944.4	873.5	80.0	
217	Spectrogram 1	1	AU-AWBS03-151203-064000.wav	2696.932	2697.113	0.180	120.4	1413.6	1293.2	336.0	
218	Spectrogram 1	1	AU-AWBS03-151203-064000.wav	2698.556	2698.827	0.271	77.2	1969.1	1892.0	80.0	
219	Spectrogram 1	1	AU-AWBS03-151203-064000.wav	2701.805	2702.075	0.271	37.0	1993.8	1956.8	304.0	
220	Spectrogram 1	1	AU-AWBS03-151203-064000.wav	2705.459	2705.684	0.226	67.9	1990.7	1922.8	256.0	
221	Spectrogram 1	1	AU-AWBS03-151203-064000.wav	2713.624	2713.805	0.180	100.3	1517.0	1416.7	112.0	
222	Spectrogram 1	1	AU-AWBS03-151203-064000.wav	2715.429	2715.654	0.226	80.2	1787.0	1706.8	928.0	
223	Spectrogram 1	1	AU-AWBS03-151203-064000.wav	2717.053	2717.323	0.271	80.2	1956.8	1876.5	544.0	
224	Spectrogram 1	1	AU-AWBS03-151203-064000.wav	2718.677	2718.902	0.226	114.2	1996.9	1882.7	864.0	
225	Spectrogram 1	1	AU-AWBS03-151203-064000.wav	2721.880	2722.105	0.226	101.9	1706.8	1604.9	496.0	
226	Spectrogram 1	1	AU-AWBS03-151203-064000.wav	2725.489	2725.759	0.271	83.3	1987.7	1904.3	928.0	
227	Spectrogram 1	1	AU-AWBS03-151203-064000.wav	2733.383	2733.609	0.226	108.0	1774.7	1666.7	608.0	
228	Spectrogram 1	1	AU-AWBS03-151203-064000.wav	2735.098	2735.323	0.226	111.1	1722.2	1611.1	544.0	
229	Spectrogram 1	1	AU-AWBS03-151203-064000.wav	2736.767	2736.992	0.226	98.8	1864.2	1765.4	912.0	
230	Spectrogram 1	1	AU-AWBS03-151203-064000.wav	2738.391	2738.662	0.271	74.1	1993.8	1919.8	928.0	
231	Spectrogram 1	1	AU-AWBS03-151203-064000.wav	2741.639	2741.910	0.271	64.8	1996.9	1932.1	256.0	end pattern
232	Spectrogram 1	1	AU-AWBS03-151203-064000.wav	2834.211	2834.481	0.271	49.4	1466.0	1416.7	128.0	start pattenr
233	Spectrogram 1	1	AU-AWBS03-151203-064000.wav	2835.654	2835.880	0.226	108.0	1385.8	1277.8	112.0	
234	Spectrogram 1	1	AU-AWBS03-151203-064000.wav	2837.098	2837.368	0.271	83.3	1370.4	1287.0	112.0	
235	Spectrogram 1	1	AU-AWBS03-151203-064000.wav	2840.436	2840.662	0.226	61.7	1456.8	1395.1	256.0	
236	Spectrogram 1	1	AU-AWBS03-151203-064000.wav	2841.925	2842.105	0.180	92.6	1237.7	1145.1	112.0	
237	Spectrogram 1	1	AU-AWBS03-151203-064000.wav	2843.639	2843.910	0.271	64.8	1200.6	1135.8	80.0	
238	Spectrogram 1	1	AU-AWBS03-151203-064000.wav	2845.038	2845.263	0.226	67.9	1540.1	1472.2	80.0	
239	Spectrogram 1	1	AU-AWBS03-151203-064000.wav	2846.932	2847.203	0.271	40.1	1546.3	1506.2	336.0	
240	Spectrogram 1	1	AU-AWBS03-151203-064000.wav	2848.556	2848.782	0.226	64.8	1317.9	1253.1	304.0	
241	Spectrogram 1	1	AU-AWBS03-151203-064000.wav	2850.180	2850.406	0.226	61.7	1317.9	1256.2	112.0	
242	Spectrogram 1	1	AU-AWBS03-151203-064000.wav	2851.624	2851.850	0.226	101.9	1447.5	1345.7	112.0	
243	Spectrogram 1	1	AU-AWBS03-151203-064000.wav	2853.474	2853.744	0.271	71.0	1780.9	1709.9	176.0	
244	Spectrogram 1	1	AU-AWBS03-151203-064000.wav	2854.917	2855.143	0.226	64.8	879.6	814.8	128.0	
245	Spectrogram 1	1	AU-AWBS03-151203-064000.wav	2856.744	2856.970	0.226	64.8	1601.9	1537.0	160.0	
246	Spectrogram 1	1	AU-AWBS03-151203-064000.wav	2858.256	2858.481	0.226	71.0	1574.1	1503.1	272.0	
247	Spectrogram 1	1	AU-AWBS03-151203-064000.wav	2859.880	2860.105	0.226	92.6	1777.8	1685.2	96.0	
248	Spectrogram 1	1	AU-AWBS03-151203-064000.wav	2861.414	2861.594	0.180	104.9	1959.9	1854.9	112.0	
249	Spectrogram 1	1	AU-AWBS03-151203-064000.wav	2862.992	2863.218	0.226	77.2	1691.4	1614.2	864.0	
250	Spectrogram 1	1	AU-AWBS03-151203-064000.wav	2866.105	2866.376	0.271	27.8	1657.4	1629.6	96.0	
251	Spectrogram 1	1	AU-AWBS03-151203-064000.wav	2869.534	2869.759	0.226	67.9	1660.5	1592.6	80.0	end main phrase
252	Spectrogram 1	1	AU-AWBS03-151203-064000.wav	2876.120	2876.301	0.180	129.6	1833.3	1703.7	368.0	
253	Spectrogram 1	1	AU-AWBS03-151203-064000.wav	2877.699	2877.925	0.226	80.2	1975.3	1895.1	496.0	
254	Spectrogram 1	1	AU-AWBS03-151203-064000.wav	2879.368	2879.549	0.180	83.3	1984.6	1901.2	96.0	
255	Spectrogram 1	1	AU-AWBS03-151203-064000.wav	2880.947	2881.128	0.180	61.7	1993.8	1932.1	64.0	
256	Spectrogram 1	1	AU-AWBS03-151203-064000.wav	2884.150	2884.421	0.271	43.2	1987.7	1944.4	96.0	
257	Spectrogram 1	1	AU-AWBS03-151203-064000.wav	2887.624	2887.805	0.180	83.3	1993.8	1910.5	416.0	
258	Spectrogram 1	1	AU-AWBS03-151203-064000.wav	2896.827	2897.053	0.226	138.9	1873.5	1734.6	144.0	
259	Spectrogram 1	1	AU-AWBS03-151203-064000.wav	2898.406	2898.632	0.226	123.5	1947.5	1824.1	768.0	
260	Spectrogram 1	1	AU-AWBS03-151203-064000.wav	2900.053	2900.278	0.226	100.3	1992.3	1892.0	256.0	
261	Spectrogram 1	1	AU-AWBS03-151203-064000.wav	2903.188	2903.459	0.271	55.6	1990.7	1935.2	432.0	
262	Spectrogram 1	1	AU-AWBS03-151203-064000.wav	2906.932	2907.203	0.271	46.3	1963.0	1916.7	384.0	
263	Spectrogram 1	1	AU-AWBS03-151203-064000.wav	2915.098	2915.278	0.180	86.4	1700.6	1614.2	320.0	
264	Spectrogram 1	1	AU-AWBS03-151203-064000.wav	2916.857	2917.038	0.180	86.4	1799.4	1713.0	368.0	
265	Spectrogram 1	1	AU-AWBS03-151203-064000.wav	2918.436	2918.662	0.226	71.0	1771.6	1700.6	288.0	
266	Spectrogram 1	1	AU-AWBS03-151203-064000.wav	2920.105	2920.286	0.180	50.9	1992.3	1941.4	1200.0	
267	Spectrogram 1	1	AU-AWBS03-151203-064000.wav	2923.353	2923.624	0.271	61.7	1990.7	1929.0	64.0	
268	Spectrogram 1	1	AU-AWBS03-151203-064000.wav	2926.962	2927.233	0.271	37.0	1975.3	1938.3	944.0	
269	Spectrogram 1	1	AU-AWBS03-151203-064000.wav	2935.737	2935.962	0.226	126.5	1910.5	1784.0	128.0	
270	Spectrogram 1	1	AU-AWBS03-151203-064000.wav	2937.383	2937.609	0.226	77.2	1987.7	1910.5	512.0	
271	Spectrogram 1	1	AU-AWBS03-151203-064000.wav	2939.053	2939.278	0.226	46.3	1916.7	1870.4	48.0	
272	Spectrogram 1	1	AU-AWBS03-151203-064000.wav	2940.677	2940.902	0.226	92.6	1993.8	1901.2	96.0	
273	Spectrogram 1	1	AU-AWBS03-151203-064000.wav	2944.060	2944.286	0.226	74.1	1996.9	1922.8	240.0	
274	Spectrogram 1	1	AU-AWBS03-151203-064000.wav	2947.940	2948.165	0.226	52.5	1966.0	1913.6	96.0	
275	Spectrogram 1	1	AU-AWBS03-151203-064000.wav	2955.880	2956.105	0.226	74.1	1827.2	1753.1	160.0	
276	Spectrogram 1	1	AU-AWBS03-151203-064000.wav	2957.639	2957.820	0.180	77.2	1993.8	1916.7	768.0	
277	Spectrogram 1	1	AU-AWBS03-151203-064000.wav	2959.353	2959.579	0.226	74.1	1993.8	1919.8	464.0	
278	Spectrogram 1	1	AU-AWBS03-151203-064000.wav	2960.932	2961.158	0.226	86.4	1996.9	1910.5	768.0	
279	Spectrogram 1	1	AU-AWBS03-151203-064000.wav	2964.271	2964.496	0.226	80.2	1996.9	1916.7	272.0	end pattern
