Selection	View	Channel	Begin File	Begin Time (s)	End Time (s)	Delta Time (s)	Low Freq (Hz)	High Freq (Hz)	Delta Freq (Hz)	Peak Freq (Hz)	Notes
1	Spectrogram 1	1	AU-AWBS03-151025-070000.wav	552.303	552.574	0.272	55.4	1657.1	1601.7	160.0	start pattern B
2	Spectrogram 1	1	AU-AWBS03-151025-070000.wav	553.661	553.816	0.155	41.5	1847.4	1805.9	48.0	
3	Spectrogram 1	1	AU-AWBS03-151025-070000.wav	555.272	555.466	0.194	36.3	1726.3	1690.0	192.0	
4	Spectrogram 1	1	AU-AWBS03-151025-070000.wav	558.473	558.668	0.194	45.0	1878.5	1833.5	160.0	
5	Spectrogram 1	1	AU-AWBS03-151025-070000.wav	559.948	560.103	0.155	58.8	1705.5	1646.7	160.0	
6	Spectrogram 1	1	AU-AWBS03-151025-070000.wav	561.617	561.811	0.194	45.0	1788.5	1743.5	96.0	
7	Spectrogram 1	1	AU-AWBS03-151025-070000.wav	563.072	563.266	0.194	39.8	1760.9	1721.1	48.0	
8	Spectrogram 1	1	AU-AWBS03-151025-070000.wav	564.858	565.052	0.194	38.1	1587.9	1549.8	144.0	
9	Spectrogram 1	1	AU-AWBS03-151025-070000.wav	566.352	566.546	0.194	48.4	1539.5	1491.1	160.0	
10	Spectrogram 1	1	AU-AWBS03-151025-070000.wav	568.059	568.292	0.233	38.1	1629.4	1591.3	96.0	
11	Spectrogram 1	1	AU-AWBS03-151025-070000.wav	569.573	569.767	0.194	34.6	1428.8	1394.2	48.0	
12	Spectrogram 1	1	AU-AWBS03-151025-070000.wav	571.320	571.514	0.194	58.8	1587.9	1529.1	64.0	
13	Spectrogram 1	1	AU-AWBS03-151025-070000.wav	572.872	573.047	0.175	48.4	1615.6	1567.2	112.0	
14	Spectrogram 1	1	AU-AWBS03-151025-070000.wav	574.502	574.696	0.194	34.6	1691.7	1657.1	112.0	
15	Spectrogram 1	1	AU-AWBS03-151025-070000.wav	576.093	576.287	0.194	41.5	1695.1	1653.6	112.0	
16	Spectrogram 1	1	AU-AWBS03-151025-070000.wav	577.607	577.801	0.194	27.7	1778.2	1750.5	64.0	
17	Spectrogram 1	1	AU-AWBS03-151025-070000.wav	579.159	579.353	0.194	34.6	1778.2	1743.6	48.0	
18	Spectrogram 1	1	AU-AWBS03-151025-070000.wav	582.070	582.264	0.194	38.1	1843.9	1805.8	80.0	
19	Spectrogram 1	1	AU-AWBS03-151025-070000.wav	585.330	585.563	0.233	38.1	1843.9	1805.8	48.0	end main phrase
20	Spectrogram 1	1	AU-AWBS03-151025-070000.wav	591.307	591.501	0.194	58.8	1785.1	1726.3	64.0	
21	Spectrogram 1	1	AU-AWBS03-151025-070000.wav	593.053	593.286	0.233	39.8	1788.5	1748.7	160.0	
22	Spectrogram 1	1	AU-AWBS03-151025-070000.wav	594.489	594.683	0.194	31.1	1816.2	1785.1	368.0	
23	Spectrogram 1	1	AU-AWBS03-151025-070000.wav	595.944	596.138	0.194	41.5	1805.8	1764.3	240.0	
24	Spectrogram 1	1	AU-AWBS03-151025-070000.wav	599.123	599.317	0.194	69.2	1902.7	1833.5	192.0	
25	Spectrogram 1	1	AU-AWBS03-151025-071000.wav	602.499	602.693	0.194	38.1	1778.2	1740.1	352.0	
26	Spectrogram 1	1	AU-AWBS03-151025-071000.wav	612.784	612.978	0.194	72.6	1833.5	1760.9	176.0	
27	Spectrogram 1	1	AU-AWBS03-151025-071000.wav	614.395	614.589	0.194	69.2	1916.5	1847.3	80.0	
28	Spectrogram 1	1	AU-AWBS03-151025-071000.wav	617.499	617.693	0.194	55.4	1958.1	1902.7	112.0	
29	Spectrogram 1	1	AU-AWBS03-151025-071000.wav	620.818	621.012	0.194	41.5	1947.7	1906.2	304.0	
30	Spectrogram 1	1	AU-AWBS03-151025-071000.wav	632.422	632.577	0.155	45.0	1785.1	1740.1	48.0	
31	Spectrogram 1	1	AU-AWBS03-151025-071000.wav	633.955	634.149	0.194	34.6	2027.2	1992.6	368.0	
32	Spectrogram 1	1	AU-AWBS03-151025-071000.wav	637.234	637.428	0.194	51.9	1899.2	1847.3	240.0	
33	Spectrogram 1	1	AU-AWBS03-151025-071000.wav	640.688	640.921	0.233	55.4	1996.1	1940.7	240.0	end pattern
34	Spectrogram 1	1	AU-AWBS03-151025-072000.wav	1704.310	1704.504	0.194	65.7	1653.6	1587.9	208.0	start pattern
35	Spectrogram 1	1	AU-AWBS03-151025-072000.wav	1705.669	1705.824	0.155	72.6	1366.5	1293.9	80.0	
36	Spectrogram 1	1	AU-AWBS03-151025-072000.wav	1707.299	1707.493	0.194	58.8	1944.2	1885.4	160.0	
37	Spectrogram 1	1	AU-AWBS03-151025-072000.wav	1710.520	1710.753	0.233	31.1	1809.3	1778.2	208.0	
38	Spectrogram 1	1	AU-AWBS03-151025-072000.wav	1711.995	1712.150	0.155	34.6	1650.2	1615.6	208.0	
39	Spectrogram 1	1	AU-AWBS03-151025-072000.wav	1713.761	1713.955	0.194	41.5	1958.1	1916.6	48.0	
40	Spectrogram 1	1	AU-AWBS03-151025-072000.wav	1715.294	1715.449	0.155	76.1	1795.5	1719.4	144.0	
41	Spectrogram 1	1	AU-AWBS03-151025-072000.wav	1717.098	1717.292	0.194	43.2	2004.8	1961.6	208.0	
42	Spectrogram 1	1	AU-AWBS03-151025-072000.wav	1718.554	1718.748	0.194	34.6	1923.5	1888.9	96.0	
43	Spectrogram 1	1	AU-AWBS03-151025-072000.wav	1720.261	1720.455	0.194	38.1	1940.8	1902.7	96.0	
44	Spectrogram 1	1	AU-AWBS03-151025-072000.wav	1721.775	1721.930	0.155	36.3	1792.0	1755.7	112.0	
45	Spectrogram 1	1	AU-AWBS03-151025-072000.wav	1723.521	1723.754	0.233	34.6	1913.1	1878.5	112.0	
46	Spectrogram 1	1	AU-AWBS03-151025-072000.wav	1725.035	1725.268	0.233	31.1	1428.8	1397.7	112.0	
47	Spectrogram 1	1	AU-AWBS03-151025-072000.wav	1726.781	1726.937	0.155	41.5	1778.2	1736.7	240.0	
48	Spectrogram 1	1	AU-AWBS03-151025-072000.wav	1728.411	1728.605	0.194	45.0	1539.5	1494.5	96.0	
49	Spectrogram 1	1	AU-AWBS03-151025-072000.wav	1729.925	1730.119	0.194	41.5	1670.9	1629.4	48.0	
50	Spectrogram 1	1	AU-AWBS03-151025-072000.wav	1731.438	1731.671	0.233	41.5	1560.2	1518.7	48.0	
51	Spectrogram 1	1	AU-AWBS03-151025-072000.wav	1734.442	1734.675	0.233	27.7	1753.9	1726.2	96.0	
52	Spectrogram 1	1	AU-AWBS03-151025-072000.wav	1737.780	1737.974	0.194	31.1	1439.1	1408.0	32.0	end main phrase
53	Spectrogram 1	1	AU-AWBS03-151025-072000.wav	1744.418	1744.599	0.180	89.6	945.9	856.3	320.0	
54	Spectrogram 1	1	AU-AWBS03-151025-072000.wav	1745.817	1745.997	0.180	83.5	942.8	859.4	320.0	
55	Spectrogram 1	1	AU-AWBS03-151025-072000.wav	1747.464	1747.689	0.226	83.5	933.5	850.1	96.0	
56	Spectrogram 1	1	AU-AWBS03-151025-072000.wav	1748.975	1749.200	0.226	80.4	908.8	828.4	256.0	
57	Spectrogram 1	1	AU-AWBS03-151025-072000.wav	1752.088	1752.313	0.226	58.7	865.5	806.8	208.0	
58	Spectrogram 1	1	AU-AWBS03-151025-072000.wav	1755.561	1755.787	0.226	92.7	828.4	735.7	304.0	
59	Spectrogram 1	1	AU-AWBS03-151025-072000.wav	1762.080	1762.306	0.226	75.7	915.0	839.3	80.0	
60	Spectrogram 1	1	AU-AWBS03-151025-072000.wav	1763.727	1763.952	0.226	98.9	1044.8	945.9	192.0	
61	Spectrogram 1	1	AU-AWBS03-151025-072000.wav	1767.065	1767.336	0.271	71.1	1962.9	1891.8	336.0	
62	Spectrogram 1	1	AU-AWBS03-151025-072000.wav	1770.358	1770.629	0.271	43.3	1947.4	1904.2	320.0	end pattern
63	Spectrogram 1	1	AU-AWBS03-151025-074000.wav	2718.471	2718.764	0.293	43.3	711.0	667.7	224.0	start pattern
64	Spectrogram 1	1	AU-AWBS03-151025-074000.wav	2719.847	2720.073	0.226	58.7	766.6	707.9	208.0	
65	Spectrogram 1	1	AU-AWBS03-151025-074000.wav	2721.381	2721.606	0.226	64.9	717.2	652.2	176.0	
66	Spectrogram 1	1	AU-AWBS03-151025-074000.wav	2724.674	2724.945	0.271	40.2	500.8	460.6	192.0	
67	Spectrogram 1	1	AU-AWBS03-151025-074000.wav	2726.095	2726.321	0.226	57.2	568.8	511.6	112.0	
68	Spectrogram 1	1	AU-AWBS03-151025-074000.wav	2727.832	2728.103	0.271	40.2	547.1	507.0	192.0	
69	Spectrogram 1	1	AU-AWBS03-151025-074000.wav	2729.343	2729.637	0.293	71.1	593.5	522.4	192.0	
70	Spectrogram 1	1	AU-AWBS03-151025-074000.wav	2731.035	2731.306	0.271	38.6	771.3	732.6	192.0	
71	Spectrogram 1	1	AU-AWBS03-151025-074000.wav	2732.524	2732.749	0.226	30.9	714.1	683.2	192.0	
72	Spectrogram 1	1	AU-AWBS03-151025-074000.wav	2734.283	2734.554	0.271	51.0	806.8	755.8	96.0	
73	Spectrogram 1	1	AU-AWBS03-151025-074000.wav	2735.817	2736.088	0.271	40.2	677.0	636.8	96.0	
74	Spectrogram 1	1	AU-AWBS03-151025-074000.wav	2737.486	2737.757	0.271	46.4	732.6	686.2	96.0	
75	Spectrogram 1	1	AU-AWBS03-151025-074000.wav	2739.110	2739.336	0.226	52.6	720.2	667.7	112.0	
76	Spectrogram 1	1	AU-AWBS03-151025-074000.wav	2740.734	2741.050	0.316	40.2	1047.9	1007.7	112.0	
77	Spectrogram 1	1	AU-AWBS03-151025-074000.wav	2742.494	2742.764	0.271	49.5	890.3	840.8	96.0	
78	Spectrogram 1	1	AU-AWBS03-151025-074000.wav	2744.073	2744.343	0.271	52.6	806.8	754.3	80.0	
79	Spectrogram 1	1	AU-AWBS03-151025-074000.wav	2745.697	2745.967	0.271	55.6	695.5	639.9	64.0	
80	Spectrogram 1	1	AU-AWBS03-151025-074000.wav	2747.298	2747.524	0.226	47.9	700.2	652.2	64.0	
81	Spectrogram 1	1	AU-AWBS03-151025-074000.wav	2750.073	2750.343	0.271	26.3	1097.4	1071.1	96.0	
82	Spectrogram 1	1	AU-AWBS03-151025-074000.wav	2753.050	2753.321	0.271	34.0	1122.1	1088.1	112.0	end main phrase
83	Spectrogram 1	1	AU-AWBS03-151025-074000.wav	2759.727	2759.997	0.271	49.5	828.4	779.0	160.0	
84	Spectrogram 1	1	AU-AWBS03-151025-074000.wav	2761.238	2761.464	0.226	49.5	785.2	735.7	192.0	
85	Spectrogram 1	1	AU-AWBS03-151025-074000.wav	2762.840	2763.110	0.271	55.6	748.1	692.4	64.0	
86	Spectrogram 1	1	AU-AWBS03-151025-074000.wav	2764.373	2764.644	0.271	46.4	760.4	714.1	320.0	
87	Spectrogram 1	1	AU-AWBS03-151025-074000.wav	2767.621	2767.892	0.271	43.3	871.7	828.4	208.0	
88	Spectrogram 1	1	AU-AWBS03-151025-074000.wav	2770.915	2771.185	0.271	40.2	853.2	813.0	192.0	
89	Spectrogram 1	1	AU-AWBS03-151025-074000.wav	2779.080	2779.396	0.316	49.5	927.4	877.9	320.0	
90	Spectrogram 1	1	AU-AWBS03-151025-074000.wav	2780.614	2780.885	0.271	49.5	905.7	856.3	320.0	
91	Spectrogram 1	1	AU-AWBS03-151025-074000.wav	2782.103	2782.373	0.271	49.5	1020.1	970.6	240.0	
92	Spectrogram 1	1	AU-AWBS03-151025-074000.wav	2785.306	2785.621	0.316	71.1	1001.5	930.4	160.0	
93	Spectrogram 1	1	AU-AWBS03-151025-074000.wav	2788.644	2788.915	0.271	64.9	1097.4	1032.5	320.0	
94	Spectrogram 1	1	AU-AWBS03-151025-074000.wav	2797.982	2798.253	0.271	82.7	1394.9	1312.2	144.0	
95	Spectrogram 1	1	AU-AWBS03-151025-074000.wav	2799.516	2799.832	0.316	80.4	1258.1	1177.7	176.0	
96	Spectrogram 1	1	AU-AWBS03-151025-074000.wav	2801.095	2801.411	0.316	74.2	1990.7	1916.5	320.0	
97	Spectrogram 1	1	AU-AWBS03-151025-074000.wav	2804.298	2804.569	0.271	69.6	1995.4	1925.8	320.0	end pattern.
98	Spectrogram 1	1	AU-AWBS03-151025-074000.wav	2993.997	2994.268	0.271	21.6	1474.5	1452.9	224.0	start pattern
99	Spectrogram 1	1	AU-AWBS03-151025-074000.wav	2995.373	2995.599	0.226	37.1	1406.5	1369.4	240.0	
100	Spectrogram 1	1	AU-AWBS03-151025-074000.wav	2996.930	2997.155	0.226	30.9	1205.6	1174.7	192.0	
101	Spectrogram 1	1	AU-AWBS03-151025-075000.wav	3000.313	3000.584	0.271	55.6	1075.7	1020.1	320.0	
102	Spectrogram 1	1	AU-AWBS03-151025-075000.wav	3001.757	3002.028	0.271	55.6	967.5	911.9	224.0	
103	Spectrogram 1	1	AU-AWBS03-151025-075000.wav	3003.403	3003.719	0.316	63.4	1146.8	1083.5	192.0	
104	Spectrogram 1	1	AU-AWBS03-151025-075000.wav	3005.050	3005.321	0.271	49.5	1051.0	1001.5	192.0	
105	Spectrogram 1	1	AU-AWBS03-151025-075000.wav	3006.697	3007.012	0.316	38.6	1193.2	1154.6	192.0	
106	Spectrogram 1	1	AU-AWBS03-151025-075000.wav	3008.343	3008.614	0.271	61.8	976.8	915.0	192.0	
107	Spectrogram 1	1	AU-AWBS03-151025-075000.wav	3010.012	3010.283	0.271	71.1	1165.4	1094.3	112.0	
108	Spectrogram 1	1	AU-AWBS03-151025-075000.wav	3011.501	3011.772	0.271	55.6	717.2	661.5	64.0	
109	Spectrogram 1	1	AU-AWBS03-151025-075000.wav	3013.261	3013.531	0.271	30.9	1221.0	1190.1	96.0	
110	Spectrogram 1	1	AU-AWBS03-151025-075000.wav	3014.794	3015.065	0.271	37.1	615.1	578.1	112.0	
111	Spectrogram 1	1	AU-AWBS03-151025-075000.wav	3016.554	3016.825	0.271	30.9	949.0	918.1	96.0	
112	Spectrogram 1	1	AU-AWBS03-151025-075000.wav	3018.088	3018.358	0.271	40.2	661.5	621.3	112.0	
113	Spectrogram 1	1	AU-AWBS03-151025-075000.wav	3019.712	3019.982	0.271	27.8	735.7	707.9	32.0	
114	Spectrogram 1	1	AU-AWBS03-151025-075000.wav	3021.381	3021.606	0.226	46.4	899.5	853.2	48.0	
115	Spectrogram 1	1	AU-AWBS03-151025-075000.wav	3023.028	3023.343	0.316	27.8	905.7	877.9	64.0	
116	Spectrogram 1	1	AU-AWBS03-151025-075000.wav	3024.561	3024.877	0.316	34.0	936.6	902.6	64.0	
117	Spectrogram 1	1	AU-AWBS03-151025-075000.wav	3027.516	3027.787	0.271	40.2	1168.5	1128.3	96.0	
118	Spectrogram 1	1	AU-AWBS03-151025-075000.wav	3030.809	3031.125	0.316	37.1	1165.4	1128.3	48.0	end main phrase
119	Spectrogram 1	1	AU-AWBS03-151025-075000.wav	3037.396	3037.667	0.271	46.4	1041.7	995.4	48.0	
120	Spectrogram 1	1	AU-AWBS03-151025-075000.wav	3038.930	3039.200	0.271	52.6	995.4	942.8	320.0	
121	Spectrogram 1	1	AU-AWBS03-151025-075000.wav	3040.509	3040.734	0.226	34.0	1017.0	983.0	320.0	
122	Spectrogram 1	1	AU-AWBS03-151025-075000.wav	3042.043	3042.313	0.271	43.3	1468.3	1425.0	320.0	
123	Spectrogram 1	1	AU-AWBS03-151025-075000.wav	3045.223	3045.539	0.316	83.5	1387.9	1304.5	192.0	
124	Spectrogram 1	1	AU-AWBS03-151025-075000.wav	3048.764	3049.080	0.316	64.9	1387.9	1323.0	176.0	
125	Spectrogram 1	1	AU-AWBS03-151025-075000.wav	3056.118	3056.343	0.226	46.4	1187.0	1140.6	224.0	
126	Spectrogram 1	1	AU-AWBS03-151025-075000.wav	3057.426	3057.652	0.226	55.6	1168.5	1112.8	128.0	
129	Spectrogram 1	1	AU-AWBS03-151025-075000.wav	3059.095	3059.366	0.271	54.1	1244.2	1190.1	304.0	
130	Spectrogram 1	1	AU-AWBS03-151025-075000.wav	3060.674	3060.945	0.271	52.6	1984.5	1932.0	320.0	
131	Spectrogram 1	1	AU-AWBS03-151025-075000.wav	3063.967	3064.238	0.271	49.5	1996.9	1947.4	256.0	
132	Spectrogram 1	1	AU-AWBS03-151025-075000.wav	3067.486	3067.712	0.226	34.0	1592.0	1558.0	112.0	
133	Spectrogram 1	1	AU-AWBS03-151025-075000.wav	3075.945	3076.238	0.293	46.4	1548.7	1502.3	48.0	
134	Spectrogram 1	1	AU-AWBS03-151025-075000.wav	3077.637	3077.907	0.271	52.6	1622.9	1570.3	368.0	
135	Spectrogram 1	1	AU-AWBS03-151025-075000.wav	3079.306	3079.576	0.271	80.4	1996.9	1916.5	320.0	
136	Spectrogram 1	1	AU-AWBS03-151025-075000.wav	3082.396	3082.621	0.226	38.6	1989.2	1950.5	224.0	
137	Spectrogram 1	1	AU-AWBS03-151025-075000.wav	3085.982	3086.208	0.226	52.6	1737.2	1684.7	320.0	
138	Spectrogram 1	1	AU-AWBS03-151025-075000.wav	3095.434	3095.659	0.226	75.0	1347.0	1272.0	176.0	
140	Spectrogram 1	1	AU-AWBS03-151025-075000.wav	3097.035	3097.215	0.180	86.6	1749.6	1663.1	96.0	
141	Spectrogram 1	1	AU-AWBS03-151025-075000.wav	3098.749	3099.020	0.271	102.0	1990.7	1888.7	320.0	
142	Spectrogram 1	1	AU-AWBS03-151025-075000.wav	3101.997	3102.268	0.271	37.1	1972.2	1935.1	320.0	
143	Spectrogram 1	1	AU-AWBS03-151025-075000.wav	3105.110	3105.426	0.316	61.8	1731.1	1669.2	240.0	end pattern
144	Spectrogram 1	1	AU-AWBS03-151025-075000.wav	3243.110	3243.426	0.316	43.3	1329.2	1285.9	96.0	start pattern
145	Spectrogram 1	1	AU-AWBS03-151025-075000.wav	3244.464	3244.734	0.271	46.4	1211.7	1165.4	48.0	
146	Spectrogram 1	1	AU-AWBS03-151025-075000.wav	3246.043	3246.313	0.271	55.6	1007.7	952.1	64.0	
147	Spectrogram 1	1	AU-AWBS03-151025-075000.wav	3249.291	3249.561	0.271	37.1	1168.5	1131.4	96.0	
148	Spectrogram 1	1	AU-AWBS03-151025-075000.wav	3250.779	3251.050	0.271	43.3	921.2	877.9	192.0	
149	Spectrogram 1	1	AU-AWBS03-151025-075000.wav	3252.449	3252.719	0.271	43.3	961.4	918.1	320.0	
150	Spectrogram 1	1	AU-AWBS03-151025-075000.wav	3254.073	3254.343	0.271	46.4	485.3	438.9	176.0	
151	Spectrogram 1	1	AU-AWBS03-151025-075000.wav	3255.697	3255.967	0.271	37.1	1072.6	1035.5	432.0	
152	Spectrogram 1	1	AU-AWBS03-151025-075000.wav	3257.231	3257.501	0.271	49.5	559.5	510.0	64.0	
153	Spectrogram 1	1	AU-AWBS03-151025-075000.wav	3258.945	3259.215	0.271	57.2	967.5	910.4	432.0	
154	Spectrogram 1	1	AU-AWBS03-151025-075000.wav	3260.524	3260.749	0.226	43.3	516.2	473.0	144.0	
155	Spectrogram 1	1	AU-AWBS03-151025-075000.wav	3262.283	3262.599	0.316	34.0	958.3	924.3	112.0	
156	Spectrogram 1	1	AU-AWBS03-151025-075000.wav	3263.727	3263.952	0.226	43.3	788.3	745.0	112.0	
157	Spectrogram 1	1	AU-AWBS03-151025-075000.wav	3265.441	3265.712	0.271	61.8	748.1	686.2	64.0	
158	Spectrogram 1	1	AU-AWBS03-151025-075000.wav	3267.200	3267.426	0.226	86.6	1032.5	945.9	96.0	
159	Spectrogram 1	1	AU-AWBS03-151025-075000.wav	3268.689	3268.960	0.271	46.4	1007.7	961.4	96.0	
160	Spectrogram 1	1	AU-AWBS03-151025-075000.wav	3270.223	3270.449	0.226	37.1	961.4	924.3	96.0	
161	Spectrogram 1	1	AU-AWBS03-151025-075000.wav	3271.757	3272.028	0.271	27.8	1159.2	1131.4	80.0	
162	Spectrogram 1	1	AU-AWBS03-151025-075000.wav	3274.734	3275.005	0.271	52.6	973.7	921.2	96.0	
163	Spectrogram 1	1	AU-AWBS03-151025-075000.wav	3277.757	3278.028	0.271	46.4	1091.2	1044.8	64.0	end main phrase
164	Spectrogram 1	1	AU-AWBS03-151025-075000.wav	3283.892	3284.118	0.226	77.3	1035.5	958.3	80.0	
165	Spectrogram 1	1	AU-AWBS03-151025-075000.wav	3285.561	3285.787	0.226	68.0	1100.5	1032.5	224.0	
166	Spectrogram 1	1	AU-AWBS03-151025-075000.wav	3287.095	3287.276	0.180	49.5	1066.5	1017.0	64.0	
167	Spectrogram 1	1	AU-AWBS03-151025-075000.wav	3288.629	3288.855	0.226	40.2	1091.2	1051.0	192.0	
168	Spectrogram 1	1	AU-AWBS03-151025-075000.wav	3291.832	3292.103	0.271	43.3	1140.6	1097.4	192.0	
169	Spectrogram 1	1	AU-AWBS03-151025-075000.wav	3295.080	3295.351	0.271	83.5	1109.7	1026.3	192.0	
170	Spectrogram 1	1	AU-AWBS03-151025-075000.wav	3304.193	3304.464	0.271	77.3	979.9	902.6	80.0	
171	Spectrogram 1	1	AU-AWBS03-151025-075000.wav	3305.727	3305.952	0.226	86.6	1109.7	1023.2	208.0	
172	Spectrogram 1	1	AU-AWBS03-151025-075000.wav	3307.261	3307.531	0.271	49.5	1165.4	1115.9	320.0	
173	Spectrogram 1	1	AU-AWBS03-151025-075000.wav	3310.418	3310.689	0.271	37.1	1913.4	1876.4	320.0	
174	Spectrogram 1	1	AU-AWBS03-151025-075000.wav	3313.937	3314.208	0.271	52.6	1477.6	1425.0	64.0	
175	Spectrogram 1	1	AU-AWBS03-151025-075000.wav	3321.471	3321.697	0.226	77.3	1384.9	1307.6	80.0	
176	Spectrogram 1	1	AU-AWBS03-151025-075000.wav	3323.185	3323.411	0.226	52.6	1443.6	1391.0	64.0	
177	Spectrogram 1	1	AU-AWBS03-151025-075000.wav	3324.945	3325.170	0.226	58.7	1666.2	1607.4	64.0	
178	Spectrogram 1	1	AU-AWBS03-151025-075000.wav	3326.569	3326.885	0.316	40.2	1870.2	1830.0	320.0	
179	Spectrogram 1	1	AU-AWBS03-151025-075000.wav	3329.907	3330.223	0.316	68.0	1978.4	1910.4	240.0	
180	Spectrogram 1	1	AU-AWBS03-151025-075000.wav	3333.426	3333.742	0.316	40.2	1972.2	1932.0	320.0	
181	Spectrogram 1	1	AU-AWBS03-151025-075000.wav	3343.261	3343.531	0.271	46.4	1449.8	1403.4	144.0	
182	Spectrogram 1	1	AU-AWBS03-151025-075000.wav	3344.794	3345.065	0.271	58.7	1400.3	1341.6	224.0	
183	Spectrogram 1	1	AU-AWBS03-151025-075000.wav	3346.644	3347.005	0.361	49.5	1932.0	1882.5	320.0	
184	Spectrogram 1	1	AU-AWBS03-151025-075000.wav	3349.892	3350.208	0.316	55.6	1935.1	1879.4	176.0	end pattern
185	Spectrogram 1	1	AU-AWBS03-151025-080000.wav	3924.539	3924.809	0.271	68.0	1595.1	1527.0	96.0	start pattern
186	Spectrogram 1	1	AU-AWBS03-151025-080000.wav	3925.802	3925.982	0.180	74.2	1384.9	1310.7	80.0	
187	Spectrogram 1	1	AU-AWBS03-151025-080000.wav	3927.336	3927.561	0.226	40.2	1483.8	1443.6	96.0	
188	Spectrogram 1	1	AU-AWBS03-151025-080000.wav	3930.629	3930.900	0.271	37.1	1493.0	1456.0	96.0	
189	Spectrogram 1	1	AU-AWBS03-151025-080000.wav	3932.118	3932.298	0.180	52.6	1282.8	1230.3	64.0	
190	Spectrogram 1	1	AU-AWBS03-151025-080000.wav	3933.832	3934.058	0.226	46.4	1412.7	1366.3	80.0	
191	Spectrogram 1	1	AU-AWBS03-151025-080000.wav	3935.456	3935.637	0.180	58.7	1765.1	1706.3	176.0	
192	Spectrogram 1	1	AU-AWBS03-151025-080000.wav	3937.035	3937.306	0.271	40.2	1728.0	1687.8	80.0	
193	Spectrogram 1	1	AU-AWBS03-151025-080000.wav	3938.569	3938.840	0.271	49.5	1734.2	1684.7	160.0	
194	Spectrogram 1	1	AU-AWBS03-151025-080000.wav	3940.328	3940.599	0.271	34.0	1653.8	1619.8	160.0	
195	Spectrogram 1	1	AU-AWBS03-151025-080000.wav	3941.907	3942.133	0.226	34.0	1270.5	1236.5	144.0	
196	Spectrogram 1	1	AU-AWBS03-151025-080000.wav	3943.576	3943.847	0.271	43.3	1517.8	1474.5	80.0	
197	Spectrogram 1	1	AU-AWBS03-151025-080000.wav	3945.246	3945.516	0.271	37.1	1511.6	1474.5	48.0	
198	Spectrogram 1	1	AU-AWBS03-151025-080000.wav	3946.825	3947.095	0.271	37.1	1462.1	1425.0	176.0	
199	Spectrogram 1	1	AU-AWBS03-151025-080000.wav	3948.494	3948.719	0.226	58.7	915.0	856.3	64.0	
200	Spectrogram 1	1	AU-AWBS03-151025-080000.wav	3950.028	3950.253	0.226	46.4	1403.4	1357.0	48.0	
201	Spectrogram 1	1	AU-AWBS03-151025-080000.wav	3951.516	3951.742	0.226	52.6	1823.8	1771.3	64.0	
202	Spectrogram 1	1	AU-AWBS03-151025-080000.wav	3953.050	3953.276	0.226	49.5	1774.3	1724.9	80.0	
203	Spectrogram 1	1	AU-AWBS03-151025-080000.wav	3954.494	3954.764	0.271	30.9	1932.0	1901.1	32.0	
204	Spectrogram 1	1	AU-AWBS03-151025-080000.wav	3957.561	3957.832	0.271	37.1	1684.7	1647.6	96.0	
205	Spectrogram 1	1	AU-AWBS03-151025-080000.wav	3960.855	3961.080	0.226	43.3	1666.2	1622.9	192.0	end main phrase
206	Spectrogram 1	1	AU-AWBS03-151025-080000.wav	3966.990	3967.170	0.180	49.5	1765.1	1715.6	64.0	
207	Spectrogram 1	1	AU-AWBS03-151025-080000.wav	3968.524	3968.794	0.271	34.0	1681.6	1647.6	64.0	
208	Spectrogram 1	1	AU-AWBS03-151025-080000.wav	3970.148	3970.418	0.271	43.3	1709.4	1666.2	96.0	
209	Spectrogram 1	1	AU-AWBS03-151025-080000.wav	3971.682	3971.952	0.271	37.1	1984.5	1947.4	112.0	
210	Spectrogram 1	1	AU-AWBS03-151025-080000.wav	3974.840	3975.110	0.271	30.9	1817.6	1786.7	160.0	
211	Spectrogram 1	1	AU-AWBS03-151025-080000.wav	3978.223	3978.494	0.271	46.4	1678.5	1632.1	48.0	
212	Spectrogram 1	1	AU-AWBS03-151025-080000.wav	3985.531	3985.802	0.271	52.6	1335.4	1282.8	112.0	
213	Spectrogram 1	1	AU-AWBS03-151025-080000.wav	3987.246	3987.471	0.226	58.7	1520.9	1462.1	64.0	
214	Spectrogram 1	1	AU-AWBS03-151025-080000.wav	3990.449	3990.674	0.226	40.2	1644.5	1604.3	320.0	
215	Spectrogram 1	1	AU-AWBS03-151025-080000.wav	3993.742	3994.012	0.271	46.4	1588.9	1542.5	176.0	
216	Spectrogram 1	1	AU-AWBS03-151025-080000.wav	3997.170	3997.441	0.271	64.9	1706.3	1641.4	304.0	
217	Spectrogram 1	1	AU-AWBS03-151025-080000.wav	4004.434	4004.704	0.271	71.1	1301.4	1230.3	160.0	
218	Spectrogram 1	1	AU-AWBS03-151025-080000.wav	4006.103	4006.373	0.271	77.3	1669.2	1592.0	320.0	
219	Spectrogram 1	1	AU-AWBS03-151025-080000.wav	4007.727	4007.952	0.226	83.5	1703.2	1619.8	112.0	
220	Spectrogram 1	1	AU-AWBS03-151025-080000.wav	4009.351	4009.621	0.271	52.6	1941.3	1888.7	320.0	
221	Spectrogram 1	1	AU-AWBS03-151025-080000.wav	4012.689	4012.960	0.271	49.5	1975.3	1925.8	384.0	
222	Spectrogram 1	1	AU-AWBS03-151025-080000.wav	4016.298	4016.569	0.271	86.6	1932.0	1845.4	128.0	
223	Spectrogram 1	1	AU-AWBS03-151025-080000.wav	4026.809	4027.035	0.226	58.7	1706.3	1647.6	144.0	
224	Spectrogram 1	1	AU-AWBS03-151025-080000.wav	4028.524	4028.794	0.271	58.7	1990.7	1932.0	320.0	
225	Spectrogram 1	1	AU-AWBS03-151025-080000.wav	4031.817	4032.133	0.316	40.2	1987.6	1947.4	176.0	end pattern
226	Spectrogram 1	1	AU-AWBS03-151025-081000.wav	4505.095	4505.366	0.271	30.9	1520.9	1490.0	96.0	start pattern
227	Spectrogram 1	1	AU-AWBS03-151025-081000.wav	4506.539	4506.764	0.226	49.5	1440.5	1391.0	240.0	
228	Spectrogram 1	1	AU-AWBS03-151025-081000.wav	4508.073	4508.298	0.226	34.0	1486.9	1452.9	96.0	
229	Spectrogram 1	1	AU-AWBS03-151025-081000.wav	4511.366	4511.682	0.316	34.0	1576.5	1542.5	96.0	
230	Spectrogram 1	1	AU-AWBS03-151025-081000.wav	4512.809	4513.080	0.271	61.8	834.6	772.8	192.0	
231	Spectrogram 1	1	AU-AWBS03-151025-081000.wav	4514.524	4514.794	0.271	49.5	1326.1	1276.7	352.0	
232	Spectrogram 1	1	AU-AWBS03-151025-081000.wav	4516.283	4516.509	0.226	37.1	1276.7	1239.6	80.0	
233	Spectrogram 1	1	AU-AWBS03-151025-081000.wav	4517.817	4518.088	0.271	34.0	1384.9	1350.9	240.0	
234	Spectrogram 1	1	AU-AWBS03-151025-081000.wav	4519.351	4519.576	0.226	34.0	1171.6	1137.6	128.0	
235	Spectrogram 1	1	AU-AWBS03-151025-081000.wav	4521.065	4521.336	0.271	40.2	1412.7	1372.5	48.0	
236	Spectrogram 1	1	AU-AWBS03-151025-081000.wav	4522.667	4522.892	0.226	75.7	1389.5	1313.8	160.0	
237	Spectrogram 1	1	AU-AWBS03-151025-081000.wav	4524.403	4524.719	0.316	46.4	1381.8	1335.4	368.0	
238	Spectrogram 1	1	AU-AWBS03-151025-081000.wav	4525.937	4526.208	0.271	40.2	1208.7	1168.5	160.0	
239	Spectrogram 1	1	AU-AWBS03-151025-081000.wav	4527.787	4528.058	0.271	43.3	1106.6	1063.4	64.0	
240	Spectrogram 1	1	AU-AWBS03-151025-081000.wav	4529.501	4529.817	0.316	43.3	1180.8	1137.6	48.0	
241	Spectrogram 1	1	AU-AWBS03-151025-081000.wav	4530.990	4531.306	0.316	52.6	992.3	939.7	64.0	
242	Spectrogram 1	1	AU-AWBS03-151025-081000.wav	4532.614	4532.885	0.271	43.3	942.8	899.5	96.0	
243	Spectrogram 1	1	AU-AWBS03-151025-081000.wav	4534.058	4534.328	0.271	46.4	911.9	865.5	80.0	
244	Spectrogram 1	1	AU-AWBS03-151025-081000.wav	4535.817	4536.133	0.316	46.4	850.1	803.7	80.0	
245	Spectrogram 1	1	AU-AWBS03-151025-081000.wav	4538.704	4539.020	0.316	37.1	1063.4	1026.3	96.0	
246	Spectrogram 1	1	AU-AWBS03-151025-081000.wav	4542.043	4542.313	0.271	37.1	1273.6	1236.5	176.0	end main phrase
247	Spectrogram 1	1	AU-AWBS03-151025-081000.wav	4548.088	4548.358	0.271	30.9	1183.9	1153.0	32.0	
248	Spectrogram 1	1	AU-AWBS03-151025-081000.wav	4549.667	4549.937	0.271	30.9	1143.7	1112.8	64.0	
249	Spectrogram 1	1	AU-AWBS03-151025-081000.wav	4551.246	4551.516	0.271	40.2	1038.6	998.5	432.0	
250	Spectrogram 1	1	AU-AWBS03-151025-081000.wav	4552.734	4553.050	0.316	46.4	1217.9	1171.6	176.0	
251	Spectrogram 1	1	AU-AWBS03-151025-081000.wav	4555.757	4556.028	0.271	37.1	1443.6	1406.5	256.0	
252	Spectrogram 1	1	AU-AWBS03-151025-081000.wav	4559.140	4559.411	0.271	43.3	1428.1	1384.9	336.0	
253	Spectrogram 1	1	AU-AWBS03-151025-081000.wav	4567.712	4567.937	0.226	43.3	1449.8	1406.5	176.0	
254	Spectrogram 1	1	AU-AWBS03-151025-081000.wav	4569.381	4569.606	0.226	52.6	1236.5	1183.9	64.0	
255	Spectrogram 1	1	AU-AWBS03-151025-081000.wav	4570.960	4571.185	0.226	49.5	1323.0	1273.6	64.0	
258	Spectrogram 1	1	AU-AWBS03-151025-081000.wav	4574.208	4574.479	0.271	21.6	1595.1	1573.4	336.0	
259	Spectrogram 1	1	AU-AWBS03-151025-081000.wav	4577.546	4577.862	0.316	34.0	1459.0	1425.0	48.0	
260	Spectrogram 1	1	AU-AWBS03-151025-081000.wav	4588.825	4589.095	0.271	30.9	1777.4	1746.5	32.0	
261	Spectrogram 1	1	AU-AWBS03-151025-081000.wav	4590.539	4590.855	0.316	46.4	1857.8	1811.4	272.0	
262	Spectrogram 1	1	AU-AWBS03-151025-081000.wav	4593.787	4594.103	0.316	37.1	1993.8	1956.7	240.0	
263	Spectrogram 1	1	AU-AWBS03-151025-081000.wav	4597.351	4597.621	0.271	37.1	1984.5	1947.4	256.0	
264	Spectrogram 1	1	AU-AWBS03-151025-081000.wav	4607.682	4607.952	0.271	46.4	1592.0	1545.6	208.0	
265	Spectrogram 1	1	AU-AWBS03-151025-081000.wav	4609.306	4609.486	0.180	58.7	1669.2	1610.5	368.0	
266	Spectrogram 1	1	AU-AWBS03-151025-081000.wav	4610.975	4611.246	0.271	49.5	1984.5	1935.1	320.0	
267	Spectrogram 1	1	AU-AWBS03-151025-081000.wav	4613.997	4614.313	0.316	43.3	1746.5	1703.2	256.0	end pattern
