Selection	View	Channel	Begin File	Begin Time (s)	End Time (s)	Delta Time (s)	Low Freq (Hz)	High Freq (Hz)	Delta Freq (Hz)	Peak Freq (Hz)	Notes
1	Spectrogram 1	1	AU-AWBS03-151019-171000.wav	1094.786530883	1095.174628807	0.388	38.1	217.9	179.9	192.0	start pattern C
2	Spectrogram 1	1	AU-AWBS03-151019-171000.wav	1097.600240828	1097.949528959	0.349	48.4	235.2	186.8	208.0	
3	Spectrogram 1	1	AU-AWBS03-151019-171000.wav	1100.336331189	1100.724429112	0.388	41.5	256.0	214.5	192.0	
4	Spectrogram 1	1	AU-AWBS03-151019-171000.wav	1103.363494991	1103.751592915	0.388	27.7	231.8	204.1	208.0	
5	Spectrogram 1	1	AU-AWBS03-151019-171000.wav	1106.002560871	1106.545897964	0.543	27.7	224.9	197.2	160.0	
6	Spectrogram 1	1	AU-AWBS03-151019-171000.wav	1108.796865920	1109.262583428	0.466	45.0	238.7	193.7	192.0	
7	Spectrogram 1	1	AU-AWBS03-151019-171000.wav	1111.280692630	1111.707600346	0.427	41.5	256.0	214.5	192.0	
8	Spectrogram 1	1	AU-AWBS03-151019-171000.wav	1113.958568302	1114.307856433	0.349	34.6	245.6	211.0	128.0	
9	Spectrogram 1	1	AU-AWBS03-151019-171000.wav	1116.209536258	1116.636443973	0.427	31.1	249.1	217.9	208.0	
10	Spectrogram 1	1	AU-AWBS03-151019-171000.wav	1118.421694421	1118.887411929	0.466	34.6	242.2	207.6	192.0	
11	Spectrogram 1	1	AU-AWBS03-151019-171000.wav	1120.983140716	1121.448858224	0.466	27.7	228.3	200.6	160.0	
12	Spectrogram 1	1	AU-AWBS03-151019-171000.wav	1138.137068932	1138.292308102	0.155	32.9	1966.7	1933.8	128.0	start gs
13	Spectrogram 1	1	AU-AWBS03-151019-171000.wav	1141.994817223	1142.150056392	0.155	51.9	1473.7	1421.8	176.0	
14	Spectrogram 1	1	AU-AWBS03-151019-171000.wav	1145.817581769	1146.011630731	0.194	72.6	1477.2	1404.5	112.0	
15	Spectrogram 1	1	AU-AWBS03-151019-171000.wav	1149.523916938	1149.679156107	0.155	83.0	1446.1	1363.0	224.0	
16	Spectrogram 1	1	AU-AWBS03-151019-171000.wav	1153.346681484	1153.540730446	0.194	57.1	1527.4	1470.3	176.0	
17	Spectrogram 1	1	AU-AWBS03-151019-171000.wav	1157.188850926	1157.382899888	0.194	45.0	1473.7	1428.8	432.0	
18	Spectrogram 1	1	AU-AWBS03-151019-171000.wav	1161.050406669	1161.205645839	0.155	51.9	1511.8	1459.9	448.0	
19	Spectrogram 1	1	AU-AWBS03-151019-171000.wav	1164.970195696	1165.125434866	0.155	34.6	1494.5	1459.9	224.0	
20	Spectrogram 1	1	AU-AWBS03-151019-171000.wav	1168.851174931	1169.045223892	0.194	38.1	1660.5	1622.5	288.0	
21	Spectrogram 1	1	AU-AWBS03-151019-171000.wav	1172.670113429	1172.902972183	0.233	41.5	1795.5	1753.9	224.0	
22	Spectrogram 1	1	AU-AWBS03-151019-171000.wav	1176.512282871	1176.706331833	0.194	34.6	1971.9	1937.3	320.0	
23	Spectrogram 1	1	AU-AWBS03-151019-171000.wav	1180.393262106	1180.587311067	0.194	48.4	1598.3	1549.8	336.0	
24	Spectrogram 1	1	AU-AWBS03-151019-171000.wav	1184.119002171	1184.351860925	0.233	58.8	1920.0	1861.2	368.0	
25	Spectrogram 1	1	AU-AWBS03-151019-171000.wav	1188.058196094	1188.329864640	0.272	57.1	1734.9	1677.8	288.0	
26	Spectrogram 1	1	AU-AWBS03-151019-171000.wav	1191.919770432	1192.152629186	0.233	65.7	2020.3	1954.6	496.0	
27	Spectrogram 1	1	AU-AWBS03-151019-171000.wav	1195.761939874	1196.072418213	0.310	89.9	1996.1	1906.2	480.0	end pattern due to recording cycle
28	Spectrogram 1	1	AU-AWBS03-151019-210000.wav	1385.472131608	1385.899039324	0.427	34.6	231.8	197.2	48.0	start pattern. may no tbe first pulse - very faint
29	Spectrogram 1	1	AU-AWBS03-151019-210000.wav	1388.204395921	1388.592493844	0.388	34.6	245.6	211.0	48.0	
30	Spectrogram 1	1	AU-AWBS03-151019-210000.wav	1390.571793254	1390.998700970	0.427	41.5	252.5	211.0	48.0	
31	Spectrogram 1	1	AU-AWBS03-151019-210000.wav	1393.094429756	1393.521337472	0.427	41.5	256.0	214.5	48.0	
32	Spectrogram 1	1	AU-AWBS03-151019-210000.wav	1395.384207505	1395.772305428	0.388	45.0	266.4	221.4	96.0	
33	Spectrogram 1	1	AU-AWBS03-151019-210000.wav	1397.673985253	1398.100892969	0.427	27.7	245.6	217.9	32.0	
34	Spectrogram 1	1	AU-AWBS03-151019-210000.wav	1417.428169556	1417.583408726	0.155	89.9	2037.6	1947.7	256.0	start gs
35	Spectrogram 1	1	AU-AWBS03-151019-210000.wav	1421.386768376	1421.580817337	0.194	45.0	1961.5	1916.5	192.0	
36	Spectrogram 1	1	AU-AWBS03-151019-210000.wav	1425.151318233	1425.384176987	0.233	55.4	1840.4	1785.1	64.0	
37	Spectrogram 1	1	AU-AWBS03-151019-210000.wav	1428.799438713	1428.993487675	0.194	45.0	1795.5	1750.5	144.0	
38	Spectrogram 1	1	AU-AWBS03-151019-210000.wav	1432.525178779	1432.719227740	0.194	58.8	1816.2	1757.4	64.0	
39	Spectrogram 1	1	AU-AWBS03-151019-210000.wav	1436.483777598	1436.639016767	0.155	62.3	1833.5	1771.2	176.0	
40	Spectrogram 1	1	AU-AWBS03-151019-210000.wav	1440.093088286	1440.287137247	0.194	62.3	1892.3	1830.1	64.0	
41	Spectrogram 1	1	AU-AWBS03-151019-210000.wav	1443.912026784	1444.106075746	0.194	34.6	1525.6	1491.0	160.0	
42	Spectrogram 1	1	AU-AWBS03-151019-210000.wav	1447.637766849	1447.909435396	0.272	72.6	1812.8	1740.1	80.0	
43	Spectrogram 1	1	AU-AWBS03-151019-210000.wav	1451.441126499	1451.673985253	0.233	48.4	1837.0	1788.5	160.0	
44	Spectrogram 1	1	AU-AWBS03-151019-210000.wav	1455.283295941	1455.477344903	0.194	72.6	1850.8	1778.2	224.0	
45	Spectrogram 1	1	AU-AWBS03-151019-210000.wav	1458.931416421	1459.164275176	0.233	45.0	1885.4	1840.4	224.0	
46	Spectrogram 1	1	AU-AWBS03-151019-210000.wav	1462.618346694	1462.851205448	0.233	41.5	1487.6	1446.1	48.0	
47	Spectrogram 1	1	AU-AWBS03-151019-210000.wav	1466.499325929	1466.770994475	0.272	41.5	1864.6	1823.1	48.0	
48	Spectrogram 1	1	AU-AWBS03-151019-210000.wav	1470.225065994	1470.457924748	0.233	34.6	1698.6	1664.0	304.0	
49	Spectrogram 1	1	AU-AWBS03-151019-210000.wav	1474.028425644	1474.261284398	0.233	79.6	1833.5	1753.9	272.0	
50	Spectrogram 1	1	AU-AWBS03-151019-210000.wav	1477.987024463	1478.258693009	0.272	55.4	595.0	539.7	240.0	
51	Spectrogram 1	1	AU-AWBS03-151019-210000.wav	1481.712764528	1481.984433074	0.272	65.7	1439.1	1373.4	256.0	
52	Spectrogram 1	1	AU-AWBS03-151019-210000.wav	1485.380289904	1485.651958451	0.272	62.3	1847.4	1785.1	64.0	end main phrase
53	Spectrogram 1	1	AU-AWBS03-151019-210000.wav	1501.641612518	1501.913281064	0.272	65.7	1560.2	1494.5	224.0	
54	Spectrogram 1	1	AU-AWBS03-151019-210000.wav	1505.580806441	1505.852474987	0.272	62.3	1695.1	1632.9	224.0	
55	Spectrogram 1	1	AU-AWBS03-151019-210000.wav	1509.694644430	1510.005122768	0.310	83.0	1823.1	1740.1	192.0	
56	Spectrogram 1	1	AU-AWBS03-151019-210000.wav	1513.847292210	1514.118960757	0.272	51.9	1847.4	1795.5	352.0	
57	Spectrogram 1	1	AU-AWBS03-151019-210000.wav	1530.279413221	1530.512271975	0.233	72.6	1653.6	1581.0	240.0	
58	Spectrogram 1	1	AU-AWBS03-151019-210000.wav	1534.781349133	1535.053017679	0.272	72.6	1753.9	1681.3	240.0	end pattern
59	Spectrogram 1	1	AU-AWBS03-151019-210000.wav	1655.588580607	1655.976678530	0.388	55.4	221.4	166.1	64.0	start pattern
60	Spectrogram 1	1	AU-AWBS03-151019-210000.wav	1658.344075863	1658.693363994	0.349	38.1	231.8	193.7	48.0	
61	Spectrogram 1	1	AU-AWBS03-151019-210000.wav	1660.789092781	1661.177190704	0.388	20.8	228.3	207.6	48.0	
62	Spectrogram 1	1	AU-AWBS03-151019-210000.wav	1663.117680321	1663.583397830	0.466	20.8	214.5	193.7	32.0	
63	Spectrogram 1	1	AU-AWBS03-151019-210000.wav	1665.485077654	1665.911985370	0.427	45.0	235.2	190.3	48.0	
64	Spectrogram 1	1	AU-AWBS03-151019-210000.wav	1667.813665195	1668.201763119	0.388	55.4	224.9	169.5	64.0	
65	Spectrogram 1	1	AU-AWBS03-151019-210000.wav	1670.278087009	1670.627375140	0.349	43.2	233.5	190.3	48.0	
66	Spectrogram 1	1	AU-AWBS03-151019-210000.wav	1672.276791315	1672.664889238	0.388	34.6	231.8	197.2	48.0	
67	Spectrogram 1	1	AU-AWBS03-151019-210000.wav	1674.644188648	1675.109906156	0.466	41.5	238.7	197.2	48.0	
68	Spectrogram 1	1	AU-AWBS03-151019-210000.wav	1689.912015888	1690.067255057	0.155	51.9	2027.2	1975.4	64.0	
69	Spectrogram 1	1	AU-AWBS03-151019-210000.wav	1693.831804915	1694.025853876	0.194	45.0	2034.2	1989.2	160.0	
70	Spectrogram 1	1	AU-AWBS03-151019-210000.wav	1697.673974357	1697.829213526	0.155	70.9	1714.2	1643.2	80.0	
71	Spectrogram 1	1	AU-AWBS03-151019-210000.wav	1701.477334006	1701.671382968	0.194	20.8	1684.8	1664.0	96.0	
72	Spectrogram 1	1	AU-AWBS03-151019-210000.wav	1705.125454487	1705.280693656	0.155	65.7	1501.4	1435.7	144.0	
73	Spectrogram 1	1	AU-AWBS03-151019-210000.wav	1708.870599448	1709.064648410	0.194	62.3	1397.6	1335.4	144.0	
74	Spectrogram 1	1	AU-AWBS03-151019-210000.wav	1712.654554202	1712.848603163	0.194	45.0	1197.0	1152.0	48.0	
75	Spectrogram 1	1	AU-AWBS03-151019-210000.wav	1716.457913852	1716.651962813	0.194	34.6	1286.9	1252.3	128.0	
76	Spectrogram 1	1	AU-AWBS03-151019-210000.wav	1720.241868605	1720.435917567	0.194	57.1	1368.2	1311.1	256.0	
77	Spectrogram 1	1	AU-AWBS03-151019-210000.wav	1723.987013566	1724.219872320	0.233	55.4	1217.7	1162.4	112.0	
78	Spectrogram 1	1	AU-AWBS03-151019-210000.wav	1727.732158528	1727.926207489	0.194	43.2	1139.9	1096.6	48.0	
79	Spectrogram 1	1	AU-AWBS03-151019-210000.wav	1731.415262753	1731.609311715	0.194	45.0	1397.6	1352.6	256.0	
80	Spectrogram 1	1	AU-AWBS03-151019-210000.wav	1735.179812610	1735.412671364	0.233	48.4	1134.7	1086.3	64.0	
81	Spectrogram 1	1	AU-AWBS03-151019-210000.wav	1738.944362468	1739.138411429	0.194	41.5	1096.6	1055.1	112.0	
82	Spectrogram 1	1	AU-AWBS03-151019-210000.wav	1742.631292740	1742.864151494	0.233	62.3	1193.5	1131.2	64.0	
83	Spectrogram 1	1	AU-AWBS03-151019-210000.wav	1746.589891560	1746.822750314	0.233	31.1	1113.9	1082.8	80.0	
84	Spectrogram 1	1	AU-AWBS03-151019-210000.wav	1750.238012040	1750.470870794	0.233	62.3	1453.0	1390.7	64.0	
85	Spectrogram 1	1	AU-AWBS03-151019-210000.wav	1754.351850028	1754.545898990	0.194	51.9	1062.1	1010.2	112.0	
86	Spectrogram 1	1	AU-AWBS03-151019-210000.wav	1757.922350924	1758.155209678	0.233	64.0	932.3	868.3	64.0	
87	Spectrogram 1	1	AU-AWBS03-151019-210000.wav	1761.454042028	1761.686900782	0.233	79.6	1826.6	1747.0	144.0	end main phrase
88	Spectrogram 1	1	AU-AWBS03-151019-210000.wav	1777.249627512	1777.443676474	0.194	65.7	1425.3	1359.6	240.0	
89	Spectrogram 1	1	AU-AWBS03-151019-210000.wav	1781.208226331	1781.479894877	0.272	58.8	1840.4	1781.6	272.0	
90	Spectrogram 1	1	AU-AWBS03-151019-210000.wav	1785.415262753	1785.648121507	0.233	27.7	2013.4	1985.7	432.0	
91	Spectrogram 1	1	AU-AWBS03-151019-210000.wav	1789.296241987	1789.490290949	0.194	55.4	1868.1	1812.8	64.0	
92	Spectrogram 1	1	AU-AWBS03-151019-210000.wav	1793.526509353	1793.759368107	0.233	62.3	1947.7	1885.4	256.0	end pattern
93	Spectrogram 1	1	AU-AWBS03-151019-211000.wav	1891.358343759	1891.785251474	0.427	34.6	217.9	183.4	48.0	start pattern
94	Spectrogram 1	1	AU-AWBS03-151019-211000.wav	1893.376452960	1893.803360676	0.427	27.7	231.8	204.1	32.0	
95	Spectrogram 1	1	AU-AWBS03-151019-211000.wav	1895.161703408	1895.588611124	0.427	38.1	211.0	173.0	48.0	
96	Spectrogram 1	1	AU-AWBS03-151019-211000.wav	1896.946953856	1897.335051780	0.388	34.6	221.4	186.8	48.0	
97	Spectrogram 1	1	AU-AWBS03-151019-211000.wav	1898.848633681	1899.275541397	0.427	27.7	238.7	211.0	32.0	
98	Spectrogram 1	1	AU-AWBS03-151019-211000.wav	1901.177221222	1901.681748522	0.505	38.1	235.2	197.2	48.0	
99	Spectrogram 1	1	AU-AWBS03-151019-211000.wav	1903.544618555	1904.010336063	0.466	20.8	235.2	214.5	32.0	
100	Spectrogram 1	1	AU-AWBS03-151019-211000.wav	1906.222494227	1906.882260696	0.660	27.7	221.4	193.7	32.0	
101	Spectrogram 1	1	AU-AWBS03-151019-211000.wav	1926.364776453	1926.558825415	0.194	62.3	2041.1	1978.8	64.0	start gs
102	Spectrogram 1	1	AU-AWBS03-151019-211000.wav	1930.323375273	1930.478614442	0.155	65.7	2041.1	1975.4	192.0	
103	Spectrogram 1	1	AU-AWBS03-151019-211000.wav	1934.087925130	1934.243164299	0.155	55.4	2003.0	1947.7	128.0	
104	Spectrogram 1	1	AU-AWBS03-151019-211000.wav	1937.891284780	1938.085333741	0.194	62.3	1162.4	1100.1	64.0	
105	Spectrogram 1	1	AU-AWBS03-151019-211000.wav	1941.578215053	1941.772264014	0.194	48.4	1148.5	1100.1	128.0	
106	Spectrogram 1	1	AU-AWBS03-151019-211000.wav	1945.303955118	1945.459194287	0.155	48.4	1241.9	1193.5	160.0	
107	Spectrogram 1	1	AU-AWBS03-151019-211000.wav	1949.045274031	1949.200513201	0.155	41.5	1598.3	1556.8	160.0	
108	Spectrogram 1	1	AU-AWBS03-151019-211000.wav	1952.809823889	1952.965063058	0.155	41.5	1307.7	1266.2	48.0	
109	Spectrogram 1	1	AU-AWBS03-151019-211000.wav	1956.613183538	1956.807232500	0.194	62.3	1273.1	1210.8	208.0	
110	Spectrogram 1	1	AU-AWBS03-151019-211000.wav	1960.377733396	1960.571782358	0.194	55.4	1300.8	1245.4	208.0	
111	Spectrogram 1	1	AU-AWBS03-151019-211000.wav	1964.103473461	1964.297522423	0.194	62.3	1221.2	1158.9	208.0	
112	Spectrogram 1	1	AU-AWBS03-151019-211000.wav	1967.868023318	1968.062072280	0.194	51.9	1197.0	1145.1	64.0	
113	Spectrogram 1	1	AU-AWBS03-151019-211000.wav	1971.593763384	1971.826622138	0.233	46.7	1226.4	1179.7	48.0	
114	Spectrogram 1	1	AU-AWBS03-151019-211000.wav	1975.319503449	1975.552362203	0.233	58.8	1207.4	1148.5	240.0	end main phrase
115	Spectrogram 1	1	AU-AWBS03-151019-211000.wav	1990.338893086	1990.532942048	0.194	48.4	1785.1	1736.6	64.0	
116	Spectrogram 1	1	AU-AWBS03-151019-211000.wav	1994.452731075	1994.685589829	0.233	58.8	1501.4	1442.6	256.0	
117	Spectrogram 1	1	AU-AWBS03-151019-211000.wav	1998.644188648	1998.877047402	0.233	72.6	1266.2	1193.5	240.0	end pattern
118	Spectrogram 1	1	AU-AWBS03-151019-211000.wav	2158.447609333	2158.835707256	0.388	38.1	235.2	197.2	48.0	start pattern - maybe missed a few pulses
119	Spectrogram 1	1	AU-AWBS03-151019-211000.wav	2160.853816458	2161.241914381	0.388	34.6	256.0	221.4	48.0	
120	Spectrogram 1	1	AU-AWBS03-151019-211000.wav	2163.221213791	2163.686931299	0.466	38.1	259.5	221.4	48.0	
121	Spectrogram 1	1	AU-AWBS03-151019-211000.wav	2165.899089463	2166.325997179	0.427	38.1	256.0	217.9	48.0	
122	Spectrogram 1	1	AU-AWBS03-151019-211000.wav	2186.739947952	2186.933996914	0.194	93.4	1805.8	1712.4	176.0	start gs
123	Spectrogram 1	1	AU-AWBS03-151019-211000.wav	2190.659736979	2190.814976148	0.155	58.8	2020.3	1961.5	176.0	
124	Spectrogram 1	1	AU-AWBS03-151019-211000.wav	2194.385477044	2194.579526006	0.194	72.6	1968.4	1895.8	176.0	
125	Spectrogram 1	1	AU-AWBS03-151019-211000.wav	2198.033597524	2198.188836694	0.155	55.4	1221.2	1165.8	192.0	
126	Spectrogram 1	1	AU-AWBS03-151019-211000.wav	2201.720527797	2201.914576759	0.194	79.6	1359.6	1280.0	176.0	
127	Spectrogram 1	1	AU-AWBS03-151019-211000.wav	2205.601507031	2205.756746201	0.155	62.3	1224.6	1162.4	160.0	
128	Spectrogram 1	1	AU-AWBS03-151019-211000.wav	2209.385461785	2209.579510747	0.194	74.4	1039.6	965.2	160.0	
129	Spectrogram 1	1	AU-AWBS03-151019-211000.wav	2213.014177369	2213.208226331	0.194	51.9	1086.3	1034.4	64.0	
130	Spectrogram 1	1	AU-AWBS03-151019-211000.wav	2216.794306075	2216.988355037	0.194	48.4	1421.8	1373.4	144.0	
131	Spectrogram 1	1	AU-AWBS03-151019-211000.wav	2220.597665725	2220.752904894	0.155	72.6	1158.9	1086.3	240.0	
132	Spectrogram 1	1	AU-AWBS03-151019-211000.wav	2224.362215582	2224.595074337	0.233	24.2	1722.8	1698.6	32.0	
133	Spectrogram 1	1	AU-AWBS03-151019-211000.wav	2228.107360544	2228.301409505	0.194	69.2	1584.4	1515.2	208.0	
134	Spectrogram 1	1	AU-AWBS03-151019-211000.wav	2231.910720194	2232.104769155	0.194	58.8	1255.8	1197.0	256.0	
135	Spectrogram 1	1	AU-AWBS03-151019-211000.wav	2235.675270051	2235.869319013	0.194	45.0	1373.4	1328.4	48.0	
136	Spectrogram 1	1	AU-AWBS03-151019-211000.wav	2239.420415012	2239.653273766	0.233	55.4	1162.4	1107.0	352.0	
137	Spectrogram 1	1	AU-AWBS03-151019-211000.wav	2243.262584454	2243.495443208	0.233	83.0	1203.9	1120.9	224.0	
138	Spectrogram 1	1	AU-AWBS03-151019-211000.wav	2246.910704935	2247.143563689	0.233	55.4	1826.6	1771.2	224.0	
139	Spectrogram 1	1	AU-AWBS03-151019-211000.wav	2250.908113546	2251.140972300	0.233	93.4	1802.4	1709.0	208.0	
140	Spectrogram 1	1	AU-AWBS03-151019-211000.wav	2254.556234027	2254.866712365	0.310	58.8	1885.4	1826.6	176.0	end main phrase
141	Spectrogram 1	1	AU-AWBS03-151019-211000.wav	2271.143594206	2271.337643168	0.194	83.0	1750.5	1667.5	256.0	
142	Spectrogram 1	1	AU-AWBS03-151019-211000.wav	2275.490290949	2275.723149703	0.233	65.7	2030.7	1965.0	256.0	end pattern
143	Spectrogram 1	1	AU-AWBS03-151019-211000.wav	2371.676535228	2372.103442943	0.427	45.0	217.9	173.0	48.0	start pattern
144	Spectrogram 1	1	AU-AWBS03-151019-211000.wav	2374.160361938	2374.548459861	0.388	27.7	228.3	200.6	32.0	
145	Spectrogram 1	1	AU-AWBS03-151019-211000.wav	2376.527759271	2376.838237609	0.310	41.5	238.7	197.2	48.0	
146	Spectrogram 1	1	AU-AWBS03-151019-211000.wav	2378.949545245	2379.298833376	0.349	38.1	231.8	193.7	48.0	
147	Spectrogram 1	1	AU-AWBS03-151019-211000.wav	2381.219918097	2381.569206228	0.349	38.1	238.7	200.6	48.0	
148	Spectrogram 1	1	AU-AWBS03-151019-211000.wav	2383.296241987	2383.684339911	0.388	38.1	228.3	190.3	48.0	
149	Spectrogram 1	1	AU-AWBS03-151019-212000.wav	2401.032317089	2401.187556258	0.155	62.3	1408.0	1345.7	208.0	start gs
150	Spectrogram 1	1	AU-AWBS03-151019-212000.wav	2404.952106116	2405.107345285	0.155	65.7	1674.4	1608.6	192.0	
151	Spectrogram 1	1	AU-AWBS03-151019-212000.wav	2408.677846181	2408.794275558	0.116	83.0	1933.8	1850.8	192.0	
152	Spectrogram 1	1	AU-AWBS03-151019-212000.wav	2412.500610727	2412.617040104	0.116	51.9	1781.6	1729.7	112.0	
153	Spectrogram 1	1	AU-AWBS03-151019-212000.wav	2416.206945896	2416.362185065	0.155	64.0	1285.2	1221.2	64.0	
154	Spectrogram 1	1	AU-AWBS03-151019-212000.wav	2419.932685961	2420.087925130	0.155	48.4	1470.3	1421.8	144.0	
155	Spectrogram 1	1	AU-AWBS03-151019-212000.wav	2423.697235818	2423.852474987	0.155	41.5	1549.8	1508.3	208.0	
156	Spectrogram 1	1	AU-AWBS03-151019-212000.wav	2427.442380779	2427.617024845	0.175	65.7	1722.8	1657.1	80.0	
157	Spectrogram 1	1	AU-AWBS03-151019-212000.wav	2431.148715948	2431.303955118	0.155	58.8	1404.5	1345.7	208.0	
158	Spectrogram 1	1	AU-AWBS03-151019-212000.wav	2434.851225070	2435.006464239	0.155	46.7	1468.5	1421.8	48.0	
159	Spectrogram 1	1	AU-AWBS03-151019-212000.wav	2438.576965135	2438.732204304	0.155	38.1	1757.4	1719.4	272.0	
160	Spectrogram 1	1	AU-AWBS03-151019-212000.wav	2442.341514992	2442.535563954	0.194	55.4	1245.4	1190.1	64.0	
161	Spectrogram 1	1	AU-AWBS03-151019-212000.wav	2445.989635472	2446.183684434	0.194	48.4	1155.5	1107.0	208.0	
162	Spectrogram 1	1	AU-AWBS03-151019-212000.wav	2449.909424499	2450.103473461	0.194	48.4	1273.1	1224.6	128.0	
163	Spectrogram 1	1	AU-AWBS03-151019-212000.wav	2453.635164564	2453.829213526	0.194	58.8	1937.3	1878.5	64.0	
164	Spectrogram 1	1	AU-AWBS03-151019-212000.wav	2457.302689941	2457.496738903	0.194	46.7	1198.7	1152.0	272.0	
165	Spectrogram 1	1	AU-AWBS03-151019-212000.wav	2461.319503449	2461.513552410	0.194	79.6	1581.0	1501.4	80.0	
166	Spectrogram 1	1	AU-AWBS03-151019-212000.wav	2465.239292475	2465.433341437	0.194	48.4	1591.4	1542.9	128.0	
167	Spectrogram 1	1	AU-AWBS03-151019-212000.wav	2468.790388475	2468.984437437	0.194	51.9	1684.8	1632.9	64.0	
168	Spectrogram 1	1	AU-AWBS03-151019-212000.wav	2472.302674682	2472.613153021	0.310	58.8	1830.1	1771.2	64.0	end main phrase
169	Spectrogram 1	1	AU-AWBS03-151019-212000.wav	2486.716686491	2486.949545245	0.233	48.4	1670.9	1622.5	64.0	
170	Spectrogram 1	1	AU-AWBS03-151019-212000.wav	2490.597665725	2490.869334271	0.272	41.5	1864.6	1823.1	208.0	
171	Spectrogram 1	1	AU-AWBS03-151019-212000.wav	2494.692098817	2494.963767364	0.272	60.5	1994.4	1933.8	64.0	
172	Spectrogram 1	1	AU-AWBS03-151019-212000.wav	2498.864151494	2499.135820041	0.272	62.3	1937.3	1875.0	208.0	
173	Spectrogram 1	1	AU-AWBS03-151019-212000.wav	2502.939179691	2503.210848237	0.272	60.5	1973.6	1913.1	64.0	end pattern
174	Spectrogram 1	1	AU-AWBS03-151019-212000.wav	2624.755465765	2625.182373481	0.427	34.6	197.2	162.6	48.0	start pattern
175	Spectrogram 1	1	AU-AWBS03-151019-212000.wav	2627.084053306	2627.510961022	0.427	31.1	197.2	166.1	32.0	
176	Spectrogram 1	1	AU-AWBS03-151019-212000.wav	2629.723119185	2630.033597524	0.310	36.3	212.8	176.4	48.0	
177	Spectrogram 1	1	AU-AWBS03-151019-212000.wav	2632.129326311	2632.478614442	0.349	34.6	235.2	200.6	48.0	
178	Spectrogram 1	1	AU-AWBS03-151019-212000.wav	2634.457913852	2634.846011775	0.388	31.1	224.9	193.7	48.0	
179	Spectrogram 1	1	AU-AWBS03-151019-212000.wav	2636.708881808	2637.252218900	0.543	45.0	221.4	176.4	48.0	
180	Spectrogram 1	1	AU-AWBS03-151019-212000.wav	2638.882230179	2639.347947687	0.466	31.1	221.4	190.3	32.0	
181	Spectrogram 1	1	AU-AWBS03-151019-212000.wav	2640.939149173	2641.366056889	0.427	17.3	200.6	183.4	32.0	
182	Spectrogram 1	1	AU-AWBS03-151019-212000.wav	2659.272950008	2659.428189178	0.155	65.7	2034.2	1968.4	192.0	start gs
183	Spectrogram 1	1	AU-AWBS03-151019-212000.wav	2663.192739035	2663.347978205	0.155	58.8	2013.4	1954.6	192.0	
184	Spectrogram 1	1	AU-AWBS03-151019-212000.wav	2666.996098685	2667.190147647	0.194	69.2	2034.2	1965.0	192.0	
185	Spectrogram 1	1	AU-AWBS03-151019-212000.wav	2670.721838750	2670.877077919	0.155	55.4	1802.4	1747.0	64.0	
186	Spectrogram 1	1	AU-AWBS03-151019-212000.wav	2674.525198400	2674.680437569	0.155	53.6	1971.9	1918.3	64.0	
187	Spectrogram 1	1	AU-AWBS03-151019-212000.wav	2678.231533569	2678.425582530	0.194	67.5	1420.1	1352.6	208.0	
188	Spectrogram 1	1	AU-AWBS03-151019-212000.wav	2681.976678530	2682.209537284	0.233	48.4	1432.2	1383.8	208.0	
189	Spectrogram 1	1	AU-AWBS03-151019-212000.wav	2685.644203907	2685.838252868	0.194	57.1	1982.3	1925.2	64.0	
190	Spectrogram 1	1	AU-AWBS03-151019-212000.wav	2689.311729283	2689.505778245	0.194	51.9	1695.1	1643.2	208.0	
191	Spectrogram 1	1	AU-AWBS03-151019-212000.wav	2693.056874244	2693.250923206	0.194	51.9	1269.6	1217.7	64.0	
192	Spectrogram 1	1	AU-AWBS03-151019-212000.wav	2696.879638790	2697.034877960	0.155	41.5	1522.2	1480.6	256.0	
193	Spectrogram 1	1	AU-AWBS03-151019-212000.wav	2700.527759271	2700.721808232	0.194	50.2	1465.1	1414.9	240.0	
194	Spectrogram 1	1	AU-AWBS03-151019-212000.wav	2704.346697769	2704.540746731	0.194	41.5	1581.0	1539.5	240.0	
195	Spectrogram 1	1	AU-AWBS03-151019-212000.wav	2708.033628042	2708.227677004	0.194	45.0	1228.1	1183.1	48.0	
196	Spectrogram 1	1	AU-AWBS03-151019-212000.wav	2711.798177899	2711.992226861	0.194	62.3	1459.9	1397.6	64.0	
197	Spectrogram 1	1	AU-AWBS03-151019-212000.wav	2715.717966926	2715.950825680	0.233	55.4	1785.1	1729.7	64.0	
198	Spectrogram 1	1	AU-AWBS03-151019-212000.wav	2719.404897199	2719.598946161	0.194	69.2	1795.5	1726.3	240.0	
199	Spectrogram 1	1	AU-AWBS03-151019-212000.wav	2723.363496018	2723.596354772	0.233	65.7	1857.7	1792.0	80.0	
200	Spectrogram 1	1	AU-AWBS03-151019-212000.wav	2727.283285045	2727.516143799	0.233	69.2	1435.7	1366.5	144.0	end main phrase
201	Spectrogram 1	1	AU-AWBS03-151019-212000.wav	2745.834365786	2746.067224540	0.233	55.4	889.1	833.7	256.0	
202	Spectrogram 1	1	AU-AWBS03-151019-212000.wav	2749.967608670	2750.239277217	0.272	60.5	1593.1	1532.5	64.0	
203	Spectrogram 1	1	AU-AWBS03-151019-212000.wav	2765.448889768	2765.681748522	0.233	79.6	1390.7	1311.1	80.0	
204	Spectrogram 1	1	AU-AWBS03-151019-212000.wav	2769.585939829	2769.779988791	0.194	51.9	1757.4	1705.5	240.0	
205	Spectrogram 1	1	AU-AWBS03-151019-212000.wav	2774.087875741	2774.320734495	0.233	76.1	2034.2	1958.1	240.0	
206	Spectrogram 1	1	AU-AWBS03-151019-212000.wav	2778.799439464	2778.993488425	0.194	93.4	1850.8	1757.4	96.0	end pattern
207	Spectrogram 1	1	AU-AWBS03-151019-212000.wav	2881.001201556	2881.505728856	0.505	38.1	214.5	176.4	48.0	
208	Spectrogram 1	1	AU-AWBS03-151019-212000.wav	2883.640267435	2884.067175151	0.427	31.1	231.8	200.6	192.0	
209	Spectrogram 1	1	AU-AWBS03-151019-212000.wav	2886.162903937	2886.551001861	0.388	24.2	224.9	200.6	32.0	
210	Spectrogram 1	1	AU-AWBS03-151019-212000.wav	2888.623499704	2889.011597627	0.388	27.7	256.0	228.3	32.0	
211	Spectrogram 1	1	AU-AWBS03-151019-212000.wav	2891.301375376	2891.767092884	0.466	45.0	249.1	204.1	48.0	
212	Spectrogram 1	1	AU-AWBS03-151019-212000.wav	2893.629962916	2893.940441255	0.310	41.5	249.1	207.6	48.0	
213	Spectrogram 1	1	AU-AWBS03-151019-212000.wav	2912.084019176	2912.278068138	0.194	38.1	2037.6	1999.6	48.0	start gs
214	Spectrogram 1	1	AU-AWBS03-151019-212000.wav	2915.984403307	2916.139642476	0.155	55.4	2037.6	1982.3	64.0	
215	Spectrogram 1	1	AU-AWBS03-151019-212000.wav	2919.748953164	2919.904192334	0.155	55.4	2034.2	1978.8	64.0	
216	Spectrogram 1	1	AU-AWBS03-151019-212000.wav	2923.474693229	2923.629932399	0.155	69.2	2034.2	1965.0	144.0	
217	Spectrogram 1	1	AU-AWBS03-151019-212000.wav	2927.239243087	2927.433292048	0.194	45.0	1601.7	1556.8	48.0	
218	Spectrogram 1	1	AU-AWBS03-151019-212000.wav	2931.003792944	2931.159032113	0.155	55.4	1702.1	1646.7	160.0	
219	Spectrogram 1	1	AU-AWBS03-151019-212000.wav	2934.729533009	2934.923581971	0.194	72.6	2020.3	1947.7	160.0	
220	Spectrogram 1	1	AU-AWBS03-151019-212000.wav	2938.494082867	2938.688131828	0.194	48.4	1594.8	1546.4	208.0	
221	Spectrogram 1	1	AU-AWBS03-151019-212000.wav	2942.138377299	2942.332426261	0.194	58.8	1435.7	1376.9	64.0	
222	Spectrogram 1	1	AU-AWBS03-151019-212000.wav	2945.883522261	2946.116381015	0.233	34.6	1203.9	1169.3	208.0	
223	Spectrogram 1	1	AU-AWBS03-151019-212000.wav	2949.686881910	2949.919740665	0.233	43.2	1326.7	1283.5	48.0	
224	Spectrogram 1	1	AU-AWBS03-151019-212000.wav	2953.412621976	2953.567861145	0.155	55.4	1411.5	1356.1	240.0	
225	Spectrogram 1	1	AU-AWBS03-151019-212000.wav	2957.196576729	2957.390625691	0.194	41.5	1522.2	1480.6	48.0	
226	Spectrogram 1	1	AU-AWBS03-151019-212000.wav	2960.980531483	2961.213390237	0.233	55.4	1065.5	1010.2	64.0	
227	Spectrogram 1	1	AU-AWBS03-151019-212000.wav	2964.861510717	2965.133179264	0.272	48.4	1411.5	1363.0	128.0	
228	Spectrogram 1	1	AU-AWBS03-151019-212000.wav	2968.587250782	2968.858919329	0.272	41.5	1556.8	1515.2	48.0	
229	Spectrogram 1	1	AU-AWBS03-151019-212000.wav	2972.274181055	2972.507039809	0.233	45.0	1657.1	1612.1	48.0	
230	Spectrogram 1	1	AU-AWBS03-151019-212000.wav	2976.407423940	2976.601472901	0.194	24.2	1401.1	1376.9	48.0	
231	Spectrogram 1	1	AU-AWBS03-151019-212000.wav	2979.997329732	2980.307808070	0.310	48.4	1719.4	1670.9	160.0	end main phrase
232	Spectrogram 1	1	AU-AWBS03-151019-212000.wav	2996.972787835	2997.166836797	0.194	62.3	1709.0	1646.7	240.0	
233	Spectrogram 1	1	AU-AWBS03-151019-213000.wav	3000.931386654	3001.125435616	0.194	58.8	1736.6	1677.8	64.0	
234	Spectrogram 1	1	AU-AWBS03-151019-213000.wav	3005.122844227	3005.355702981	0.233	58.8	1740.1	1681.3	64.0	
235	Spectrogram 1	1	AU-AWBS03-151019-213000.wav	3009.372516489	3009.644185035	0.272	58.8	1843.9	1785.1	64.0	end pattern
236	Spectrogram 1	1	AU-AWBS03-151019-213000.wav	3107.340185168	3107.883522261	0.543	34.6	221.4	186.8	48.0	start pattern
237	Spectrogram 1	1	AU-AWBS03-151019-213000.wav	3109.591153124	3110.095680424	0.505	27.7	235.2	207.6	32.0	
238	Spectrogram 1	1	AU-AWBS03-151019-213000.wav	3112.113789626	3112.540697342	0.427	31.1	235.2	204.1	32.0	
239	Spectrogram 1	1	AU-AWBS03-151019-213000.wav	3114.519996752	3114.985714260	0.466	31.1	249.1	217.9	32.0	
240	Spectrogram 1	1	AU-AWBS03-151019-213000.wav	3116.887394085	3117.391921385	0.505	34.6	242.2	207.6	48.0	
241	Spectrogram 1	1	AU-AWBS03-151019-213000.wav	3119.138362041	3119.604079549	0.466	27.7	235.2	207.6	32.0	
242	Spectrogram 1	1	AU-AWBS03-151019-213000.wav	3121.117661450	3121.622188751	0.505	20.8	266.4	245.6	48.0	
243	Spectrogram 1	1	AU-AWBS03-151019-213000.wav	3139.435883437	3139.591122606	0.155	55.4	2034.2	1978.8	64.0	start gs
244	Spectrogram 1	1	AU-AWBS03-151019-213000.wav	3143.336267568	3143.530316529	0.194	64.0	1997.8	1933.8	64.0	
245	Spectrogram 1	1	AU-AWBS03-151019-213000.wav	3147.197841906	3147.353081075	0.155	89.9	2020.3	1930.4	96.0	
246	Spectrogram 1	1	AU-AWBS03-151019-213000.wav	3150.923581971	3151.078821140	0.155	48.4	1674.4	1625.9	144.0	
247	Spectrogram 1	1	AU-AWBS03-151019-213000.wav	3154.688131828	3154.804561205	0.116	45.0	1608.6	1563.7	48.0	
248	Spectrogram 1	1	AU-AWBS03-151019-213000.wav	3158.390640950	3158.545880119	0.155	62.3	1501.4	1439.1	128.0	
249	Spectrogram 1	1	AU-AWBS03-151019-213000.wav	3162.194000599	3162.388049561	0.194	58.8	1522.2	1463.4	144.0	
250	Spectrogram 1	1	AU-AWBS03-151019-213000.wav	3165.958550457	3166.113789626	0.155	48.4	1504.9	1456.4	64.0	
251	Spectrogram 1	1	AU-AWBS03-151019-213000.wav	3169.761910107	3169.917149276	0.155	45.0	1601.7	1556.8	48.0	
252	Spectrogram 1	1	AU-AWBS03-151019-213000.wav	3173.410030587	3173.642889341	0.233	55.4	1729.7	1674.4	64.0	
253	Spectrogram 1	1	AU-AWBS03-151019-213000.wav	3177.155175548	3177.349224510	0.194	51.9	1546.4	1494.5	240.0	
254	Spectrogram 1	1	AU-AWBS03-151019-213000.wav	3180.745081340	3180.977940094	0.233	83.0	1594.8	1511.8	256.0	
255	Spectrogram 1	1	AU-AWBS03-151019-213000.wav	3184.645465471	3184.839514433	0.194	39.8	1364.8	1325.0	224.0	
256	Spectrogram 1	1	AU-AWBS03-151019-213000.wav	3188.390610432	3188.584659394	0.194	65.7	1560.2	1494.5	80.0	
257	Spectrogram 1	1	AU-AWBS03-151019-213000.wav	3192.329804355	3192.523853317	0.194	46.7	1567.1	1520.4	48.0	
258	Spectrogram 1	1	AU-AWBS03-151019-213000.wav	3196.074949316	3196.346617863	0.272	65.7	1556.8	1491.0	80.0	
259	Spectrogram 1	1	AU-AWBS03-151019-213000.wav	3199.800689381	3199.994738343	0.194	76.1	1719.4	1643.2	240.0	
260	Spectrogram 1	1	AU-AWBS03-151019-213000.wav	3203.914527370	3204.147386124	0.233	55.4	1729.7	1674.4	64.0	
261	Spectrogram 1	1	AU-AWBS03-151019-213000.wav	3207.523838058	3207.795506604	0.272	48.4	1695.1	1646.7	160.0	end main phrase
262	Spectrogram 1	1	AU-AWBS03-151019-213000.wav	3223.567861145	3223.839529691	0.272	76.1	1677.8	1601.7	256.0	
263	Spectrogram 1	1	AU-AWBS03-151019-213000.wav	3227.642889341	3227.914557888	0.272	117.6	1753.9	1636.3	224.0	
264	Spectrogram 1	1	AU-AWBS03-151019-213000.wav	3231.640297953	3231.950776291	0.310	103.8	1767.8	1664.0	224.0	
265	Spectrogram 1	1	AU-AWBS03-151019-213000.wav	3235.792945734	3236.064614280	0.272	110.7	1757.4	1646.7	240.0	
266	Spectrogram 1	1	AU-AWBS03-151019-213000.wav	3253.490211043	3253.723069797	0.233	128.0	1653.6	1525.6	240.0	
267	Spectrogram 1	1	AU-AWBS03-151019-213000.wav	3257.914527370	3258.186195916	0.272	72.6	1719.4	1646.7	240.0	end pattern
268	Spectrogram 1	1	AU-AWBS03-151019-213000.wav	3341.697216947	3342.046505078	0.349	27.7	238.7	211.0	32.0	start pattern
269	Spectrogram 1	1	AU-AWBS03-151019-213000.wav	3344.491521996	3344.957239504	0.466	27.7	231.8	204.1	48.0	
270	Spectrogram 1	1	AU-AWBS03-151019-213000.wav	3346.897729121	3347.247017252	0.349	27.7	235.2	207.6	32.0	
271	Spectrogram 1	1	AU-AWBS03-151019-213000.wav	3349.303936246	3349.653224378	0.349	27.7	238.7	211.0	32.0	
272	Spectrogram 1	1	AU-AWBS03-151019-213000.wav	3351.632523787	3352.020621711	0.388	27.7	235.2	207.6	32.0	
273	Spectrogram 1	1	AU-AWBS03-151019-213000.wav	3353.805872158	3354.232779874	0.427	34.6	231.8	197.2	48.0	
274	Spectrogram 1	1	AU-AWBS03-151019-213000.wav	3355.940410737	3356.328508661	0.388	55.4	235.2	179.9	64.0	
275	Spectrogram 1	1	AU-AWBS03-151019-213000.wav	3358.307808070	3358.734715786	0.427	34.6	235.2	200.6	48.0	
276	Spectrogram 1	1	AU-AWBS03-151019-213000.wav	3373.886113649	3374.041352819	0.155	76.1	2037.6	1961.5	192.0	start gs
277	Spectrogram 1	1	AU-AWBS03-151019-213000.wav	3377.844712468	3377.961141845	0.116	45.0	2020.3	1975.4	48.0	
278	Spectrogram 1	1	AU-AWBS03-151019-213000.wav	3381.609262326	3381.764501495	0.155	65.7	2034.2	1968.4	144.0	
279	Spectrogram 1	1	AU-AWBS03-151019-213000.wav	3385.373812183	3385.529051353	0.155	53.6	2020.3	1966.7	64.0	
280	Spectrogram 1	1	AU-AWBS03-151019-213000.wav	3389.099552248	3389.293601210	0.194	41.5	1878.5	1837.0	48.0	
281	Spectrogram 1	1	AU-AWBS03-151019-213000.wav	3392.844697210	3393.038746171	0.194	34.6	1909.6	1875.0	48.0	
282	Spectrogram 1	1	AU-AWBS03-151019-213000.wav	3396.473412794	3396.628651963	0.155	57.1	2003.0	1945.9	64.0	
283	Spectrogram 1	1	AU-AWBS03-151019-213000.wav	3400.160343067	3400.393201821	0.233	83.0	1470.3	1387.2	160.0	
284	Spectrogram 1	1	AU-AWBS03-151019-213000.wav	3404.002512509	3404.196561470	0.194	65.7	1456.4	1390.7	160.0	
285	Spectrogram 1	1	AU-AWBS03-151019-213000.wav	3407.805872158	3408.038730912	0.233	57.1	1319.8	1262.7	240.0	
286	Spectrogram 1	1	AU-AWBS03-151019-213000.wav	3411.492802431	3411.686851393	0.194	55.4	1760.9	1705.5	256.0	
287	Spectrogram 1	1	AU-AWBS03-151019-213000.wav	3415.218542496	3415.490211043	0.272	69.2	1670.9	1601.7	240.0	
288	Spectrogram 1	1	AU-AWBS03-151019-213000.wav	3419.099521731	3419.293570692	0.194	58.8	1065.5	1006.7	128.0	
289	Spectrogram 1	1	AU-AWBS03-151019-213000.wav	3422.844666692	3423.038715654	0.194	57.1	1389.0	1331.9	64.0	
290	Spectrogram 1	1	AU-AWBS03-151019-213000.wav	3426.745050823	3426.977909577	0.233	79.6	1785.1	1705.5	304.0	
291	Spectrogram 1	1	AU-AWBS03-151019-213000.wav	3430.719228490	3430.913277452	0.194	55.4	1318.1	1262.7	64.0	
292	Spectrogram 1	1	AU-AWBS03-151019-213000.wav	3434.677827310	3434.871876271	0.194	65.7	1857.7	1792.0	288.0	
293	Spectrogram 1	1	AU-AWBS03-151019-213000.wav	3438.364757582	3438.597616336	0.233	76.1	1629.4	1553.3	224.0	
294	Spectrogram 1	1	AU-AWBS03-151019-213000.wav	3442.090497647	3442.362166194	0.272	58.8	1857.7	1798.9	112.0	end main phrase
295	Spectrogram 1	1	AU-AWBS03-151019-213000.wav	3452.336282826	3452.530331788	0.194	117.6	1345.7	1228.1	416.0	
296	Spectrogram 1	1	AU-AWBS03-151019-213000.wav	3456.644169777	3456.838218738	0.194	96.9	1494.5	1397.6	256.0	
297	Spectrogram 1	1	AU-AWBS03-151019-213000.wav	3460.719197973	3460.952056727	0.233	110.7	1587.9	1477.2	240.0	
298	Spectrogram 1	1	AU-AWBS03-151019-213000.wav	3464.794226169	3465.027084923	0.233	93.4	1684.8	1591.4	224.0	end pattern
299	Spectrogram 1	1	AU-AWBS03-151019-213000.wav	3575.510911633	3575.899009557	0.388	17.3	249.1	231.8	32.0	start pattern
300	Spectrogram 1	1	AU-AWBS03-151019-213000.wav	3577.955928551	3578.305216682	0.349	34.6	235.2	200.6	48.0	
301	Spectrogram 1	1	AU-AWBS03-151019-213000.wav	3580.672614015	3581.060711938	0.388	34.6	231.8	197.2	48.0	
302	Spectrogram 1	1	AU-AWBS03-151019-213000.wav	3583.195250517	3583.583348441	0.388	45.0	242.2	197.2	48.0	
303	Spectrogram 1	1	AU-AWBS03-151019-213000.wav	3585.446218473	3585.873126189	0.427	31.1	217.9	186.8	32.0	
304	Spectrogram 1	1	AU-AWBS03-151019-213000.wav	3587.968854976	3588.473382276	0.505	20.8	217.9	197.2	48.0	
305	Spectrogram 1	1	AU-AWBS03-151019-213000.wav	3590.080162611	3590.584689911	0.505	17.3	224.9	207.6	48.0	
306	Spectrogram 1	1	AU-AWBS03-151019-213000.wav	3592.563989321	3592.990897037	0.427	17.3	221.4	204.1	32.0	
307	Spectrogram 1	1	AU-AWBS03-151019-214000.wav	3610.571732969	3610.726972138	0.155	45.0	1722.8	1677.8	48.0	start gs
308	Spectrogram 1	1	AU-AWBS03-151019-214000.wav	3614.530331788	3614.685570957	0.155	51.9	1940.8	1888.9	64.0	
309	Spectrogram 1	1	AU-AWBS03-151019-214000.wav	3618.294881645	3618.450120815	0.155	27.7	2041.1	2013.4	32.0	
310	Spectrogram 1	1	AU-AWBS03-151019-214000.wav	3622.059431503	3622.253480465	0.194	34.6	2030.7	1996.1	48.0	
311	Spectrogram 1	1	AU-AWBS03-151019-214000.wav	3625.823981360	3626.018030322	0.194	41.5	1812.8	1771.2	160.0	
312	Spectrogram 1	1	AU-AWBS03-151019-214000.wav	3629.588531218	3629.743770387	0.155	58.8	1944.2	1885.4	64.0	
313	Spectrogram 1	1	AU-AWBS03-151019-214000.wav	3633.275461491	3633.469510452	0.194	41.5	1843.9	1802.4	176.0	
314	Spectrogram 1	1	AU-AWBS03-151019-214000.wav	3636.923581971	3637.078821140	0.155	57.1	1913.1	1856.0	64.0	
315	Spectrogram 1	1	AU-AWBS03-151019-214000.wav	3640.726941621	3640.882180790	0.155	51.9	1947.7	1895.8	160.0	
316	Spectrogram 1	1	AU-AWBS03-151019-214000.wav	3644.410045846	3644.604094808	0.194	57.1	1802.4	1745.3	64.0	
318	Spectrogram 1	1	AU-AWBS03-151019-214000.wav	3648.155190807	3648.388049561	0.233	48.4	1304.2	1255.8	288.0	
319	Spectrogram 1	1	AU-AWBS03-151019-214000.wav	3651.803311288	3652.036170042	0.233	55.4	1536.0	1480.6	64.0	
320	Spectrogram 1	1	AU-AWBS03-151019-214000.wav	3655.412621976	3655.684290522	0.272	58.8	1470.3	1411.5	240.0	
321	Spectrogram 1	1	AU-AWBS03-151019-214000.wav	3659.293601210	3659.565269756	0.272	58.8	1705.5	1646.7	64.0	
322	Spectrogram 1	1	AU-AWBS03-151019-214000.wav	3663.096960860	3663.329819614	0.233	41.5	1809.3	1767.8	48.0	
323	Spectrogram 1	1	AU-AWBS03-151019-214000.wav	3666.939130302	3667.171989056	0.233	34.6	1795.5	1760.9	48.0	
324	Spectrogram 1	1	AU-AWBS03-151019-214000.wav	3670.626060575	3670.897729121	0.272	69.2	1785.1	1715.9	416.0	
325	Spectrogram 1	1	AU-AWBS03-151019-214000.wav	3674.584659394	3674.895137733	0.310	62.3	1902.7	1840.4	64.0	
326	Spectrogram 1	1	AU-AWBS03-151019-214000.wav	3678.504448421	3678.776116967	0.272	51.9	2013.4	1961.5	128.0	end main phrase
327	Spectrogram 1	1	AU-AWBS03-151019-214000.wav	3692.592403042	3692.786452003	0.194	100.3	1688.2	1587.9	448.0	
328	Spectrogram 1	1	AU-AWBS03-151019-214000.wav	3696.512192069	3696.745050823	0.233	65.7	1975.4	1909.6	400.0	
329	Spectrogram 1	1	AU-AWBS03-151019-214000.wav	3700.544584425	3700.796848075	0.252	65.7	1643.2	1577.5	224.0	
330	Spectrogram 1	1	AU-AWBS03-151019-214000.wav	3711.120252839	3711.314301800	0.194	79.6	1650.2	1570.6	80.0	
331	Spectrogram 1	1	AU-AWBS03-151019-214000.wav	3715.234090827	3715.505759374	0.272	58.8	1629.4	1570.6	64.0	
332	Spectrogram 1	1	AU-AWBS03-151019-214000.wav	3719.270309231	3719.541977778	0.272	76.1	1750.5	1674.4	224.0	
333	Spectrogram 1	1	AU-AWBS03-151019-214000.wav	3723.655815766	3723.966294105	0.310	89.9	2020.3	1930.4	224.0	end pattern
334	Spectrogram 1	1	AU-AWBS03-151019-214000.wav	3806.933978043	3807.360885758	0.427	17.3	249.1	231.8	32.0	start pattern
335	Spectrogram 1	1	AU-AWBS03-151019-214000.wav	3809.534234130	3809.961141845	0.427	31.1	231.8	200.6	32.0	
336	Spectrogram 1	1	AU-AWBS03-151019-214000.wav	3811.901631463	3812.367348971	0.466	27.7	235.2	207.6	32.0	
337	Spectrogram 1	1	AU-AWBS03-151019-214000.wav	3814.540697342	3814.967605058	0.427	41.5	217.9	176.4	192.0	
338	Spectrogram 1	1	AU-AWBS03-151019-214000.wav	3816.908094675	3817.296192599	0.388	27.7	214.5	186.8	32.0	
339	Spectrogram 1	1	AU-AWBS03-151019-214000.wav	3819.081443046	3819.469540970	0.388	27.7	235.2	207.6	32.0	
340	Spectrogram 1	1	AU-AWBS03-151019-214000.wav	3821.099552248	3821.604079549	0.505	34.6	221.4	186.8	48.0	
341	Spectrogram 1	1	AU-AWBS03-151019-214000.wav	3823.544569166	3823.971476882	0.427	34.6	228.3	193.7	48.0	
342	Spectrogram 1	1	AU-AWBS03-151019-214000.wav	3826.377684007	3826.804591723	0.427	31.1	228.3	197.2	32.0	
343	Spectrogram 1	1	AU-AWBS03-151019-214000.wav	3839.747657470	3839.941706432	0.194	79.6	1947.7	1868.1	80.0	start gs
344	Spectrogram 1	1	AU-AWBS03-151019-214000.wav	3843.686851393	3843.919710147	0.233	79.6	2023.8	1944.2	176.0	
345	Spectrogram 1	1	AU-AWBS03-151019-214000.wav	3847.509615939	3847.703664901	0.194	43.2	1933.8	1890.6	48.0	
346	Spectrogram 1	1	AU-AWBS03-151019-214000.wav	3851.235356004	3851.429404966	0.194	100.3	1864.6	1764.3	144.0	
347	Spectrogram 1	1	AU-AWBS03-151019-214000.wav	3855.058120550	3855.252169512	0.194	55.4	1660.5	1605.2	160.0	
348	Spectrogram 1	1	AU-AWBS03-151019-214000.wav	3858.803265511	3858.997314473	0.194	64.0	1833.5	1769.5	160.0	
349	Spectrogram 1	1	AU-AWBS03-151019-214000.wav	3862.447559944	3862.719228490	0.272	45.0	1542.9	1497.9	48.0	
350	Spectrogram 1	1	AU-AWBS03-151019-214000.wav	3866.250919594	3866.444968555	0.194	41.5	1366.5	1325.0	48.0	
351	Spectrogram 1	1	AU-AWBS03-151019-214000.wav	3869.976659659	3870.209518413	0.233	62.3	1785.1	1722.8	144.0	
352	Spectrogram 1	1	AU-AWBS03-151019-214000.wav	3873.780019309	3873.974068270	0.194	55.4	1224.6	1169.3	144.0	
353	Spectrogram 1	1	AU-AWBS03-151019-214000.wav	3877.505759374	3877.699808335	0.194	76.1	1183.1	1107.0	208.0	
354	Spectrogram 1	1	AU-AWBS03-151019-214000.wav	3881.231499439	3881.425548400	0.194	76.1	1193.5	1117.4	256.0	
355	Spectrogram 1	1	AU-AWBS03-151019-214000.wav	3884.996049296	3885.228908050	0.233	46.7	1331.9	1285.2	48.0	
356	Spectrogram 1	1	AU-AWBS03-151019-214000.wav	3888.838218738	3889.071077492	0.233	58.8	1404.5	1345.7	128.0	
357	Spectrogram 1	1	AU-AWBS03-151019-214000.wav	3892.680388180	3892.952056727	0.272	62.3	1681.3	1619.0	64.0	
358	Spectrogram 1	1	AU-AWBS03-151019-214000.wav	3896.444938038	3896.677796792	0.233	83.0	1349.2	1266.2	208.0	
359	Spectrogram 1	1	AU-AWBS03-151019-214000.wav	3900.481156442	3900.675205403	0.194	48.4	1715.9	1667.5	128.0	
360	Spectrogram 1	1	AU-AWBS03-151019-214000.wav	3904.129276922	3904.400945469	0.272	55.4	1594.8	1539.5	64.0	
361	Spectrogram 1	1	AU-AWBS03-151019-214000.wav	3907.777397403	3908.049065949	0.272	58.8	1798.9	1740.1	144.0	end main phrase
362	Spectrogram 1	1	AU-AWBS03-151019-214000.wav	3919.397104162	3919.629962916	0.233	145.3	1459.9	1314.6	176.0	
363	Spectrogram 1	1	AU-AWBS03-151019-214000.wav	3923.743800905	3923.976659659	0.233	103.8	1965.0	1861.2	256.0	
364	Spectrogram 1	1	AU-AWBS03-151019-214000.wav	3927.702399724	3927.935258478	0.233	72.6	1456.4	1383.8	240.0	
365	Spectrogram 1	1	AU-AWBS03-151019-214000.wav	3931.893857297	3932.165525844	0.272	117.6	1802.4	1684.8	352.0	end pattern
366	Spectrogram 1	1	AU-AWBS03-151019-215000.wav	4597.940410737	4598.406128246	0.466	34.6	235.2	200.6	48.0	start pattern
367	Spectrogram 1	1	AU-AWBS03-151019-215000.wav	4601.161623502	4601.743770387	0.582	31.1	242.2	211.0	32.0	
368	Spectrogram 1	1	AU-AWBS03-151019-215000.wav	4603.800689381	4604.227597097	0.427	41.5	235.2	193.7	48.0	
369	Spectrogram 1	1	AU-AWBS03-151019-215000.wav	4607.177141315	4607.720478408	0.543	51.9	238.7	186.8	64.0	
370	Spectrogram 1	1	AU-AWBS03-151019-215000.wav	4610.243114911	4610.825261796	0.582	45.0	231.8	186.8	48.0	
371	Spectrogram 1	1	AU-AWBS03-151019-215000.wav	4613.037419959	4613.697186429	0.660	38.1	221.4	183.4	48.0	
372	Spectrogram 1	1	AU-AWBS03-151019-215000.wav	4615.575635310	4616.157782196	0.582	34.6	221.4	186.8	48.0	
373	Spectrogram 1	1	AU-AWBS03-151019-215000.wav	4632.380275396	4632.574324357	0.194	55.4	1667.5	1612.1	64.0	start gs
374	Spectrogram 1	1	AU-AWBS03-151019-215000.wav	4636.086610565	4636.280659526	0.194	57.1	1430.5	1373.4	96.0	
375	Spectrogram 1	1	AU-AWBS03-151019-215000.wav	4639.889970214	4640.084019176	0.194	62.3	1404.5	1342.3	64.0	
376	Spectrogram 1	1	AU-AWBS03-151019-215000.wav	4643.635115176	4643.790354345	0.155	86.5	1297.3	1210.8	160.0	
377	Spectrogram 1	1	AU-AWBS03-151019-215000.wav	4647.205616071	4647.399665033	0.194	69.2	1484.1	1414.9	256.0	
378	Spectrogram 1	1	AU-AWBS03-151019-215000.wav	4651.008975721	4651.203024683	0.194	55.4	1297.3	1241.9	64.0	
379	Spectrogram 1	1	AU-AWBS03-151019-215000.wav	4654.773525579	4654.967574540	0.194	34.6	1740.1	1705.5	48.0	
380	Spectrogram 1	1	AU-AWBS03-151019-215000.wav	4658.538075436	4658.809743982	0.272	45.0	1805.8	1760.9	208.0	
381	Spectrogram 1	1	AU-AWBS03-151019-215000.wav	4662.419054670	4662.651913425	0.233	48.4	1843.9	1795.5	400.0	
382	Spectrogram 1	1	AU-AWBS03-151019-215000.wav	4666.300033905	4666.494082867	0.194	41.5	1646.7	1605.2	48.0	
383	Spectrogram 1	1	AU-AWBS03-151019-215000.wav	4670.274211573	4670.545880119	0.272	62.3	1757.4	1695.1	240.0	
384	Spectrogram 1	1	AU-AWBS03-151019-215000.wav	4674.155190807	4674.388049561	0.233	48.4	1757.4	1709.0	64.0	
385	Spectrogram 1	1	AU-AWBS03-151019-215000.wav	4678.191409211	4678.463077757	0.272	41.5	1373.4	1331.9	48.0	
386	Spectrogram 1	1	AU-AWBS03-151019-215000.wav	4682.188817822	4682.421676577	0.233	76.1	1774.7	1698.6	384.0	
387	Spectrogram 1	1	AU-AWBS03-151019-215000.wav	4686.108606849	4686.341465603	0.233	65.7	1899.2	1833.5	384.0	
388	Spectrogram 1	1	AU-AWBS03-151019-215000.wav	4690.261254630	4690.455303592	0.194	72.6	1556.8	1484.1	208.0	
389	Spectrogram 1	1	AU-AWBS03-151019-215000.wav	4694.181043657	4694.375092619	0.194	62.3	1861.2	1798.9	224.0	
390	Spectrogram 1	1	AU-AWBS03-151019-215000.wav	4698.023213099	4698.217262061	0.194	83.0	1501.4	1418.4	240.0	
391	Spectrogram 1	1	AU-AWBS03-151019-215000.wav	4702.059431503	4702.292290257	0.233	83.0	1442.6	1359.6	224.0	end pattern - no terminal phrase
392	Spectrogram 1	1	AU-AWBS03-151019-220000.wav	4890.931398577	4891.397116085	0.466	20.8	231.8	211.0	32.0	start pattern
393	Spectrogram 1	1	AU-AWBS03-151019-220000.wav	4892.871888194	4893.376415494	0.505	20.8	224.9	204.1	32.0	
394	Spectrogram 1	1	AU-AWBS03-151019-220000.wav	4894.967616981	4895.355714904	0.388	31.1	238.7	207.6	32.0	
395	Spectrogram 1	1	AU-AWBS03-151019-220000.wav	4897.412633898	4897.917161199	0.505	38.1	245.6	207.6	48.0	
396	Spectrogram 1	1	AU-AWBS03-151019-220000.wav	4900.012889985	4900.439797701	0.427	34.6	235.2	200.6	48.0	
397	Spectrogram 1	1	AU-AWBS03-151019-220000.wav	4902.729575450	4903.078863581	0.349	31.1	242.2	211.0	32.0	
398	Spectrogram 1	1	AU-AWBS03-151019-220000.wav	4923.221145808	4923.415194769	0.194	45.0	2003.0	1958.1	48.0	start gs
399	Spectrogram 1	1	AU-AWBS03-151019-220000.wav	4927.063315250	4927.218554419	0.155	55.4	2016.9	1961.5	64.0	
400	Spectrogram 1	1	AU-AWBS03-151019-220000.wav	4930.905484692	4931.060723861	0.155	48.4	1857.7	1809.3	64.0	
401	Spectrogram 1	1	AU-AWBS03-151019-220000.wav	4934.689439445	4934.883488407	0.194	36.3	1795.5	1759.1	48.0	
402	Spectrogram 1	1	AU-AWBS03-151019-220000.wav	4938.240535445	4938.473394199	0.233	58.8	1504.9	1446.1	64.0	
403	Spectrogram 1	1	AU-AWBS03-151019-220000.wav	4942.121514679	4942.354373433	0.233	34.6	1487.6	1453.0	48.0	
404	Spectrogram 1	1	AU-AWBS03-151019-220000.wav	4945.924874329	4946.118923291	0.194	48.4	1570.6	1522.2	160.0	
405	Spectrogram 1	1	AU-AWBS03-151019-220000.wav	4949.685598139	4949.879647101	0.194	46.7	1544.6	1497.9	48.0	
406	Spectrogram 1	1	AU-AWBS03-151019-220000.wav	4953.430743100	4953.702411647	0.272	62.3	1491.0	1428.8	192.0	
407	Spectrogram 1	1	AU-AWBS03-151019-220000.wav	4957.350532127	4957.544581089	0.194	58.8	1947.7	1888.9	240.0	
408	Spectrogram 1	1	AU-AWBS03-151019-220000.wav	4961.076272192	4961.309130946	0.233	76.1	1563.7	1487.6	240.0	
409	Spectrogram 1	1	AU-AWBS03-151019-220000.wav	4965.112490596	4965.345349350	0.233	39.8	1696.9	1657.1	48.0	end main phrase
410	Spectrogram 1	1	AU-AWBS03-151019-220000.wav	4983.120234244	4983.314283206	0.194	41.5	1601.7	1560.2	256.0	
411	Spectrogram 1	1	AU-AWBS03-151019-220000.wav	4987.156452648	4987.350501609	0.194	55.4	1408.0	1352.6	64.0	
412	Spectrogram 1	1	AU-AWBS03-151019-220000.wav	4991.192671052	4991.464339598	0.272	55.4	1951.1	1895.8	240.0	
413	Spectrogram 1	1	AU-AWBS03-151019-220000.wav	4995.345318832	4995.578177587	0.233	76.1	1985.7	1909.6	240.0	end pattern
414	Spectrogram 1	1	AU-AWBS03-151019-220000.wav	5152.261236035	5152.571714374	0.310	55.4	231.8	176.4	64.0	start pattern
415	Spectrogram 1	1	AU-AWBS03-151019-220000.wav	5154.279345237	5154.551013784	0.272	41.5	217.9	176.4	48.0	
416	Spectrogram 1	1	AU-AWBS03-151019-220000.wav	5155.909356516	5156.297454439	0.388	38.1	231.8	193.7	48.0	
417	Spectrogram 1	1	AU-AWBS03-151019-220000.wav	5158.237944056	5158.626041980	0.388	34.6	235.2	200.6	48.0	
418	Spectrogram 1	1	AU-AWBS03-151019-220000.wav	5160.100814089	5160.488912012	0.388	27.7	224.9	197.2	32.0	
419	Spectrogram 1	1	AU-AWBS03-151019-220000.wav	5180.782607361	5180.976656323	0.194	31.1	2016.9	1985.7	32.0	start gs
420	Spectrogram 1	1	AU-AWBS03-151019-220000.wav	5184.644181699	5184.799420869	0.155	58.8	2037.6	1978.8	64.0	
421	Spectrogram 1	1	AU-AWBS03-151019-220000.wav	5188.447541349	5188.602780519	0.155	48.4	2037.6	1989.2	64.0	
422	Spectrogram 1	1	AU-AWBS03-151019-220000.wav	5192.212091207	5192.367330376	0.155	65.7	2030.7	1965.0	176.0	
423	Spectrogram 1	1	AU-AWBS03-151019-220000.wav	5195.976641064	5196.170690026	0.194	72.6	2027.2	1954.6	160.0	
424	Spectrogram 1	1	AU-AWBS03-151019-220000.wav	5199.818810506	5200.012859468	0.194	62.3	1999.6	1937.3	64.0	
425	Spectrogram 1	1	AU-AWBS03-151019-220000.wav	5203.583360364	5203.777409325	0.194	65.7	1996.1	1930.4	160.0	
426	Spectrogram 1	1	AU-AWBS03-151019-220000.wav	5207.386720013	5207.619578767	0.233	64.0	1864.6	1800.6	64.0	
427	Spectrogram 1	1	AU-AWBS03-151019-220000.wav	5211.034840494	5211.267699248	0.233	64.0	1926.9	1862.9	160.0	
428	Spectrogram 1	1	AU-AWBS03-151019-220000.wav	5214.799390351	5215.032249105	0.233	51.9	1864.6	1812.8	240.0	
429	Spectrogram 1	1	AU-AWBS03-151019-220000.wav	5218.695948434	5218.928807188	0.233	58.8	1587.9	1529.1	64.0	
430	Spectrogram 1	1	AU-AWBS03-151019-220000.wav	5222.538117876	5222.770976630	0.233	48.4	1366.5	1318.1	128.0	
431	Spectrogram 1	1	AU-AWBS03-151019-220000.wav	5226.341477526	5226.613146073	0.272	76.1	1764.3	1688.2	224.0	
432	Spectrogram 1	1	AU-AWBS03-151019-220000.wav	5230.183646968	5230.455315515	0.272	65.7	1487.6	1421.8	224.0	
433	Spectrogram 1	1	AU-AWBS03-151019-220000.wav	5233.987006618	5234.258675164	0.272	79.6	1511.8	1432.2	448.0	
434	Spectrogram 1	1	AU-AWBS03-151019-220000.wav	5238.139654399	5238.527752322	0.388	62.3	1511.8	1449.5	80.0	
435	Spectrogram 1	1	AU-AWBS03-151019-220000.wav	5242.137063010	5242.369921764	0.233	84.8	1776.4	1691.7	400.0	
436	Spectrogram 1	1	AU-AWBS03-151019-220000.wav	5246.444949961	5246.677808715	0.233	55.4	1383.8	1328.4	64.0	
437	Spectrogram 1	1	AU-AWBS03-151019-220000.wav	5250.519978157	5250.752836911	0.233	72.6	1522.2	1449.5	352.0	
438	Spectrogram 1	1	AU-AWBS03-151019-220000.wav	5254.711435730	5254.983104276	0.272	76.1	1459.9	1383.8	240.0	
439	Spectrogram 1	1	AU-AWBS03-151019-220000.wav	5258.941703096	5259.213371642	0.272	62.3	2016.9	1954.6	256.0	
440	Spectrogram 1	1	AU-AWBS03-151019-220000.wav	5263.327209631	5263.560068385	0.233	65.7	1459.9	1394.2	352.0	
441	Spectrogram 1	1	AU-AWBS03-151019-220000.wav	5267.635096581	5267.906765127	0.272	55.4	2030.7	1975.4	240.0	end main phrase - no terminal phrase
442	Spectrogram 1	1	AU-AWBS03-151019-221000.wav	5407.280656190	5407.668754114	0.388	45.0	228.3	183.4	48.0	
443	Spectrogram 1	1	AU-AWBS03-151019-221000.wav	5409.415194769	5409.803292693	0.388	34.6	238.7	204.1	48.0	
444	Spectrogram 1	1	AU-AWBS03-151019-221000.wav	5411.899021479	5412.287119403	0.388	41.5	238.7	197.2	48.0	
445	Spectrogram 1	1	AU-AWBS03-151019-221000.wav	5414.382848189	5414.809755905	0.427	34.6	221.4	186.8	48.0	
446	Spectrogram 1	1	AU-AWBS03-151019-221000.wav	5416.517386768	5417.060723861	0.543	31.1	228.3	197.2	32.0	
447	Spectrogram 1	1	AU-AWBS03-151019-221000.wav	5419.156452648	5419.583360364	0.427	17.3	224.9	207.6	32.0	
448	Spectrogram 1	1	AU-AWBS03-151019-221000.wav	5421.562659773	5422.028377281	0.466	31.1	228.3	197.2	32.0	
449	Spectrogram 1	1	AU-AWBS03-151019-221000.wav	5442.302667734	5442.496716695	0.194	79.6	2037.6	1958.1	224.0	start gs
450	Spectrogram 1	1	AU-AWBS03-151019-221000.wav	5446.144837176	5446.300076345	0.155	45.0	2034.2	1989.2	48.0	
451	Spectrogram 1	1	AU-AWBS03-151019-221000.wav	5449.928791929	5450.122840891	0.194	58.8	2044.5	1985.7	192.0	
452	Spectrogram 1	1	AU-AWBS03-151019-221000.wav	5453.693341787	5453.887390749	0.194	53.6	2015.1	1961.5	64.0	
453	Spectrogram 1	1	AU-AWBS03-151019-221000.wav	5457.457891644	5457.651940606	0.194	60.5	1828.3	1767.8	176.0	
454	Spectrogram 1	1	AU-AWBS03-151019-221000.wav	5461.164226813	5461.319465983	0.155	51.9	2006.5	1954.6	64.0	
455	Spectrogram 1	1	AU-AWBS03-151019-221000.wav	5464.967586463	5465.122825632	0.155	38.1	1951.1	1913.1	144.0	
456	Spectrogram 1	1	AU-AWBS03-151019-221000.wav	5468.576897151	5468.809755905	0.233	100.3	1940.8	1840.4	160.0	
457	Spectrogram 1	1	AU-AWBS03-151019-221000.wav	5472.457876386	5472.690735140	0.233	55.4	1404.5	1349.2	160.0	
458	Spectrogram 1	1	AU-AWBS03-151019-221000.wav	5476.222426243	5476.416475205	0.194	45.0	1266.2	1221.2	48.0	
459	Spectrogram 1	1	AU-AWBS03-151019-221000.wav	5479.909356516	5480.142215270	0.233	48.4	1376.9	1328.4	144.0	
460	Spectrogram 1	1	AU-AWBS03-151019-221000.wav	5483.693311269	5483.887360231	0.194	65.7	1456.4	1390.7	128.0	
461	Spectrogram 1	1	AU-AWBS03-151019-221000.wav	5487.570464456	5487.764513418	0.194	55.4	1546.4	1491.0	256.0	
462	Spectrogram 1	1	AU-AWBS03-151019-221000.wav	5491.257394729	5491.490253483	0.233	93.4	1549.8	1456.4	448.0	
463	Spectrogram 1	1	AU-AWBS03-151019-221000.wav	5495.021944586	5495.254803340	0.233	76.1	1940.8	1864.6	352.0	
464	Spectrogram 1	1	AU-AWBS03-151019-221000.wav	5498.864114029	5499.096972783	0.233	72.6	1781.6	1709.0	240.0	
465	Spectrogram 1	1	AU-AWBS03-151019-221000.wav	5502.667473678	5502.900332432	0.233	86.5	2027.2	1940.8	464.0	
466	Spectrogram 1	1	AU-AWBS03-151019-221000.wav	5506.703692082	5506.936550836	0.233	69.2	1954.6	1885.4	224.0	
467	Spectrogram 1	1	AU-AWBS03-151019-221000.wav	5510.274192978	5510.507051732	0.233	76.1	1771.2	1695.1	352.0	
468	Spectrogram 1	1	AU-AWBS03-151019-221000.wav	5514.193982005	5514.426840759	0.233	79.6	1733.2	1653.6	240.0	end main phrase
469	Spectrogram 1	1	AU-AWBS03-151019-221000.wav	5529.058132473	5529.290991227	0.233	70.9	1885.4	1814.5	352.0	
470	Spectrogram 1	1	AU-AWBS03-151019-221000.wav	5533.288399838	5533.560068385	0.272	76.1	2009.9	1933.8	80.0	end pattern
471	Spectrogram 1	1	AU-AWBS03-151019-221000.wav	5642.530313193	5642.996030701	0.466	31.1	224.9	193.7	48.0	start pattern
472	Spectrogram 1	1	AU-AWBS03-151019-221000.wav	5644.587232188	5645.052949696	0.466	31.1	228.3	197.2	48.0	
473	Spectrogram 1	1	AU-AWBS03-151019-221000.wav	5647.109868690	5647.575586198	0.466	38.1	235.2	197.2	208.0	
474	Spectrogram 1	1	AU-AWBS03-151019-221000.wav	5649.516075815	5649.942983531	0.427	24.2	228.3	204.1	32.0	
475	Spectrogram 1	1	AU-AWBS03-151019-221000.wav	5651.821432412	5652.287149920	0.466	34.6	231.8	197.2	48.0	
476	Spectrogram 1	1	AU-AWBS03-151019-221000.wav	5654.305259122	5654.848596215	0.543	24.2	228.3	204.1	32.0	
477	Spectrogram 1	1	AU-AWBS03-151019-221000.wav	5656.711466248	5657.177183756	0.466	27.7	238.7	211.0	32.0	
478	Spectrogram 1	1	AU-AWBS03-151019-221000.wav	5659.001243996	5659.622200673	0.621	34.6	235.2	200.6	48.0	
479	Spectrogram 1	1	AU-AWBS03-151019-221000.wav	5674.758019688	5674.952068650	0.194	72.6	2041.1	1968.4	80.0	start gs
480	Spectrogram 1	1	AU-AWBS03-151019-221000.wav	5678.638998922	5678.794238092	0.155	62.3	2037.6	1975.4	64.0	
481	Spectrogram 1	1	AU-AWBS03-151019-221000.wav	5682.364738987	5682.519978157	0.155	48.4	1989.2	1940.8	64.0	
482	Spectrogram 1	1	AU-AWBS03-151019-221000.wav	5686.090479053	5686.245718222	0.155	72.6	2034.2	1961.5	160.0	
483	Spectrogram 1	1	AU-AWBS03-151019-221000.wav	5689.816219118	5689.971458287	0.155	51.9	1982.3	1930.4	64.0	
484	Spectrogram 1	1	AU-AWBS03-151019-221000.wav	5693.580768975	5693.774817937	0.194	65.7	2003.0	1937.3	176.0	
485	Spectrogram 1	1	AU-AWBS03-151019-221000.wav	5697.306509040	5697.500558002	0.194	58.8	1992.6	1933.8	64.0	
486	Spectrogram 1	1	AU-AWBS03-151019-221000.wav	5700.954629521	5701.187488275	0.233	51.9	1954.6	1902.7	160.0	
487	Spectrogram 1	1	AU-AWBS03-151019-221000.wav	5704.695948434	5704.889997396	0.194	65.7	1785.1	1719.4	144.0	
488	Spectrogram 1	1	AU-AWBS03-151019-221000.wav	5708.576927669	5708.809786423	0.233	72.6	1875.0	1802.4	128.0	
489	Spectrogram 1	1	AU-AWBS03-151019-221000.wav	5712.283262838	5712.477311799	0.194	48.4	1664.0	1615.6	144.0	
490	Spectrogram 1	1	AU-AWBS03-151019-221000.wav	5716.106027384	5716.300076345	0.194	48.4	1861.2	1812.8	64.0	
491	Spectrogram 1	1	AU-AWBS03-151019-221000.wav	5719.909387033	5720.142245787	0.233	45.0	1736.6	1691.7	48.0	
492	Spectrogram 1	1	AU-AWBS03-151019-221000.wav	5723.712746683	5723.984415230	0.272	51.9	1830.1	1778.2	432.0	
493	Spectrogram 1	1	AU-AWBS03-151019-221000.wav	5727.671345502	5727.904204256	0.233	58.8	1740.1	1681.3	64.0	
494	Spectrogram 1	1	AU-AWBS03-151019-221000.wav	5731.707563906	5731.901612868	0.194	65.7	1584.4	1518.7	240.0	
495	Spectrogram 1	1	AU-AWBS03-151019-221000.wav	5735.704972518	5735.937831272	0.233	79.6	1989.2	1909.6	416.0	
496	Spectrogram 1	1	AU-AWBS03-151019-221000.wav	5740.051669260	5740.284528014	0.233	51.9	1805.8	1753.9	64.0	
497	Spectrogram 1	1	AU-AWBS03-151019-221000.wav	5744.165507249	5744.398366003	0.233	83.0	1788.5	1705.5	416.0	
498	Spectrogram 1	1	AU-AWBS03-151019-221000.wav	5748.473394199	5748.706252953	0.233	93.4	1788.5	1695.1	352.0	
499	Spectrogram 1	1	AU-AWBS03-151019-221000.wav	5752.664851772	5752.897710526	0.233	79.6	2037.6	1958.1	432.0	end main phrase
