Selection	View	Channel	Begin File	Begin Time (s)	End Time (s)	Delta Time (s)	Low Freq (Hz)	High Freq (Hz)	Delta Freq (Hz)	Peak Freq (Hz)	Notes
1	Spectrogram 1	1	AU-AWBS03-151130-230000.wav	496.015	496.241	0.226	42.6	1260.3	1217.7	288.0	start pattern D
2	Spectrogram 1	1	AU-AWBS03-151130-230000.wav	496.556	496.782	0.226	39.6	1044.1	1004.6	48.0	
3	Spectrogram 1	1	AU-AWBS03-151130-230000.wav	505.263	505.489	0.226	70.0	1726.0	1656.0	80.0	
4	Spectrogram 1	1	AU-AWBS03-151130-230000.wav	505.714	505.940	0.226	63.9	1540.3	1476.4	64.0	
5	Spectrogram 1	1	AU-AWBS03-151130-230000.wav	510.361	510.586	0.226	85.2	1135.5	1050.2	160.0	
6	Spectrogram 1	1	AU-AWBS03-151130-230000.wav	510.857	511.128	0.271	82.2	1065.4	983.3	96.0	
7	Spectrogram 1	1	AU-AWBS03-151130-230000.wav	515.504	515.729	0.226	42.6	1050.2	1007.6	48.0	
8	Spectrogram 1	1	AU-AWBS03-151130-230000.wav	516.045	516.271	0.226	60.9	895.0	834.1	144.0	
9	Spectrogram 1	1	AU-AWBS03-151130-230000.wav	520.511	520.737	0.226	82.2	538.8	456.6	96.0	
10	Spectrogram 1	1	AU-AWBS03-151130-230000.wav	521.008	521.233	0.226	70.0	1077.6	1007.6	80.0	
11	Spectrogram 1	1	AU-AWBS03-151130-230000.wav	525.654	525.880	0.226	54.8	1007.6	952.8	64.0	
12	Spectrogram 1	1	AU-AWBS03-151130-230000.wav	526.195	526.466	0.271	57.8	709.3	651.4	64.0	
13	Spectrogram 1	1	AU-AWBS03-151130-232000.wav	1472.075	1472.256	0.180	88.3	1558.6	1470.3	192.0	start pattern
14	Spectrogram 1	1	AU-AWBS03-151130-232000.wav	1472.571	1472.752	0.180	60.9	1068.5	1007.6	64.0	
15	Spectrogram 1	1	AU-AWBS03-151130-232000.wav	1481.098	1481.323	0.226	82.2	1601.2	1519.0	144.0	
16	Spectrogram 1	1	AU-AWBS03-151130-232000.wav	1481.594	1481.820	0.226	85.2	1187.2	1102.0	96.0	
17	Spectrogram 1	1	AU-AWBS03-151130-232000.wav	1486.150	1486.376	0.226	54.8	1832.6	1777.8	160.0	
18	Spectrogram 1	1	AU-AWBS03-151130-232000.wav	1486.692	1486.917	0.226	60.9	1506.8	1446.0	64.0	
19	Spectrogram 1	1	AU-AWBS03-151130-232000.wav	1491.248	1491.429	0.180	94.4	1552.5	1458.1	96.0	
20	Spectrogram 1	1	AU-AWBS03-151130-232000.wav	1491.699	1491.925	0.226	100.5	761.0	660.6	224.0	
21	Spectrogram 1	1	AU-AWBS03-151130-232000.wav	1496.211	1496.436	0.226	63.9	1920.9	1856.9	336.0	
22	Spectrogram 1	1	AU-AWBS03-151130-232000.wav	1496.662	1496.932	0.271	73.1	1421.6	1348.6	272.0	
23	Spectrogram 1	1	AU-AWBS03-151130-232000.wav	1501.353	1501.579	0.226	76.1	1923.9	1847.8	80.0	
24	Spectrogram 1	1	AU-AWBS03-151130-232000.wav	1501.850	1502.075	0.226	63.9	800.6	736.7	64.0	
25	Spectrogram 1	1	AU-AWBS03-151130-232000.wav	1506.158	1506.383	0.226	62.4	1461.2	1398.8	288.0	
26	Spectrogram 1	1	AU-AWBS03-151130-232000.wav	1506.632	1506.902	0.271	70.0	471.8	401.8	80.0	
27	Spectrogram 1	1	AU-AWBS03-151130-232000.wav	1511.143	1511.414	0.271	106.5	1016.7	910.2	112.0	
28	Spectrogram 1	1	AU-AWBS03-151130-232000.wav	1511.684	1511.955	0.271	94.4	983.3	888.9	96.0	
33	Spectrogram 1	1	AU-AWBS03-151130-233000.wav	1880.752	1880.977	0.226	39.9	1528.1	1488.2	48.0	start pattern
34	Spectrogram 1	1	AU-AWBS03-151130-233000.wav	1881.248	1881.474	0.226	84.1	1482.9	1398.8	176.0	
35	Spectrogram 1	1	AU-AWBS03-151130-233000.wav	1890.135	1890.361	0.226	56.1	1660.4	1604.4	288.0	
36	Spectrogram 1	1	AU-AWBS03-151130-233000.wav	1890.632	1890.857	0.226	49.8	1616.8	1567.0	304.0	
37	Spectrogram 1	1	AU-AWBS03-151130-233000.wav	1895.323	1895.549	0.226	56.1	1523.4	1467.3	288.0	
38	Spectrogram 1	1	AU-AWBS03-151130-233000.wav	1895.820	1896.045	0.226	65.4	1056.1	990.7	432.0	
39	Spectrogram 1	1	AU-AWBS03-151130-233000.wav	1900.556	1900.782	0.226	74.8	1965.7	1891.0	608.0	
40	Spectrogram 1	1	AU-AWBS03-151130-233000.wav	1901.120	1901.346	0.226	62.3	1405.0	1342.7	64.0	
41	Spectrogram 1	1	AU-AWBS03-151130-233000.wav	1905.744	1905.970	0.226	81.0	1937.7	1856.7	592.0	
42	Spectrogram 1	1	AU-AWBS03-151130-233000.wav	1906.308	1906.534	0.226	73.2	1676.0	1602.8	416.0	
43	Spectrogram 1	1	AU-AWBS03-151130-233000.wav	1910.977	1911.203	0.226	65.4	1943.9	1878.5	432.0	
44	Spectrogram 1	1	AU-AWBS03-151130-233000.wav	1911.474	1911.699	0.226	74.8	1426.8	1352.0	256.0	
45	Spectrogram 1	1	AU-AWBS03-151130-233000.wav	2179.308	2179.579	0.271	81.0	887.9	806.9	288.0	start pattern
46	Spectrogram 1	1	AU-AWBS03-151130-233000.wav	2179.850	2180.075	0.226	84.1	719.6	635.5	96.0	
47	Spectrogram 1	1	AU-AWBS03-151130-233000.wav	2188.556	2188.827	0.271	87.2	1426.8	1339.6	176.0	
48	Spectrogram 1	1	AU-AWBS03-151130-233000.wav	2189.053	2189.278	0.226	84.1	1202.5	1118.4	208.0	
49	Spectrogram 1	1	AU-AWBS03-151130-233000.wav	2193.699	2193.880	0.180	71.7	881.6	810.0	128.0	
50	Spectrogram 1	1	AU-AWBS03-151130-233000.wav	2194.241	2194.466	0.226	87.2	859.8	772.6	160.0	
51	Spectrogram 1	1	AU-AWBS03-151130-233000.wav	2198.707	2198.977	0.271	87.2	1261.7	1174.5	96.0	
53	Spectrogram 1	1	AU-AWBS03-151130-233000.wav	2199.203	2199.474	0.271	71.7	1000.0	928.3	112.0	
54	Spectrogram 1	1	AU-AWBS03-151130-233000.wav	2203.624	2203.850	0.226	56.1	1538.9	1482.9	144.0	
55	Spectrogram 1	1	AU-AWBS03-151130-233000.wav	2204.120	2204.391	0.271	65.4	928.3	862.9	112.0	
56	Spectrogram 1	1	AU-AWBS03-151130-233000.wav	2208.722	2208.992	0.271	81.0	1401.9	1320.9	144.0	
57	Spectrogram 1	1	AU-AWBS03-151130-233000.wav	2209.218	2209.444	0.226	59.2	1339.6	1280.4	64.0	
58	Spectrogram 1	1	AU-AWBS03-151130-233000.wav	2213.774	2214.045	0.271	74.8	1707.2	1632.4	368.0	
59	Spectrogram 1	1	AU-AWBS03-151130-233000.wav	2214.316	2214.586	0.271	71.7	1006.2	934.6	176.0	
60	Spectrogram 1	1	AU-AWBS03-151130-233000.wav	2218.759	2218.985	0.226	73.2	1060.7	987.5	128.0	
61	Spectrogram 1	1	AU-AWBS03-151130-233000.wav	2219.278	2219.504	0.226	68.5	1043.6	975.1	176.0	
62	Spectrogram 1	1	AU-AWBS03-151130-234000.wav	2463.338	2463.564	0.226	62.3	1741.4	1679.1	64.0	start pattern
63	Spectrogram 1	1	AU-AWBS03-151130-234000.wav	2463.789	2464.015	0.226	59.2	1579.4	1520.2	64.0	
64	Spectrogram 1	1	AU-AWBS03-151130-234000.wav	2472.835	2473.060	0.226	62.3	1788.2	1725.9	192.0	
65	Spectrogram 1	1	AU-AWBS03-151130-234000.wav	2473.308	2473.534	0.226	46.7	1345.8	1299.1	416.0	
66	Spectrogram 1	1	AU-AWBS03-151130-234000.wav	2477.955	2478.180	0.226	71.7	1065.4	993.8	144.0	
67	Spectrogram 1	1	AU-AWBS03-151130-234000.wav	2478.451	2478.722	0.271	74.8	1046.7	972.0	288.0	
68	Spectrogram 1	1	AU-AWBS03-151130-234000.wav	2483.053	2483.278	0.226	56.1	1380.1	1324.0	64.0	
69	Spectrogram 1	1	AU-AWBS03-151130-234000.wav	2483.549	2483.820	0.271	62.3	1376.9	1314.6	160.0	
70	Spectrogram 1	1	AU-AWBS03-151130-234000.wav	2488.038	2488.263	0.226	57.6	1176.0	1118.4	240.0	
71	Spectrogram 1	1	AU-AWBS03-151130-234000.wav	2488.511	2488.737	0.226	68.5	1956.4	1887.9	160.0	
72	Spectrogram 1	1	AU-AWBS03-151130-234000.wav	2493.203	2493.429	0.226	56.1	1118.4	1062.3	384.0	
73	Spectrogram 1	1	AU-AWBS03-151130-234000.wav	2493.699	2493.925	0.226	53.0	972.0	919.0	96.0	
74	Spectrogram 1	1	AU-AWBS03-151130-234000.wav	2498.346	2498.571	0.226	68.5	1604.4	1535.8	80.0	
75	Spectrogram 1	1	AU-AWBS03-151130-234000.wav	2498.842	2499.068	0.226	74.8	937.7	862.9	208.0	
76	Spectrogram 1	1	AU-AWBS03-151130-234000.wav	2503.218	2503.444	0.226	53.0	1632.4	1579.4	112.0	
77	Spectrogram 1	1	AU-AWBS03-151130-234000.wav	2503.737	2503.962	0.226	45.2	1163.6	1118.4	512.0	
78	Spectrogram 1	1	AU-AWBS03-151130-234000.wav	2508.316	2508.541	0.226	87.2	1538.9	1451.7	208.0	
79	Spectrogram 1	1	AU-AWBS03-151130-234000.wav	2508.812	2509.038	0.226	87.2	1405.0	1317.8	176.0	
80	Spectrogram 1	1	AU-AWBS03-151130-234000.wav	2838.135	2838.361	0.226	77.9	1903.4	1825.5	112.0	start pattern
81	Spectrogram 1	1	AU-AWBS03-151130-234000.wav	2838.632	2838.857	0.226	62.3	1965.7	1903.4	64.0	
82	Spectrogram 1	1	AU-AWBS03-151130-234000.wav	2847.564	2847.789	0.226	74.8	1775.7	1700.9	112.0	
83	Spectrogram 1	1	AU-AWBS03-151130-234000.wav	2848.060	2848.286	0.226	77.9	940.8	862.9	176.0	
84	Spectrogram 1	1	AU-AWBS03-151130-234000.wav	2852.797	2853.023	0.226	71.7	1834.9	1763.2	112.0	
85	Spectrogram 1	1	AU-AWBS03-151130-234000.wav	2853.293	2853.519	0.226	77.9	1134.0	1056.1	272.0	
86	Spectrogram 1	1	AU-AWBS03-151130-234000.wav	2857.940	2858.165	0.226	68.5	1897.2	1828.7	272.0	
87	Spectrogram 1	1	AU-AWBS03-151130-234000.wav	2858.481	2858.707	0.226	71.7	1563.9	1492.2	144.0	
88	Spectrogram 1	1	AU-AWBS03-151130-234000.wav	2863.083	2863.308	0.226	65.4	1978.2	1912.8	416.0	
89	Spectrogram 1	1	AU-AWBS03-151130-234000.wav	2863.579	2863.850	0.271	65.4	1934.6	1869.2	192.0	
90	Spectrogram 1	1	AU-AWBS03-151130-234000.wav	2868.135	2868.316	0.180	84.1	1943.9	1859.8	176.0	
91	Spectrogram 1	1	AU-AWBS03-151130-234000.wav	2868.632	2868.857	0.226	77.9	1535.8	1457.9	80.0	
92	Spectrogram 1	1	AU-AWBS03-151130-234000.wav	2873.165	2873.391	0.226	84.1	981.3	897.2	288.0	
93	Spectrogram 1	1	AU-AWBS03-151130-234000.wav	2873.639	2873.910	0.271	73.2	1135.5	1062.3	80.0	
94	Spectrogram 1	1	AU-AWBS03-151130-234000.wav	2878.286	2878.511	0.226	68.5	1884.7	1816.2	416.0	
95	Spectrogram 1	1	AU-AWBS03-151130-234000.wav	2878.782	2879.008	0.226	40.5	1769.5	1729.0	128.0	
96	Spectrogram 1	1	AU-AWBS03-151130-234000.wav	2883.429	2883.654	0.226	81.0	1953.3	1872.3	96.0	
97	Spectrogram 1	1	AU-AWBS03-151130-234000.wav	2883.880	2884.150	0.271	68.5	1118.4	1049.8	80.0	
98	Spectrogram 1	1	AU-AWBS03-151130-234000.wav	2888.662	2888.887	0.226	34.3	1903.4	1869.2	816.0	
99	Spectrogram 1	1	AU-AWBS03-151130-234000.wav	2889.158	2889.383	0.226	31.2	1791.3	1760.1	224.0	
100	Spectrogram 1	1	AU-AWBS03-151130-235000.wav	3120.632	3120.857	0.226	62.3	1725.9	1663.6	272.0	start pattern
101	Spectrogram 1	1	AU-AWBS03-151130-235000.wav	3121.083	3121.308	0.226	74.8	891.0	816.2	144.0	
102	Spectrogram 1	1	AU-AWBS03-151130-235000.wav	3129.970	3130.195	0.226	43.6	1875.4	1831.8	128.0	
103	Spectrogram 1	1	AU-AWBS03-151130-235000.wav	3130.466	3130.692	0.226	56.1	1847.4	1791.3	160.0	
104	Spectrogram 1	1	AU-AWBS03-151130-235000.wav	3135.068	3135.293	0.226	90.3	1953.3	1862.9	112.0	
105	Spectrogram 1	1	AU-AWBS03-151130-235000.wav	3135.564	3135.789	0.226	65.4	1246.1	1180.7	80.0	
106	Spectrogram 1	1	AU-AWBS03-151130-235000.wav	3140.165	3140.391	0.226	74.8	1993.8	1919.0	80.0	
107	Spectrogram 1	1	AU-AWBS03-151130-235000.wav	3140.617	3140.842	0.226	90.3	1903.4	1813.1	288.0	
108	Spectrogram 1	1	AU-AWBS03-151130-235000.wav	3145.308	3145.534	0.226	87.2	1937.7	1850.5	96.0	
109	Spectrogram 1	1	AU-AWBS03-151130-235000.wav	3145.850	3146.075	0.226	68.5	1426.8	1358.3	96.0	
110	Spectrogram 1	1	AU-AWBS03-151130-235000.wav	3150.496	3150.722	0.226	93.5	1816.2	1722.7	128.0	
111	Spectrogram 1	1	AU-AWBS03-151130-235000.wav	3150.992	3151.173	0.180	87.2	1420.6	1333.3	96.0	
112	Spectrogram 1	1	AU-AWBS03-151130-235000.wav	3155.504	3155.729	0.226	130.8	919.0	788.2	176.0	
113	Spectrogram 1	1	AU-AWBS03-151130-235000.wav	3156.045	3156.316	0.271	109.0	685.4	576.3	176.0	
114	Spectrogram 1	1	AU-AWBS03-151130-235000.wav	3160.692	3160.917	0.226	115.3	1389.4	1274.1	144.0	
115	Spectrogram 1	1	AU-AWBS03-151130-235000.wav	3161.143	3161.368	0.226	81.0	1230.5	1149.5	128.0	
116	Spectrogram 1	1	AU-AWBS03-151201-001000.wav	4228.737	4228.917	0.180	53.0	1324.0	1271.0	368.0	start pattern
117	Spectrogram 1	1	AU-AWBS03-151201-001000.wav	4229.188	4229.414	0.226	59.2	1202.5	1143.3	64.0	
118	Spectrogram 1	1	AU-AWBS03-151201-001000.wav	4237.985	4238.211	0.226	93.5	1972.0	1878.5	144.0	
119	Spectrogram 1	1	AU-AWBS03-151201-001000.wav	4238.571	4238.842	0.271	90.3	1486.0	1395.6	272.0	
120	Spectrogram 1	1	AU-AWBS03-151201-001000.wav	4243.218	4243.444	0.226	96.6	1990.7	1894.1	320.0	
121	Spectrogram 1	1	AU-AWBS03-151201-001000.wav	4243.714	4243.985	0.271	96.6	1669.8	1573.2	272.0	
122	Spectrogram 1	1	AU-AWBS03-151201-001000.wav	4248.316	4248.586	0.271	104.4	1995.3	1891.0	416.0	
123	Spectrogram 1	1	AU-AWBS03-151201-001000.wav	4248.857	4249.083	0.226	96.6	1909.7	1813.1	288.0	
124	Spectrogram 1	1	AU-AWBS03-151201-001000.wav	4253.436	4253.662	0.226	81.0	1965.7	1884.7	96.0	
125	Spectrogram 1	1	AU-AWBS03-151201-001000.wav	4253.955	4254.180	0.226	93.5	1897.2	1803.7	144.0	
126	Spectrogram 1	1	AU-AWBS03-151201-001000.wav	4258.398	4258.624	0.226	110.6	1789.7	1679.1	1328.0	
127	Spectrogram 1	1	AU-AWBS03-151201-001000.wav	4258.872	4259.098	0.226	81.0	1376.9	1296.0	112.0	
128	Spectrogram 1	1	AU-AWBS03-151201-001000.wav	4263.383	4263.609	0.226	96.6	1694.7	1598.1	128.0	
129	Spectrogram 1	1	AU-AWBS03-151201-001000.wav	4263.835	4264.060	0.226	90.3	1239.9	1149.5	736.0	
130	Spectrogram 1	1	AU-AWBS03-151201-001000.wav	4269.158	4269.383	0.226	77.9	1716.5	1638.6	80.0	
131	Spectrogram 1	1	AU-AWBS03-151201-001000.wav	4269.609	4269.835	0.226	84.1	1704.0	1619.9	256.0	
132	Spectrogram 1	1	AU-AWBS03-151201-001000.wav	4567.714	4567.940	0.226	53.0	1171.3	1118.4	320.0	start pattern
133	Spectrogram 1	1	AU-AWBS03-151201-001000.wav	4568.211	4568.436	0.226	71.7	869.2	797.5	320.0	
134	Spectrogram 1	1	AU-AWBS03-151201-001000.wav	4576.872	4577.098	0.226	81.0	1286.6	1205.6	288.0	
135	Spectrogram 1	1	AU-AWBS03-151201-001000.wav	4577.414	4577.684	0.271	68.5	1495.3	1426.8	112.0	
136	Spectrogram 1	1	AU-AWBS03-151201-001000.wav	4582.105	4582.331	0.226	68.5	1697.8	1629.3	320.0	
137	Spectrogram 1	1	AU-AWBS03-151201-001000.wav	4582.624	4582.850	0.226	62.3	1476.6	1414.3	64.0	
138	Spectrogram 1	1	AU-AWBS03-151201-001000.wav	4587.113	4587.338	0.226	68.5	1943.9	1875.4	80.0	
139	Spectrogram 1	1	AU-AWBS03-151201-001000.wav	4587.654	4587.880	0.226	77.9	1457.9	1380.1	384.0	
140	Spectrogram 1	1	AU-AWBS03-151201-001000.wav	4592.256	4592.481	0.226	56.1	1981.3	1925.2	592.0	
141	Spectrogram 1	1	AU-AWBS03-151201-001000.wav	4592.752	4592.977	0.226	65.4	1183.8	1118.4	208.0	
142	Spectrogram 1	1	AU-AWBS03-151201-001000.wav	4597.398	4597.624	0.226	93.5	1919.0	1825.5	160.0	
143	Spectrogram 1	1	AU-AWBS03-151201-001000.wav	4597.940	4598.165	0.226	74.8	1548.3	1473.5	288.0	
144	Spectrogram 1	1	AU-AWBS03-151201-001000.wav	4602.632	4602.812	0.180	53.0	1875.4	1822.4	416.0	
145	Spectrogram 1	1	AU-AWBS03-151201-001000.wav	4603.128	4603.353	0.226	49.8	1660.4	1610.6	256.0	
146	Spectrogram 1	1	AU-AWBS03-151201-001000.wav	4607.594	4607.820	0.226	59.2	1697.8	1638.6	288.0	
147	Spectrogram 1	1	AU-AWBS03-151201-001000.wav	4608.135	4608.361	0.226	43.6	1644.9	1601.2	48.0	
148	Spectrogram 1	1	AU-AWBS03-151201-001000.wav	4612.602	4612.827	0.226	65.4	1791.3	1725.9	288.0	
149	Spectrogram 1	1	AU-AWBS03-151201-001000.wav	4613.098	4613.323	0.226	71.7	1781.9	1710.3	288.0	
150	Spectrogram 1	1	AU-AWBS03-151201-001000.wav	4617.744	4617.970	0.226	77.9	1915.9	1838.0	80.0	
151	Spectrogram 1	1	AU-AWBS03-151201-001000.wav	4618.286	4618.556	0.271	81.0	1211.8	1130.8	96.0	
152	Spectrogram 1	1	AU-AWBS03-151201-040000.wav	4824.947	4825.218	0.271	49.8	1816.2	1766.4	144.0	start pattern
153	Spectrogram 1	1	AU-AWBS03-151201-040000.wav	4825.489	4825.714	0.226	43.6	838.0	794.4	48.0	
154	Spectrogram 1	1	AU-AWBS03-151201-040000.wav	4834.105	4834.331	0.226	24.9	1825.5	1800.6	240.0	
155	Spectrogram 1	1	AU-AWBS03-151201-040000.wav	4834.602	4834.827	0.226	59.2	1348.9	1289.7	176.0	
156	Spectrogram 1	1	AU-AWBS03-151201-040000.wav	4839.248	4839.474	0.226	34.3	1585.7	1551.4	224.0	
157	Spectrogram 1	1	AU-AWBS03-151201-040000.wav	4839.744	4839.970	0.226	31.2	685.4	654.2	128.0	
158	Spectrogram 1	1	AU-AWBS03-151201-040000.wav	4844.165	4844.346	0.180	43.6	803.7	760.1	48.0	
159	Spectrogram 1	1	AU-AWBS03-151201-040000.wav	4844.662	4844.887	0.226	49.8	778.8	729.0	176.0	
160	Spectrogram 1	1	AU-AWBS03-151201-040000.wav	4849.105	4849.331	0.226	34.3	912.8	878.5	176.0	
161	Spectrogram 1	1	AU-AWBS03-151201-040000.wav	4849.579	4849.850	0.271	43.6	850.5	806.9	368.0	
162	Spectrogram 1	1	AU-AWBS03-151201-040000.wav	4854.090	4854.316	0.226	31.2	1137.1	1105.9	208.0	
163	Spectrogram 1	1	AU-AWBS03-151201-040000.wav	4854.541	4854.857	0.316	46.7	990.7	943.9	160.0	
164	Spectrogram 1	1	AU-AWBS03-151201-040000.wav	4858.917	4859.188	0.271	56.1	1186.9	1130.8	64.0	
165	Spectrogram 1	1	AU-AWBS03-151201-040000.wav	4859.459	4859.729	0.271	77.9	1177.6	1099.7	80.0	
166	Spectrogram 1	1	AU-AWBS03-151201-040000.wav	4863.970	4864.195	0.226	24.9	866.0	841.1	256.0	
167	Spectrogram 1	1	AU-AWBS03-151201-040000.wav	4864.466	4864.737	0.271	24.9	866.0	841.1	208.0	
168	Spectrogram 1	1	AU-AWBS03-151201-040000.wav	4869.068	4869.293	0.226	56.1	922.1	866.0	784.0	
169	Spectrogram 1	1	AU-AWBS03-151201-040000.wav	4869.609	4869.835	0.226	34.3	887.9	853.6	208.0	
170	Spectrogram 1	1	AU-AWBS03-151201-040000.wav	4874.030	4874.256	0.226	74.8	1121.5	1046.7	400.0	
171	Spectrogram 1	1	AU-AWBS03-151201-040000.wav	4874.571	4874.797	0.226	68.5	1037.4	968.8	80.0	
172	Spectrogram 1	1	AU-AWBS03-151201-040000.wav	5031.925	5032.150	0.226	46.7	1881.6	1834.9	176.0	start pattern
173	Spectrogram 1	1	AU-AWBS03-151201-040000.wav	5032.421	5032.647	0.226	46.7	1697.8	1651.1	176.0	
174	Spectrogram 1	1	AU-AWBS03-151201-040000.wav	5041.128	5041.353	0.226	40.5	1230.5	1190.0	208.0	
175	Spectrogram 1	1	AU-AWBS03-151201-040000.wav	5041.624	5041.850	0.226	34.3	1211.8	1177.6	176.0	
176	Spectrogram 1	1	AU-AWBS03-151201-040000.wav	5046.271	5046.496	0.226	84.1	1168.2	1084.1	96.0	
177	Spectrogram 1	1	AU-AWBS03-151201-040000.wav	5046.677	5046.947	0.271	93.5	1152.6	1059.2	192.0	
178	Spectrogram 1	1	AU-AWBS03-151201-040000.wav	5051.233	5051.459	0.226	24.9	1158.9	1134.0	272.0	
179	Spectrogram 1	1	AU-AWBS03-151201-040000.wav	5051.707	5051.932	0.226	35.8	1073.2	1037.4	160.0	
180	Spectrogram 1	1	AU-AWBS03-151201-040000.wav	5056.286	5056.511	0.226	59.2	685.4	626.2	64.0	
181	Spectrogram 1	1	AU-AWBS03-151201-040000.wav	5056.782	5057.008	0.226	62.3	716.5	654.2	160.0	
182	Spectrogram 1	1	AU-AWBS03-151201-040000.wav	5061.248	5061.474	0.226	65.4	719.6	654.2	80.0	
183	Spectrogram 1	1	AU-AWBS03-151201-040000.wav	5061.744	5061.970	0.226	74.8	1065.4	990.7	80.0	
184	Spectrogram 1	1	AU-AWBS03-151201-040000.wav	5066.211	5066.436	0.226	56.1	1102.8	1046.7	112.0	
185	Spectrogram 1	1	AU-AWBS03-151201-040000.wav	5066.729	5066.955	0.226	63.9	1045.2	981.3	160.0	
186	Spectrogram 1	1	AU-AWBS03-151201-040000.wav	5071.173	5071.398	0.226	71.7	875.4	803.7	96.0	
187	Spectrogram 1	1	AU-AWBS03-151201-040000.wav	5071.669	5071.940	0.271	77.9	1255.5	1177.6	256.0	
188	Spectrogram 1	1	AU-AWBS03-151201-040000.wav	5076.271	5076.496	0.226	101.2	1476.6	1375.4	224.0	
189	Spectrogram 1	1	AU-AWBS03-151201-040000.wav	5076.835	5077.060	0.226	87.2	1489.1	1401.9	256.0	
190	Spectrogram 1	1	AU-AWBS03-151201-040000.wav	5081.368	5081.594	0.226	56.1	1239.9	1183.8	208.0	
191	Spectrogram 1	1	AU-AWBS03-151201-040000.wav	5081.910	5082.135	0.226	49.8	1233.6	1183.8	160.0	
192	Spectrogram 1	1	AU-AWBS03-151201-040000.wav	5086.286	5086.466	0.180	81.0	1616.8	1535.8	96.0	
193	Spectrogram 1	1	AU-AWBS03-151201-040000.wav	5086.737	5086.962	0.226	71.7	1579.4	1507.8	80.0	
194	Spectrogram 1	1	AU-AWBS03-151201-040000.wav	5213.639	5213.865	0.226	28.0	1542.1	1514.0	240.0	start pattern
195	Spectrogram 1	1	AU-AWBS03-151201-040000.wav	5214.090	5214.316	0.226	31.2	1115.3	1084.1	96.0	
196	Spectrogram 1	1	AU-AWBS03-151201-040000.wav	5222.842	5223.068	0.226	46.7	1567.0	1520.2	240.0	
197	Spectrogram 1	1	AU-AWBS03-151201-040000.wav	5223.248	5223.474	0.226	34.3	1557.6	1523.4	160.0	
198	Spectrogram 1	1	AU-AWBS03-151201-040000.wav	5227.895	5228.120	0.226	71.7	1984.4	1912.8	128.0	
199	Spectrogram 1	1	AU-AWBS03-151201-040000.wav	5228.391	5228.662	0.271	46.7	1542.1	1495.3	144.0	
200	Spectrogram 1	1	AU-AWBS03-151201-040000.wav	5232.947	5233.173	0.226	43.6	1993.8	1950.2	368.0	
201	Spectrogram 1	1	AU-AWBS03-151201-040000.wav	5233.353	5233.624	0.271	68.5	1912.8	1844.2	240.0	
202	Spectrogram 1	1	AU-AWBS03-151201-040000.wav	5237.910	5238.135	0.226	49.8	1993.8	1943.9	416.0	
203	Spectrogram 1	1	AU-AWBS03-151201-040000.wav	5238.451	5238.677	0.226	46.7	1532.7	1486.0	224.0	
204	Spectrogram 1	1	AU-AWBS03-151201-040000.wav	5242.962	5243.188	0.226	34.3	1987.5	1953.3	304.0	
205	Spectrogram 1	1	AU-AWBS03-151201-040000.wav	5243.459	5243.729	0.271	28.0	1691.6	1663.6	256.0	
206	Spectrogram 1	1	AU-AWBS03-151201-041000.wav	5400.000	5400.226	0.226	53.0	1887.9	1834.9	64.0	start pattern
207	Spectrogram 1	1	AU-AWBS03-151201-041000.wav	5400.451	5400.677	0.226	53.0	1619.9	1567.0	64.0	
208	Spectrogram 1	1	AU-AWBS03-151201-041000.wav	5409.068	5409.248	0.180	60.7	1926.8	1866.0	64.0	
209	Spectrogram 1	1	AU-AWBS03-151201-041000.wav	5409.519	5409.744	0.226	62.3	1928.3	1866.0	64.0	
210	Spectrogram 1	1	AU-AWBS03-151201-041000.wav	5414.075	5414.256	0.180	49.8	1722.7	1672.9	240.0	
211	Spectrogram 1	1	AU-AWBS03-151201-041000.wav	5414.571	5414.797	0.226	62.3	1987.5	1925.2	336.0	
212	Spectrogram 1	1	AU-AWBS03-151201-041000.wav	5419.083	5419.308	0.226	43.6	1956.4	1912.8	176.0	
213	Spectrogram 1	1	AU-AWBS03-151201-041000.wav	5419.579	5419.850	0.271	56.1	1719.6	1663.6	272.0	
214	Spectrogram 1	1	AU-AWBS03-151201-041000.wav	5424.090	5424.361	0.271	56.1	1831.8	1775.7	368.0	
215	Spectrogram 1	1	AU-AWBS03-151201-041000.wav	5424.586	5424.857	0.271	40.5	1781.9	1741.4	144.0	
216	Spectrogram 1	1	AU-AWBS03-151201-041000.wav	5429.075	5429.301	0.226	85.7	1982.9	1897.2	368.0	
217	Spectrogram 1	1	AU-AWBS03-151201-041000.wav	5429.504	5429.774	0.271	68.5	1514.0	1445.5	128.0	
218	Spectrogram 1	1	AU-AWBS03-151201-041000.wav	5434.105	5434.331	0.226	40.5	1965.7	1925.2	240.0	
219	Spectrogram 1	1	AU-AWBS03-151201-041000.wav	5434.602	5434.872	0.271	21.8	1348.9	1327.1	176.0	
220	Spectrogram 1	1	AU-AWBS03-151201-041000.wav	5439.068	5439.293	0.226	24.9	1869.2	1844.2	368.0	
221	Spectrogram 1	1	AU-AWBS03-151201-041000.wav	5439.609	5439.835	0.226	43.6	1442.4	1398.8	176.0	
222	Spectrogram 1	1	AU-AWBS03-151201-041000.wav	5444.030	5444.256	0.226	59.2	1881.6	1822.4	64.0	
223	Spectrogram 1	1	AU-AWBS03-151201-041000.wav	5444.526	5444.752	0.226	81.0	810.0	729.0	224.0	
224	Spectrogram 1	1	AU-AWBS03-151201-041000.wav	5448.992	5449.218	0.226	68.5	1937.7	1869.2	240.0	
225	Spectrogram 1	1	AU-AWBS03-151201-041000.wav	5449.444	5449.669	0.226	81.0	1819.3	1738.3	336.0	
226	Spectrogram 1	1	AU-AWBS03-151201-041000.wav	5630.120	5630.346	0.226	31.2	1722.7	1691.6	272.0	start pattern
227	Spectrogram 1	1	AU-AWBS03-151201-041000.wav	5630.571	5630.842	0.271	31.2	1507.8	1476.6	416.0	
228	Spectrogram 1	1	AU-AWBS03-151201-041000.wav	5639.368	5639.594	0.226	24.9	1909.7	1884.7	48.0	
229	Spectrogram 1	1	AU-AWBS03-151201-041000.wav	5639.865	5640.090	0.226	37.4	1934.6	1897.2	544.0	
230	Spectrogram 1	1	AU-AWBS03-151201-041000.wav	5644.421	5644.647	0.226	56.1	1856.7	1800.6	240.0	
231	Spectrogram 1	1	AU-AWBS03-151201-041000.wav	5644.917	5645.233	0.316	56.1	1750.8	1694.7	64.0	
232	Spectrogram 1	1	AU-AWBS03-151201-041000.wav	5649.429	5649.654	0.226	31.2	1461.1	1429.9	272.0	
233	Spectrogram 1	1	AU-AWBS03-151201-041000.wav	5649.925	5650.195	0.271	43.6	1672.9	1629.3	304.0	
234	Spectrogram 1	1	AU-AWBS03-151201-041000.wav	5654.436	5654.707	0.271	43.6	1567.0	1523.4	288.0	
235	Spectrogram 1	1	AU-AWBS03-151201-041000.wav	5654.977	5655.248	0.271	46.7	1573.2	1526.5	320.0	
236	Spectrogram 1	1	AU-AWBS03-151201-041000.wav	5659.444	5659.669	0.226	34.3	1573.2	1538.9	320.0	
237	Spectrogram 1	1	AU-AWBS03-151201-041000.wav	5659.940	5660.211	0.271	46.7	1461.1	1414.3	192.0	
238	Spectrogram 1	1	AU-AWBS03-151201-041000.wav	5664.383	5664.609	0.226	63.9	1853.6	1789.7	64.0	
239	Spectrogram 1	1	AU-AWBS03-151201-041000.wav	5664.857	5665.083	0.226	71.7	1405.0	1333.3	240.0	
240	Spectrogram 1	1	AU-AWBS03-151201-041000.wav	5669.278	5669.504	0.226	40.5	1314.6	1274.1	368.0	
241	Spectrogram 1	1	AU-AWBS03-151201-041000.wav	5669.797	5670.023	0.226	34.3	1105.9	1071.7	192.0	
242	Spectrogram 1	1	AU-AWBS03-151201-041000.wav	5674.241	5674.421	0.180	65.4	1984.4	1919.0	256.0	
243	Spectrogram 1	1	AU-AWBS03-151201-041000.wav	5674.737	5674.962	0.226	65.4	1037.4	972.0	160.0	
244	Spectrogram 1	1	AU-AWBS03-151201-041000.wav	5679.203	5679.429	0.226	37.4	1990.7	1953.3	800.0	
245	Spectrogram 1	1	AU-AWBS03-151201-041000.wav	5679.744	5679.925	0.180	46.7	1243.0	1196.3	192.0	
246	Spectrogram 1	1	AU-AWBS03-151201-041000.wav	5829.113	5829.293	0.180	56.1	1364.5	1308.4	80.0	start pattern
247	Spectrogram 1	1	AU-AWBS03-151201-041000.wav	5829.564	5829.835	0.271	43.6	1990.7	1947.0	80.0	
248	Spectrogram 1	1	AU-AWBS03-151201-041000.wav	5838.271	5838.496	0.226	59.2	1866.0	1806.9	112.0	
249	Spectrogram 1	1	AU-AWBS03-151201-041000.wav	5838.857	5839.083	0.226	43.6	1130.8	1087.2	64.0	
250	Spectrogram 1	1	AU-AWBS03-151201-041000.wav	5843.323	5843.549	0.226	56.1	1984.4	1928.3	112.0	
251	Spectrogram 1	1	AU-AWBS03-151201-041000.wav	5843.774	5844.045	0.271	43.6	1099.7	1056.1	48.0	
252	Spectrogram 1	1	AU-AWBS03-151201-041000.wav	5848.286	5848.511	0.226	31.2	1981.3	1950.2	272.0	
253	Spectrogram 1	1	AU-AWBS03-151201-041000.wav	5848.782	5849.053	0.271	46.7	1990.7	1943.9	304.0	
254	Spectrogram 1	1	AU-AWBS03-151201-041000.wav	5853.293	5853.519	0.226	37.4	1996.9	1959.5	336.0	
255	Spectrogram 1	1	AU-AWBS03-151201-041000.wav	5853.767	5853.992	0.226	34.3	1813.1	1778.8	112.0	
256	Spectrogram 1	1	AU-AWBS03-151201-041000.wav	5858.346	5858.571	0.226	59.2	1909.7	1850.5	128.0	
257	Spectrogram 1	1	AU-AWBS03-151201-041000.wav	5858.842	5859.023	0.180	49.8	1302.2	1252.3	128.0	
258	Spectrogram 1	1	AU-AWBS03-151201-041000.wav	5863.173	5863.444	0.271	37.4	1881.6	1844.2	240.0	
259	Spectrogram 1	1	AU-AWBS03-151201-041000.wav	5863.714	5863.940	0.226	65.4	1788.2	1722.7	192.0	
260	Spectrogram 1	1	AU-AWBS03-151201-041000.wav	5868.271	5868.496	0.226	31.2	1009.3	978.2	208.0	
261	Spectrogram 1	1	AU-AWBS03-151201-041000.wav	5868.767	5868.992	0.226	49.8	972.0	922.1	176.0	
262	Spectrogram 1	1	AU-AWBS03-151201-041000.wav	5873.278	5873.504	0.226	43.6	996.9	953.3	208.0	
263	Spectrogram 1	1	AU-AWBS03-151201-041000.wav	5873.774	5874.045	0.271	49.8	990.7	940.8	144.0	
264	Spectrogram 1	1	AU-AWBS03-151201-041000.wav	5878.241	5878.466	0.226	43.6	819.3	775.7	320.0	
265	Spectrogram 1	1	AU-AWBS03-151201-041000.wav	5878.737	5879.008	0.271	40.5	841.1	800.6	288.0	
266	Spectrogram 1	1	AU-AWBS03-151201-041000.wav	5883.293	5883.564	0.271	46.7	947.0	900.3	336.0	
267	Spectrogram 1	1	AU-AWBS03-151201-041000.wav	5883.789	5884.060	0.271	71.7	950.2	878.5	192.0	
268	Spectrogram 1	1	AU-AWBS03-151201-042000.wav	6083.865	6084.045	0.180	43.6	1772.6	1729.0	144.0	start pattern
269	Spectrogram 1	1	AU-AWBS03-151201-042000.wav	6084.316	6084.541	0.226	34.3	1769.5	1735.2	384.0	
270	Spectrogram 1	1	AU-AWBS03-151201-042000.wav	6092.977	6093.158	0.180	31.2	1588.8	1557.6	224.0	
271	Spectrogram 1	1	AU-AWBS03-151201-042000.wav	6093.429	6093.654	0.226	43.6	1570.1	1526.5	160.0	
272	Spectrogram 1	1	AU-AWBS03-151201-042000.wav	6097.940	6098.165	0.226	59.2	1978.2	1919.0	144.0	
273	Spectrogram 1	1	AU-AWBS03-151201-042000.wav	6098.481	6098.752	0.271	43.6	1894.1	1850.5	240.0	
274	Spectrogram 1	1	AU-AWBS03-151201-042000.wav	6102.992	6103.218	0.226	43.6	1962.6	1919.0	144.0	
275	Spectrogram 1	1	AU-AWBS03-151201-042000.wav	6103.489	6103.759	0.271	49.8	1766.4	1716.5	144.0	
276	Spectrogram 1	1	AU-AWBS03-151201-042000.wav	6108.090	6108.271	0.180	53.0	1993.8	1940.8	128.0	
277	Spectrogram 1	1	AU-AWBS03-151201-042000.wav	6108.541	6108.722	0.180	56.1	1937.7	1881.6	144.0	
278	Spectrogram 1	1	AU-AWBS03-151201-042000.wav	6113.008	6113.233	0.226	34.3	1775.7	1741.4	144.0	
279	Spectrogram 1	1	AU-AWBS03-151201-042000.wav	6113.504	6113.729	0.226	40.5	1694.7	1654.2	128.0	
280	Spectrogram 1	1	AU-AWBS03-151201-042000.wav	6118.015	6118.195	0.180	65.4	1853.6	1788.2	336.0	
281	Spectrogram 1	1	AU-AWBS03-151201-042000.wav	6118.511	6118.737	0.226	65.4	1813.1	1747.7	144.0	
282	Spectrogram 1	1	AU-AWBS03-151201-042000.wav	6123.023	6123.248	0.226	40.5	1607.5	1567.0	288.0	
283	Spectrogram 1	1	AU-AWBS03-151201-042000.wav	6123.564	6123.789	0.226	46.7	1591.9	1545.2	288.0	
284	Spectrogram 1	1	AU-AWBS03-151201-042000.wav	6127.985	6128.211	0.226	49.8	1439.3	1389.4	256.0	
285	Spectrogram 1	1	AU-AWBS03-151201-042000.wav	6128.436	6128.662	0.226	40.5	1367.6	1327.1	48.0	
286	Spectrogram 1	1	AU-AWBS03-151201-042000.wav	6132.992	6133.218	0.226	77.9	1467.3	1389.4	144.0	
287	Spectrogram 1	1	AU-AWBS03-151201-042000.wav	6133.489	6133.714	0.226	68.5	1392.5	1324.0	80.0	
288	Spectrogram 1	1	AU-AWBS03-151201-042000.wav	6298.421	6298.602	0.180	34.3	1825.5	1791.3	176.0	start pattern
289	Spectrogram 1	1	AU-AWBS03-151201-042000.wav	6298.827	6299.008	0.180	63.9	1973.5	1909.7	336.0	
290	Spectrogram 1	1	AU-AWBS03-151201-042000.wav	6307.759	6307.940	0.180	43.6	1077.9	1034.3	208.0	
291	Spectrogram 1	1	AU-AWBS03-151201-042000.wav	6308.211	6308.436	0.226	37.4	1053.0	1015.6	160.0	
292	Spectrogram 1	1	AU-AWBS03-151201-042000.wav	6312.812	6313.038	0.226	65.4	1987.5	1922.1	80.0	
293	Spectrogram 1	1	AU-AWBS03-151201-042000.wav	6313.308	6313.534	0.226	62.3	953.3	891.0	64.0	
294	Spectrogram 1	1	AU-AWBS03-151201-042000.wav	6317.820	6318.045	0.226	21.8	1551.4	1529.6	208.0	
295	Spectrogram 1	1	AU-AWBS03-151201-042000.wav	6318.316	6318.586	0.271	28.0	567.0	538.9	128.0	
296	Spectrogram 1	1	AU-AWBS03-151201-042000.wav	6322.692	6322.917	0.226	24.9	1825.5	1800.6	48.0	
297	Spectrogram 1	1	AU-AWBS03-151201-042000.wav	6323.188	6323.368	0.180	24.9	1255.5	1230.5	128.0	
298	Spectrogram 1	1	AU-AWBS03-151201-042000.wav	6327.699	6327.925	0.226	46.7	1847.4	1800.6	240.0	
299	Spectrogram 1	1	AU-AWBS03-151201-042000.wav	6328.150	6328.331	0.180	46.7	1719.6	1672.9	144.0	
300	Spectrogram 1	1	AU-AWBS03-151201-042000.wav	6332.752	6332.932	0.180	49.8	1962.6	1912.8	304.0	
301	Spectrogram 1	1	AU-AWBS03-151201-042000.wav	6333.158	6333.429	0.271	53.0	1729.0	1676.0	128.0	
302	Spectrogram 1	1	AU-AWBS03-151201-042000.wav	6337.759	6338.030	0.271	49.8	1613.7	1563.9	192.0	
304	Spectrogram 1	1	AU-AWBS03-151201-042000.wav	6338.256	6338.481	0.226	40.5	1563.9	1523.4	176.0	
305	Spectrogram 1	1	AU-AWBS03-151201-042000.wav	6342.767	6342.992	0.226	43.6	1554.5	1510.9	208.0	
306	Spectrogram 1	1	AU-AWBS03-151201-042000.wav	6343.241	6343.466	0.226	49.8	1370.7	1320.9	416.0	
307	Spectrogram 1	1	AU-AWBS03-151201-042000.wav	6347.774	6348.000	0.226	53.0	794.4	741.4	288.0	
308	Spectrogram 1	1	AU-AWBS03-151201-042000.wav	6348.316	6348.541	0.226	62.3	838.0	775.7	64.0	
309	Spectrogram 1	1	AU-AWBS03-151201-042000.wav	6501.293	6501.519	0.226	43.6	1221.2	1177.6	80.0	
310	Spectrogram 1	1	AU-AWBS03-151201-042000.wav	6501.789	6502.060	0.271	31.2	1215.0	1183.8	336.0	
311	Spectrogram 1	1	AU-AWBS03-151201-042000.wav	6510.586	6510.857	0.271	46.7	1987.5	1940.8	144.0	
312	Spectrogram 1	1	AU-AWBS03-151201-042000.wav	6511.038	6511.308	0.271	28.0	1928.3	1900.3	160.0	
313	Spectrogram 1	1	AU-AWBS03-151201-042000.wav	6515.639	6515.865	0.226	34.3	1975.1	1940.8	336.0	
314	Spectrogram 1	1	AU-AWBS03-151201-042000.wav	6516.090	6516.361	0.271	49.8	1205.6	1155.8	416.0	
315	Spectrogram 1	1	AU-AWBS03-151201-042000.wav	6520.602	6520.872	0.271	49.8	1753.9	1704.0	64.0	
316	Spectrogram 1	1	AU-AWBS03-151201-042000.wav	6521.143	6521.323	0.180	46.7	1582.6	1535.8	48.0	
317	Spectrogram 1	1	AU-AWBS03-151201-042000.wav	6525.744	6525.925	0.180	51.4	1967.3	1915.9	112.0	
318	Spectrogram 1	1	AU-AWBS03-151201-042000.wav	6526.241	6526.421	0.180	37.4	1915.9	1878.5	144.0	
319	Spectrogram 1	1	AU-AWBS03-151201-042000.wav	6530.887	6531.068	0.180	37.4	1915.9	1878.5	640.0	
320	Spectrogram 1	1	AU-AWBS03-151201-042000.wav	6531.451	6531.677	0.226	32.7	1412.8	1380.1	272.0	
321	Spectrogram 1	1	AU-AWBS03-151201-042000.wav	6535.940	6536.165	0.226	77.9	1993.8	1915.9	496.0	
322	Spectrogram 1	1	AU-AWBS03-151201-042000.wav	6536.436	6536.707	0.271	68.5	1174.5	1105.9	80.0	
323	Spectrogram 1	1	AU-AWBS03-151201-042000.wav	6540.947	6541.173	0.226	77.9	1996.9	1919.0	336.0	
324	Spectrogram 1	1	AU-AWBS03-151201-042000.wav	6541.444	6541.714	0.271	68.5	1000.0	931.5	336.0	
325	Spectrogram 1	1	AU-AWBS03-151201-043000.wav	6695.684	6695.910	0.226	65.4	1186.9	1121.5	96.0	start pattern
326	Spectrogram 1	1	AU-AWBS03-151201-043000.wav	6696.180	6696.451	0.271	59.2	1180.7	1121.5	64.0	
327	Spectrogram 1	1	AU-AWBS03-151201-043000.wav	6704.932	6705.158	0.226	43.6	1003.1	959.5	192.0	
328	Spectrogram 1	1	AU-AWBS03-151201-043000.wav	6705.429	6705.654	0.226	43.6	1367.6	1324.0	144.0	
329	Spectrogram 1	1	AU-AWBS03-151201-043000.wav	6710.008	6710.233	0.226	76.3	1244.5	1168.2	96.0	
330	Spectrogram 1	1	AU-AWBS03-151201-043000.wav	6710.504	6710.729	0.226	68.5	1233.6	1165.1	80.0	
331	Spectrogram 1	1	AU-AWBS03-151201-043000.wav	6714.947	6715.173	0.226	34.3	1330.2	1296.0	48.0	
332	Spectrogram 1	1	AU-AWBS03-151201-043000.wav	6715.489	6715.759	0.271	43.6	1289.7	1246.1	192.0	
333	Spectrogram 1	1	AU-AWBS03-151201-043000.wav	6719.820	6720.045	0.226	81.0	1158.9	1077.9	160.0	
334	Spectrogram 1	1	AU-AWBS03-151201-043000.wav	6720.361	6720.632	0.271	68.5	1168.2	1099.7	144.0	
335	Spectrogram 1	1	AU-AWBS03-151201-043000.wav	6724.827	6725.053	0.226	24.9	1352.0	1327.1	208.0	
336	Spectrogram 1	1	AU-AWBS03-151201-043000.wav	6725.323	6725.594	0.271	37.4	1283.5	1246.1	144.0	
337	Spectrogram 1	1	AU-AWBS03-151201-043000.wav	6729.835	6730.060	0.226	37.4	1392.5	1355.1	208.0	
338	Spectrogram 1	1	AU-AWBS03-151201-043000.wav	6730.353	6730.579	0.226	32.7	1319.3	1286.6	240.0	
339	Spectrogram 1	1	AU-AWBS03-151201-043000.wav	6734.865	6735.090	0.226	46.7	1124.6	1077.9	48.0	
340	Spectrogram 1	1	AU-AWBS03-151201-043000.wav	6735.293	6735.519	0.226	46.7	1158.9	1112.1	432.0	
341	Spectrogram 1	1	AU-AWBS03-151201-043000.wav	6739.805	6740.030	0.226	71.7	869.2	797.5	288.0	
342	Spectrogram 1	1	AU-AWBS03-151201-043000.wav	6740.256	6740.481	0.226	59.2	1043.6	984.4	64.0	
343	Spectrogram 1	1	AU-AWBS03-151201-043000.wav	6744.857	6745.083	0.226	53.0	1180.7	1127.7	224.0	
344	Spectrogram 1	1	AU-AWBS03-151201-043000.wav	6745.353	6745.579	0.226	53.0	1177.6	1124.6	624.0	
345	Spectrogram 1	1	AU-AWBS03-151201-043000.wav	6750.045	6750.271	0.226	49.8	1451.7	1401.9	432.0	
346	Spectrogram 1	1	AU-AWBS03-151201-043000.wav	6750.541	6750.767	0.226	59.2	1398.8	1339.6	272.0	
347	Spectrogram 1	1	AU-AWBS03-151201-043000.wav	6911.368	6911.594	0.226	53.0	1732.1	1679.1	240.0	start pattern
348	Spectrogram 1	1	AU-AWBS03-151201-043000.wav	6911.774	6912.045	0.271	31.2	1694.7	1663.6	80.0	
349	Spectrogram 1	1	AU-AWBS03-151201-043000.wav	6920.549	6920.774	0.226	63.9	1736.8	1672.9	368.0	
350	Spectrogram 1	1	AU-AWBS03-151201-043000.wav	6920.977	6921.158	0.180	62.3	1993.8	1931.5	320.0	
351	Spectrogram 1	1	AU-AWBS03-151201-043000.wav	6925.624	6925.850	0.226	90.3	1990.7	1900.3	160.0	
352	Spectrogram 1	1	AU-AWBS03-151201-043000.wav	6926.075	6926.301	0.226	87.2	1912.8	1825.5	208.0	
353	Spectrogram 1	1	AU-AWBS03-151201-043000.wav	6930.586	6930.767	0.180	71.7	1685.4	1613.7	240.0	
354	Spectrogram 1	1	AU-AWBS03-151201-043000.wav	6931.038	6931.263	0.226	49.8	1451.7	1401.9	192.0	
355	Spectrogram 1	1	AU-AWBS03-151201-043000.wav	6935.549	6935.774	0.226	71.7	1915.9	1844.2	272.0	
356	Spectrogram 1	1	AU-AWBS03-151201-043000.wav	6936.045	6936.316	0.271	62.3	1535.8	1473.5	240.0	
357	Spectrogram 1	1	AU-AWBS03-151201-043000.wav	6940.511	6940.692	0.180	56.1	1887.9	1831.8	272.0	
358	Spectrogram 1	1	AU-AWBS03-151201-043000.wav	6941.008	6941.233	0.226	62.3	1810.0	1747.7	288.0	
359	Spectrogram 1	1	AU-AWBS03-151201-043000.wav	6945.496	6945.722	0.226	74.8	1682.2	1607.5	432.0	
360	Spectrogram 1	1	AU-AWBS03-151201-043000.wav	6945.970	6946.195	0.226	62.3	1560.7	1498.4	176.0	
361	Spectrogram 1	1	AU-AWBS03-151201-043000.wav	6950.526	6950.752	0.226	43.6	1691.6	1648.0	256.0	
362	Spectrogram 1	1	AU-AWBS03-151201-043000.wav	6950.977	6951.248	0.271	53.0	1202.5	1149.5	224.0	
363	Spectrogram 1	1	AU-AWBS03-151201-043000.wav	6955.624	6955.805	0.180	49.8	707.2	657.3	192.0	
364	Spectrogram 1	1	AU-AWBS03-151201-043000.wav	6956.075	6956.301	0.226	43.6	925.2	881.6	224.0	
365	Spectrogram 1	1	AU-AWBS03-151201-043000.wav	6960.722	6960.857	0.135	49.8	1710.3	1660.4	336.0	
366	Spectrogram 1	1	AU-AWBS03-151201-043000.wav	6961.128	6961.353	0.226	49.8	1429.9	1380.1	160.0	
367	Spectrogram 1	1	AU-AWBS03-151201-043000.wav	6965.910	6966.090	0.180	53.0	1018.7	965.7	304.0	
368	Spectrogram 1	1	AU-AWBS03-151201-043000.wav	6966.338	6966.564	0.226	51.4	995.3	943.9	192.0	
369	Spectrogram 1	1	AU-AWBS03-151201-043000.wav	7097.278	7097.459	0.180	21.8	775.7	753.9	192.0	start pattern
370	Spectrogram 1	1	AU-AWBS03-151201-043000.wav	7097.820	7098.045	0.226	34.3	741.4	707.2	48.0	
371	Spectrogram 1	1	AU-AWBS03-151201-043000.wav	7106.481	7106.662	0.180	37.4	1224.3	1186.9	48.0	
372	Spectrogram 1	1	AU-AWBS03-151201-043000.wav	7107.023	7107.203	0.180	34.3	1205.6	1171.3	240.0	
373	Spectrogram 1	1	AU-AWBS03-151201-043000.wav	7111.579	7111.759	0.180	53.0	884.7	831.8	64.0	
374	Spectrogram 1	1	AU-AWBS03-151201-043000.wav	7112.030	7112.256	0.226	65.4	875.4	810.0	80.0	
375	Spectrogram 1	1	AU-AWBS03-151201-043000.wav	7116.586	7116.812	0.226	24.9	1199.4	1174.5	80.0	
376	Spectrogram 1	1	AU-AWBS03-151201-043000.wav	7117.128	7117.353	0.226	37.4	1208.7	1171.3	240.0	
377	Spectrogram 1	1	AU-AWBS03-151201-043000.wav	7121.684	7121.910	0.226	43.6	869.2	825.5	176.0	
378	Spectrogram 1	1	AU-AWBS03-151201-043000.wav	7122.135	7122.361	0.226	21.8	841.1	819.3	48.0	
379	Spectrogram 1	1	AU-AWBS03-151201-043000.wav	7126.692	7126.872	0.180	56.1	844.2	788.2	64.0	
380	Spectrogram 1	1	AU-AWBS03-151201-043000.wav	7127.098	7127.368	0.271	90.3	853.6	763.2	96.0	
381	Spectrogram 1	1	AU-AWBS03-151201-043000.wav	7131.677	7131.902	0.226	34.3	1031.2	996.9	320.0	
382	Spectrogram 1	1	AU-AWBS03-151201-043000.wav	7132.150	7132.376	0.226	59.2	906.5	847.4	304.0	
383	Spectrogram 1	1	AU-AWBS03-151201-043000.wav	7136.707	7136.932	0.226	68.5	1348.9	1280.4	192.0	
384	Spectrogram 1	1	AU-AWBS03-151201-043000.wav	7137.158	7137.383	0.226	56.1	1021.8	965.7	128.0	
385	Spectrogram 1	1	AU-AWBS03-151201-043000.wav	7141.714	7141.895	0.180	54.5	1110.6	1056.1	272.0	
386	Spectrogram 1	1	AU-AWBS03-151201-043000.wav	7142.211	7142.436	0.226	62.3	984.4	922.1	64.0	
387	Spectrogram 1	1	AU-AWBS03-151201-045000.wav	7392.947	7393.173	0.226	40.5	919.0	878.5	240.0	start pattern
388	Spectrogram 1	1	AU-AWBS03-151201-045000.wav	7393.466	7393.692	0.226	34.3	925.2	891.0	288.0	
389	Spectrogram 1	1	AU-AWBS03-151201-045000.wav	7402.331	7402.556	0.226	49.8	1981.3	1931.5	336.0	
390	Spectrogram 1	1	AU-AWBS03-151201-045000.wav	7402.782	7403.008	0.226	53.0	1856.7	1803.7	64.0	
391	Spectrogram 1	1	AU-AWBS03-151201-045000.wav	7407.429	7407.609	0.180	77.9	1962.6	1884.7	256.0	
392	Spectrogram 1	1	AU-AWBS03-151201-045000.wav	7407.880	7408.060	0.180	46.7	1694.7	1648.0	48.0	
393	Spectrogram 1	1	AU-AWBS03-151201-045000.wav	7412.481	7412.662	0.180	34.3	1956.4	1922.1	320.0	
394	Spectrogram 1	1	AU-AWBS03-151201-045000.wav	7412.955	7413.180	0.226	26.5	1643.3	1616.8	144.0	
395	Spectrogram 1	1	AU-AWBS03-151201-045000.wav	7417.489	7417.759	0.271	62.3	1947.0	1884.7	64.0	
396	Spectrogram 1	1	AU-AWBS03-151201-045000.wav	7417.985	7418.211	0.226	68.5	1274.1	1205.6	144.0	
397	Spectrogram 1	1	AU-AWBS03-151201-045000.wav	7422.541	7422.767	0.226	31.2	1772.6	1741.4	176.0	
398	Spectrogram 1	1	AU-AWBS03-151201-045000.wav	7423.083	7423.308	0.226	46.7	1772.6	1725.9	48.0	
399	Spectrogram 1	1	AU-AWBS03-151201-045000.wav	7427.594	7427.774	0.180	40.5	1984.4	1943.9	352.0	
400	Spectrogram 1	1	AU-AWBS03-151201-045000.wav	7428.000	7428.226	0.226	34.3	1800.6	1766.4	256.0	
401	Spectrogram 1	1	AU-AWBS03-151201-045000.wav	7432.647	7432.872	0.226	49.8	1953.3	1903.4	288.0	
402	Spectrogram 1	1	AU-AWBS03-151201-045000.wav	7433.098	7433.323	0.226	65.4	1847.4	1781.9	208.0	
403	Spectrogram 1	1	AU-AWBS03-151201-045000.wav	7437.654	7437.835	0.180	46.7	1423.7	1376.9	48.0	
404	Spectrogram 1	1	AU-AWBS03-151201-045000.wav	7438.150	7438.376	0.226	53.0	1426.8	1373.8	208.0	
405	Spectrogram 1	1	AU-AWBS03-151201-045000.wav	7594.511	7594.692	0.180	46.7	1464.2	1417.4	224.0	start pattern
406	Spectrogram 1	1	AU-AWBS03-151201-045000.wav	7594.917	7595.143	0.226	53.0	1352.0	1299.1	64.0	
407	Spectrogram 1	1	AU-AWBS03-151201-045000.wav	7603.714	7603.940	0.226	34.3	1778.8	1744.5	224.0	
408	Spectrogram 1	1	AU-AWBS03-151201-045000.wav	7604.120	7604.391	0.271	24.9	1791.3	1766.4	192.0	
409	Spectrogram 1	1	AU-AWBS03-151201-045000.wav	7608.722	7608.902	0.180	71.7	1987.5	1915.9	704.0	
410	Spectrogram 1	1	AU-AWBS03-151201-045000.wav	7609.173	7609.398	0.226	74.8	1426.8	1352.0	224.0	
411	Spectrogram 1	1	AU-AWBS03-151201-045000.wav	7613.684	7613.865	0.180	40.5	1919.0	1878.5	816.0	
412	Spectrogram 1	1	AU-AWBS03-151201-045000.wav	7614.180	7614.406	0.226	49.8	1747.7	1697.8	128.0	
413	Spectrogram 1	1	AU-AWBS03-151201-045000.wav	7618.624	7618.850	0.226	65.4	1978.2	1912.8	240.0	
414	Spectrogram 1	1	AU-AWBS03-151201-045000.wav	7619.053	7619.278	0.226	93.5	1965.7	1872.3	160.0	
415	Spectrogram 1	1	AU-AWBS03-151201-045000.wav	7623.654	7623.880	0.226	46.7	1990.7	1943.9	240.0	
416	Spectrogram 1	1	AU-AWBS03-151201-045000.wav	7624.173	7624.398	0.226	29.6	1883.2	1853.6	352.0	
417	Spectrogram 1	1	AU-AWBS03-151201-045000.wav	7628.617	7628.842	0.226	46.7	1785.0	1738.3	48.0	
418	Spectrogram 1	1	AU-AWBS03-151201-045000.wav	7629.113	7629.338	0.226	40.5	1769.5	1729.0	48.0	
419	Spectrogram 1	1	AU-AWBS03-151201-045000.wav	7633.489	7633.714	0.226	62.3	1663.6	1601.2	64.0	
420	Spectrogram 1	1	AU-AWBS03-151201-045000.wav	7633.985	7634.256	0.271	62.3	1601.2	1538.9	64.0	
421	Spectrogram 1	1	AU-AWBS03-151201-045000.wav	7638.632	7638.857	0.226	31.2	1473.5	1442.4	208.0	
422	Spectrogram 1	1	AU-AWBS03-151201-045000.wav	7639.173	7639.398	0.226	53.0	1283.5	1230.5	64.0	
423	Spectrogram 1	1	AU-AWBS03-151201-045000.wav	7643.707	7643.932	0.226	68.5	1096.6	1028.0	192.0	
424	Spectrogram 1	1	AU-AWBS03-151201-045000.wav	7644.090	7644.316	0.226	40.5	1077.9	1037.4	48.0	
425	Spectrogram 1	1	AU-AWBS03-151201-045000.wav	7648.556	7648.737	0.180	46.7	1704.0	1657.3	48.0	
426	Spectrogram 1	1	AU-AWBS03-151201-045000.wav	7649.053	7649.278	0.226	62.3	1691.6	1629.3	64.0	
427	Spectrogram 1	1	AU-AWBS03-151201-050000.wav	7814.391	7814.617	0.226	68.5	1763.2	1694.7	144.0	start pattern
428	Spectrogram 1	1	AU-AWBS03-151201-050000.wav	7814.887	7815.068	0.180	65.4	1663.6	1598.1	160.0	
429	Spectrogram 1	1	AU-AWBS03-151201-050000.wav	7823.481	7823.707	0.226	81.0	1981.3	1900.3	96.0	
430	Spectrogram 1	1	AU-AWBS03-151201-050000.wav	7823.910	7824.135	0.226	77.9	1925.2	1847.4	96.0	
431	Spectrogram 1	1	AU-AWBS03-151201-050000.wav	7828.511	7828.692	0.180	71.7	1635.5	1563.9	96.0	
432	Spectrogram 1	1	AU-AWBS03-151201-050000.wav	7829.008	7829.233	0.226	87.2	1591.9	1504.7	160.0	
433	Spectrogram 1	1	AU-AWBS03-151201-050000.wav	7833.429	7833.654	0.226	96.6	1327.1	1230.5	224.0	
434	Spectrogram 1	1	AU-AWBS03-151201-050000.wav	7833.925	7834.150	0.226	99.7	1302.2	1202.5	176.0	
435	Spectrogram 1	1	AU-AWBS03-151201-050000.wav	7838.481	7838.662	0.180	105.9	1576.3	1470.4	208.0	
436	Spectrogram 1	1	AU-AWBS03-151201-050000.wav	7838.887	7839.113	0.226	77.9	1526.5	1448.6	160.0	
437	Spectrogram 1	1	AU-AWBS03-151201-050000.wav	7843.444	7843.624	0.180	59.2	1457.9	1398.8	240.0	
438	Spectrogram 1	1	AU-AWBS03-151201-050000.wav	7843.917	7844.143	0.226	46.7	1429.9	1383.2	160.0	
439	Spectrogram 1	1	AU-AWBS03-151201-050000.wav	7848.361	7848.586	0.226	37.4	1619.9	1582.6	160.0	
440	Spectrogram 1	1	AU-AWBS03-151201-050000.wav	7848.857	7849.173	0.316	49.8	1364.5	1314.6	256.0	
441	Spectrogram 1	1	AU-AWBS03-151201-050000.wav	7853.278	7853.504	0.226	71.7	1398.8	1327.1	176.0	
442	Spectrogram 1	1	AU-AWBS03-151201-050000.wav	7853.774	7854.000	0.226	65.4	1081.0	1015.6	192.0	
443	Spectrogram 1	1	AU-AWBS03-151201-050000.wav	7858.331	7858.556	0.226	46.7	1538.9	1492.2	48.0	
444	Spectrogram 1	1	AU-AWBS03-151201-050000.wav	7858.827	7859.053	0.226	59.2	1492.2	1433.0	192.0	
445	Spectrogram 1	1	AU-AWBS03-151201-050000.wav	7863.203	7863.429	0.226	71.7	1660.4	1588.8	80.0	
446	Spectrogram 1	1	AU-AWBS03-151201-050000.wav	7863.789	7864.060	0.271	71.7	1386.3	1314.6	224.0	
447	Spectrogram 1	1	AU-AWBS03-151201-050000.wav	7868.301	7868.526	0.226	65.4	1651.1	1585.7	144.0	
448	Spectrogram 1	1	AU-AWBS03-151201-050000.wav	7868.820	7869.045	0.226	62.3	1588.8	1526.5	544.0	
449	Spectrogram 1	1	AU-AWBS03-151201-050000.wav	7873.353	7873.579	0.226	68.5	1968.8	1900.3	400.0	
450	Spectrogram 1	1	AU-AWBS03-151201-050000.wav	7873.850	7874.120	0.271	49.8	1909.7	1859.8	256.0	
451	Spectrogram 1	1	AU-AWBS03-151201-050000.wav	8029.895	8030.165	0.271	77.9	729.0	651.1	128.0	start pattern
452	Spectrogram 1	1	AU-AWBS03-151201-050000.wav	8030.391	8030.617	0.226	65.4	928.3	862.9	128.0	
453	Spectrogram 1	1	AU-AWBS03-151201-050000.wav	8039.233	8039.459	0.226	49.8	1688.5	1638.6	144.0	
454	Spectrogram 1	1	AU-AWBS03-151201-050000.wav	8039.729	8039.955	0.226	34.3	1704.0	1669.8	48.0	
455	Spectrogram 1	1	AU-AWBS03-151201-050000.wav	8044.331	8044.556	0.226	65.4	1688.5	1623.1	96.0	
456	Spectrogram 1	1	AU-AWBS03-151201-050000.wav	8044.872	8045.053	0.180	65.4	1473.5	1408.1	192.0	
457	Spectrogram 1	1	AU-AWBS03-151201-050000.wav	8049.338	8049.564	0.226	49.8	1729.0	1679.1	64.0	
458	Spectrogram 1	1	AU-AWBS03-151201-050000.wav	8049.835	8050.015	0.180	62.3	1644.9	1582.6	160.0	
459	Spectrogram 1	1	AU-AWBS03-151201-050000.wav	8054.391	8054.617	0.226	43.6	1180.7	1137.1	272.0	
460	Spectrogram 1	1	AU-AWBS03-151201-050000.wav	8054.910	8055.135	0.226	60.7	1208.7	1148.0	144.0	
461	Spectrogram 1	1	AU-AWBS03-151201-050000.wav	8059.353	8059.579	0.226	68.5	1778.8	1710.3	288.0	
462	Spectrogram 1	1	AU-AWBS03-151201-050000.wav	8059.850	8060.030	0.180	84.1	1791.3	1707.2	288.0	
463	Spectrogram 1	1	AU-AWBS03-151201-050000.wav	8064.361	8064.586	0.226	49.8	1747.7	1697.8	192.0	
464	Spectrogram 1	1	AU-AWBS03-151201-050000.wav	8064.902	8065.083	0.180	43.6	1520.2	1476.6	128.0	
465	Spectrogram 1	1	AU-AWBS03-151201-050000.wav	8069.459	8069.684	0.226	90.3	1252.3	1162.0	272.0	
466	Spectrogram 1	1	AU-AWBS03-151201-050000.wav	8069.910	8070.090	0.180	81.0	1177.6	1096.6	96.0	
467	Spectrogram 1	1	AU-AWBS03-151201-050000.wav	8074.602	8074.827	0.226	46.7	1894.1	1847.4	176.0	
468	Spectrogram 1	1	AU-AWBS03-151201-050000.wav	8075.120	8075.346	0.226	54.5	1035.8	981.3	384.0	
469	Spectrogram 1	1	AU-AWBS03-151201-050000.wav	8079.632	8079.857	0.226	70.1	1785.0	1715.0	288.0	
470	Spectrogram 1	1	AU-AWBS03-151201-050000.wav	8080.105	8080.331	0.226	37.4	1747.7	1710.3	48.0	
471	Spectrogram 1	1	AU-AWBS03-151201-050000.wav	8084.887	8085.113	0.226	77.9	1943.9	1866.0	80.0	
472	Spectrogram 1	1	AU-AWBS03-151201-050000.wav	8085.383	8085.609	0.226	87.2	1844.2	1757.0	96.0	
473	Spectrogram 1	1	AU-AWBS03-151201-050000.wav	8090.075	8090.301	0.226	53.0	1373.8	1320.9	384.0	
474	Spectrogram 1	1	AU-AWBS03-151201-050000.wav	8090.549	8090.774	0.226	53.0	1591.9	1538.9	64.0	
475	Spectrogram 1	1	AU-AWBS03-151201-050000.wav	8095.128	8095.353	0.226	99.7	1993.8	1894.1	288.0	
476	Spectrogram 1	1	AU-AWBS03-151201-050000.wav	8095.669	8095.895	0.226	71.7	1859.8	1788.2	432.0	
477	Spectrogram 1	1	AU-AWBS03-151201-050000.wav	8279.594	8279.820	0.226	43.6	1791.3	1747.7	336.0	start pattern
478	Spectrogram 1	1	AU-AWBS03-151201-050000.wav	8280.000	8280.180	0.180	59.2	1803.7	1744.5	272.0	
479	Spectrogram 1	1	AU-AWBS03-151201-050000.wav	8288.842	8289.023	0.180	40.5	1990.7	1950.2	48.0	
480	Spectrogram 1	1	AU-AWBS03-151201-050000.wav	8289.248	8289.474	0.226	62.3	1875.4	1813.1	192.0	
481	Spectrogram 1	1	AU-AWBS03-151201-050000.wav	8293.895	8294.120	0.226	59.2	1931.5	1872.3	224.0	
482	Spectrogram 1	1	AU-AWBS03-151201-050000.wav	8294.301	8294.526	0.226	71.7	1996.9	1925.2	1040.0	
483	Spectrogram 1	1	AU-AWBS03-151201-050000.wav	8298.767	8299.038	0.271	93.5	1987.5	1894.1	336.0	
484	Spectrogram 1	1	AU-AWBS03-151201-050000.wav	8299.263	8299.489	0.226	84.1	1993.8	1909.7	192.0	
485	Spectrogram 1	1	AU-AWBS03-151201-050000.wav	8303.865	8304.090	0.226	49.8	1990.7	1940.8	352.0	
486	Spectrogram 1	1	AU-AWBS03-151201-050000.wav	8304.361	8304.586	0.226	59.2	1953.3	1894.1	208.0	
487	Spectrogram 1	1	AU-AWBS03-151201-050000.wav	8308.962	8309.143	0.180	81.0	1993.8	1912.8	384.0	
488	Spectrogram 1	1	AU-AWBS03-151201-050000.wav	8309.459	8309.684	0.226	59.2	1990.7	1931.5	160.0	
489	Spectrogram 1	1	AU-AWBS03-151201-050000.wav	8313.925	8314.150	0.226	56.1	1869.2	1813.1	320.0	
490	Spectrogram 1	1	AU-AWBS03-151201-050000.wav	8314.398	8314.624	0.226	46.7	1891.0	1844.2	144.0	
491	Spectrogram 1	1	AU-AWBS03-151201-050000.wav	8318.977	8319.158	0.180	43.6	1996.9	1953.3	160.0	
492	Spectrogram 1	1	AU-AWBS03-151201-050000.wav	8319.429	8319.654	0.226	46.7	1984.4	1937.7	160.0	
493	Spectrogram 1	1	AU-AWBS03-151201-050000.wav	8323.940	8324.120	0.180	74.8	1554.5	1479.8	352.0	
494	Spectrogram 1	1	AU-AWBS03-151201-050000.wav	8324.481	8324.662	0.180	62.3	1517.1	1454.8	64.0	
495	Spectrogram 1	1	AU-AWBS03-151201-050000.wav	8329.038	8329.263	0.226	62.3	1392.5	1330.2	64.0	
496	Spectrogram 1	1	AU-AWBS03-151201-050000.wav	8329.556	8329.782	0.226	63.9	1381.6	1317.8	224.0	
497	Spectrogram 1	1	AU-AWBS03-151201-050000.wav	8334.271	8334.496	0.226	43.6	1710.3	1666.7	192.0	
498	Spectrogram 1	1	AU-AWBS03-151201-050000.wav	8334.767	8334.992	0.226	46.7	1691.6	1644.9	256.0	
499	Spectrogram 1	1	AU-AWBS03-151201-051000.wav	8497.398	8497.579	0.180	48.3	1889.4	1841.1	176.0	start pattern
500	Spectrogram 1	1	AU-AWBS03-151201-051000.wav	8497.850	8498.075	0.226	37.4	1984.4	1947.0	48.0	
501	Spectrogram 1	1	AU-AWBS03-151201-051000.wav	8506.737	8506.962	0.226	49.8	1996.9	1947.0	128.0	
502	Spectrogram 1	1	AU-AWBS03-151201-051000.wav	8507.256	8507.481	0.226	51.4	1911.2	1859.8	64.0	
503	Spectrogram 1	1	AU-AWBS03-151201-051000.wav	8511.925	8512.150	0.226	46.7	1884.7	1838.0	144.0	
504	Spectrogram 1	1	AU-AWBS03-151201-051000.wav	8512.376	8512.647	0.271	43.6	1872.3	1828.7	48.0	
505	Spectrogram 1	1	AU-AWBS03-151201-051000.wav	8516.887	8517.113	0.226	46.7	1806.9	1760.1	144.0	
506	Spectrogram 1	1	AU-AWBS03-151201-051000.wav	8517.338	8517.564	0.226	68.5	1962.6	1894.1	192.0	
507	Spectrogram 1	1	AU-AWBS03-151201-051000.wav	8521.805	8522.030	0.226	77.9	1654.2	1576.3	80.0	
508	Spectrogram 1	1	AU-AWBS03-151201-051000.wav	8522.301	8522.526	0.226	77.9	1853.6	1775.7	80.0	
509	Spectrogram 1	1	AU-AWBS03-151201-051000.wav	8526.812	8527.038	0.226	49.8	1308.4	1258.6	320.0	
510	Spectrogram 1	1	AU-AWBS03-151201-051000.wav	8527.308	8527.534	0.226	34.3	1314.6	1280.4	128.0	
511	Spectrogram 1	1	AU-AWBS03-151201-051000.wav	8531.910	8532.135	0.226	34.3	1186.9	1152.6	48.0	
512	Spectrogram 1	1	AU-AWBS03-151201-051000.wav	8532.451	8532.722	0.271	43.6	1186.9	1143.3	128.0	
513	Spectrogram 1	1	AU-AWBS03-151201-051000.wav	8537.008	8537.233	0.226	68.5	1342.7	1274.1	240.0	
514	Spectrogram 1	1	AU-AWBS03-151201-051000.wav	8537.549	8537.774	0.226	71.7	1364.5	1292.8	80.0	
515	Spectrogram 1	1	AU-AWBS03-151201-051000.wav	8542.105	8542.331	0.226	43.6	1243.0	1199.4	224.0	
516	Spectrogram 1	1	AU-AWBS03-151201-051000.wav	8542.602	8542.827	0.226	37.4	956.4	919.0	48.0	
517	Spectrogram 1	1	AU-AWBS03-151201-051000.wav	8547.293	8547.474	0.180	49.8	822.4	772.6	224.0	
518	Spectrogram 1	1	AU-AWBS03-151201-051000.wav	8547.835	8548.060	0.226	59.2	937.7	878.5	64.0	
519	Spectrogram 1	1	AU-AWBS03-151201-051000.wav	8552.256	8552.481	0.226	56.1	844.2	788.2	144.0	
520	Spectrogram 1	1	AU-AWBS03-151201-051000.wav	8552.774	8553.000	0.226	43.6	841.1	797.5	224.0	
521	Spectrogram 1	1	AU-AWBS03-151201-051000.wav	8727.113	8727.338	0.226	34.3	1034.3	1000.0	176.0	start pattern
522	Spectrogram 1	1	AU-AWBS03-151201-051000.wav	8727.564	8727.789	0.226	37.4	1034.3	996.9	112.0	
523	Spectrogram 1	1	AU-AWBS03-151201-051000.wav	8736.271	8736.496	0.226	53.0	1915.9	1862.9	384.0	
524	Spectrogram 1	1	AU-AWBS03-151201-051000.wav	8736.767	8736.992	0.226	53.0	1794.4	1741.4	64.0	
525	Spectrogram 1	1	AU-AWBS03-151201-051000.wav	8741.278	8741.504	0.226	71.7	1271.0	1199.4	96.0	
526	Spectrogram 1	1	AU-AWBS03-151201-051000.wav	8741.842	8742.068	0.226	53.0	1199.4	1146.4	64.0	
527	Spectrogram 1	1	AU-AWBS03-151201-051000.wav	8746.331	8746.556	0.226	59.2	878.5	819.3	64.0	
528	Spectrogram 1	1	AU-AWBS03-151201-051000.wav	8746.895	8747.120	0.226	71.7	719.6	648.0	96.0	
529	Spectrogram 1	1	AU-AWBS03-151201-051000.wav	8751.293	8751.519	0.226	59.2	476.6	417.4	128.0	
530	Spectrogram 1	1	AU-AWBS03-151201-051000.wav	8751.789	8752.015	0.226	59.2	461.1	401.9	160.0	
531	Spectrogram 1	1	AU-AWBS03-151201-051000.wav	8756.120	8756.346	0.226	34.3	1218.1	1183.8	48.0	
532	Spectrogram 1	1	AU-AWBS03-151201-051000.wav	8756.617	8756.797	0.180	53.0	856.7	803.7	208.0	
533	Spectrogram 1	1	AU-AWBS03-151201-051000.wav	8761.218	8761.444	0.226	34.3	1451.7	1417.4	128.0	
534	Spectrogram 1	1	AU-AWBS03-151201-051000.wav	8761.669	8761.895	0.226	53.0	1305.3	1252.3	160.0	
535	Spectrogram 1	1	AU-AWBS03-151201-051000.wav	8766.135	8766.361	0.226	65.4	978.2	912.8	80.0	
536	Spectrogram 1	1	AU-AWBS03-151201-051000.wav	8766.632	8766.902	0.271	77.9	1059.2	981.3	80.0	
537	Spectrogram 1	1	AU-AWBS03-151201-051000.wav	8771.188	8771.414	0.226	53.0	1557.6	1504.7	496.0	
538	Spectrogram 1	1	AU-AWBS03-151201-051000.wav	8771.729	8772.000	0.271	49.8	1274.1	1224.3	160.0	
539	Spectrogram 1	1	AU-AWBS03-151201-051000.wav	8776.376	8776.556	0.180	85.7	1590.3	1504.7	320.0	
540	Spectrogram 1	1	AU-AWBS03-151201-051000.wav	8776.827	8777.053	0.226	102.8	1529.6	1426.8	128.0	
541	Spectrogram 1	1	AU-AWBS03-151201-051000.wav	8781.293	8781.519	0.226	65.4	1993.8	1928.3	432.0	
542	Spectrogram 1	1	AU-AWBS03-151201-051000.wav	8781.789	8782.015	0.226	65.4	1230.5	1165.1	240.0	
543	Spectrogram 1	1	AU-AWBS03-151201-051000.wav	8957.995	8958.221	0.226	56.1	1292.8	1236.8	208.0	start pattern
544	Spectrogram 1	1	AU-AWBS03-151201-051000.wav	8958.469	8958.695	0.226	63.9	1059.2	995.3	64.0	
545	Spectrogram 1	1	AU-AWBS03-151201-051000.wav	8967.379	8967.559	0.180	65.4	887.9	822.4	128.0	
546	Spectrogram 1	1	AU-AWBS03-151201-051000.wav	8967.785	8967.965	0.180	76.3	852.0	775.7	80.0	
547	Spectrogram 1	1	AU-AWBS03-151201-051000.wav	8972.431	8972.612	0.180	40.5	1588.8	1548.3	208.0	
548	Spectrogram 1	1	AU-AWBS03-151201-051000.wav	8972.883	8973.063	0.180	40.5	800.6	760.1	240.0	
549	Spectrogram 1	1	AU-AWBS03-151201-051000.wav	8977.439	8977.664	0.226	68.5	1320.9	1252.3	192.0	
550	Spectrogram 1	1	AU-AWBS03-151201-051000.wav	8977.980	8978.206	0.226	46.7	1283.5	1236.8	48.0	
551	Spectrogram 1	1	AU-AWBS03-151201-051000.wav	8982.537	8982.762	0.226	53.0	981.3	928.3	128.0	
552	Spectrogram 1	1	AU-AWBS03-151201-051000.wav	8982.988	8983.213	0.226	90.3	915.9	825.5	224.0	
553	Spectrogram 1	1	AU-AWBS03-151201-051000.wav	8987.544	8987.725	0.180	90.3	791.3	700.9	496.0	
554	Spectrogram 1	1	AU-AWBS03-151201-051000.wav	8988.086	8988.311	0.226	74.8	1056.1	981.3	416.0	
555	Spectrogram 1	1	AU-AWBS03-151201-051000.wav	8992.461	8992.642	0.180	74.8	1087.2	1012.5	208.0	
556	Spectrogram 1	1	AU-AWBS03-151201-051000.wav	8992.958	8993.138	0.180	112.1	891.0	778.8	224.0	
557	Spectrogram 1	1	AU-AWBS03-151201-051000.wav	8997.424	8997.649	0.226	59.2	934.6	875.4	176.0	
558	Spectrogram 1	1	AU-AWBS03-151201-051000.wav	8997.898	8998.123	0.226	65.4	943.9	878.5	208.0	
