Selection	View	Channel	Begin File	Begin Time (s)	End Time (s)	Delta Time (s)	Low Freq (Hz)	High Freq (Hz)	Delta Freq (Hz)	Peak Freq (Hz)	Notes
1	Spectrogram 1	1	AU-AWBS02-151013-020000.wav	216.289	216.454	0.165	66.2	420.5	354.3	80.0	start pattern
2	Spectrogram 1	1	AU-AWBS02-151013-020000.wav	216.825	217.072	0.247	66.2	559.6	493.4	128.0	
3	Spectrogram 1	1	AU-AWBS02-151013-020000.wav	225.979	226.144	0.165	66.2	493.4	427.2	96.0	
4	Spectrogram 1	1	AU-AWBS02-151013-020000.wav	226.474	226.680	0.206	77.8	478.5	400.7	288.0	
5	Spectrogram 1	1	AU-AWBS02-151013-020000.wav	231.134	231.299	0.165	59.6	556.3	496.7	160.0	
6	Spectrogram 1	1	AU-AWBS02-151013-020000.wav	231.588	231.794	0.206	56.3	572.8	516.6	128.0	
7	Spectrogram 1	1	AU-AWBS02-151013-020000.wav	236.165	236.371	0.206	72.8	655.6	582.8	96.0	
8	Spectrogram 1	1	AU-AWBS02-151013-020000.wav	236.660	236.907	0.247	69.5	622.5	553.0	256.0	
9	Spectrogram 1	1	AU-AWBS02-151013-020000.wav	241.320	241.526	0.206	56.3	549.7	493.4	288.0	
10	Spectrogram 1	1	AU-AWBS02-151013-020000.wav	241.856	242.062	0.206	59.6	549.7	490.1	240.0	
11	Spectrogram 1	1	AU-AWBS02-151013-020000.wav	246.433	246.639	0.206	72.8	599.3	526.5	288.0	
12	Spectrogram 1	1	AU-AWBS02-151013-020000.wav	246.969	247.175	0.206	82.8	586.1	503.3	208.0	
13	Spectrogram 1	1	AU-AWBS02-151013-020000.wav	251.546	251.753	0.206	69.5	612.6	543.0	176.0	
14	Spectrogram 1	1	AU-AWBS02-151013-020000.wav	252.124	252.330	0.206	62.9	609.3	546.4	240.0	
15	Spectrogram 1	1	AU-AWBS02-151013-020000.wav	256.866	257.072	0.206	79.5	503.3	423.8	176.0	
16	Spectrogram 1	1	AU-AWBS02-151013-020000.wav	257.361	257.608	0.247	79.5	506.6	427.2	176.0	
17	Spectrogram 1	1	AU-AWBS02-151013-020000.wav	451.670	451.918	0.247	76.2	1258.3	1182.1	112.0	start pattern
18	Spectrogram 1	1	AU-AWBS02-151013-020000.wav	452.289	452.536	0.247	62.9	1036.4	973.5	224.0	
19	Spectrogram 1	1	AU-AWBS02-151013-020000.wav	460.866	461.155	0.289	72.8	817.9	745.0	368.0	
20	Spectrogram 1	1	AU-AWBS02-151013-020000.wav	461.443	461.732	0.289	69.5	658.9	589.4	80.0	
24	Spectrogram 1	1	AU-AWBS02-151013-020000.wav	465.856	466.062	0.206	69.5	619.2	549.7	96.0	
25	Spectrogram 1	1	AU-AWBS02-151013-020000.wav	466.309	466.515	0.206	53.0	536.4	483.4	160.0	
26	Spectrogram 1	1	AU-AWBS02-151013-020000.wav	470.515	470.680	0.165	66.2	543.0	476.8	80.0	
27	Spectrogram 1	1	AU-AWBS02-151013-020000.wav	471.010	471.216	0.206	62.9	546.4	483.4	256.0	
28	Spectrogram 1	1	AU-AWBS02-151013-020000.wav	475.670	475.835	0.165	49.7	556.3	506.6	80.0	
29	Spectrogram 1	1	AU-AWBS02-151013-020000.wav	476.082	476.289	0.206	56.3	1168.9	1112.6	240.0	
30	Spectrogram 1	1	AU-AWBS02-151013-020000.wav	480.722	480.928	0.206	59.6	1033.1	973.5	240.0	
31	Spectrogram 1	1	AU-AWBS02-151013-020000.wav	481.216	481.423	0.206	53.0	490.1	437.1	192.0	
32	Spectrogram 1	1	AU-AWBS02-151013-020000.wav	485.835	486.041	0.206	76.2	622.5	546.4	224.0	
33	Spectrogram 1	1	AU-AWBS02-151013-020000.wav	486.289	486.536	0.247	72.8	589.4	516.6	80.0	
34	Spectrogram 1	1	AU-AWBS02-151013-020000.wav	490.990	491.196	0.206	62.9	470.2	407.3	144.0	
35	Spectrogram 1	1	AU-AWBS02-151013-020000.wav	491.485	491.732	0.247	46.4	483.4	437.1	144.0	
36	Spectrogram 1	1	AU-AWBS02-151013-020000.wav	496.144	496.433	0.289	76.2	529.8	453.6	176.0	
37	Spectrogram 1	1	AU-AWBS02-151013-020000.wav	496.639	496.928	0.289	76.2	536.4	460.3	176.0	
38	Spectrogram 1	1	AU-AWBS02-151014-020000.wav	20521.772	20521.978	0.206	36.4	447.0	410.6	80.0	start pattern
39	Spectrogram 1	1	AU-AWBS02-151014-020000.wav	20522.184	20522.431	0.247	29.8	410.6	380.8	96.0	
40	Spectrogram 1	1	AU-AWBS02-151014-020000.wav	20530.761	20530.926	0.165	26.5	715.2	688.7	96.0	
41	Spectrogram 1	1	AU-AWBS02-151014-020000.wav	20531.215	20531.421	0.206	46.4	705.3	658.9	64.0	
42	Spectrogram 1	1	AU-AWBS02-151014-020000.wav	20535.710	20535.916	0.206	39.7	606.0	566.2	272.0	
43	Spectrogram 1	1	AU-AWBS02-151014-020000.wav	20536.205	20536.411	0.206	49.7	586.1	536.4	80.0	
44	Spectrogram 1	1	AU-AWBS02-151014-020000.wav	20540.493	20540.658	0.165	36.4	496.7	460.3	112.0	
45	Spectrogram 1	1	AU-AWBS02-151014-020000.wav	20541.112	20541.359	0.247	33.1	466.9	433.8	240.0	
46	Spectrogram 1	1	AU-AWBS02-151014-020000.wav	20545.730	20545.978	0.247	46.4	509.9	463.6	208.0	
47	Spectrogram 1	1	AU-AWBS02-151014-020000.wav	20546.225	20546.473	0.247	46.4	509.9	463.6	304.0	
48	Spectrogram 1	1	AU-AWBS02-151014-020000.wav	20550.844	20551.009	0.165	56.3	509.9	453.6	64.0	
49	Spectrogram 1	1	AU-AWBS02-151014-020000.wav	20551.297	20551.545	0.247	56.3	466.9	410.6	64.0	
