Selection	View	Channel	Begin File	Begin Time (s)	End Time (s)	Delta Time (s)	Low Freq (Hz)	High Freq (Hz)	Delta Freq (Hz)	Peak Freq (Hz)	Notes
1	Spectrogram 1	1	AU-AWBS02-151014-220000.wav	112.206	112.454	0.247	45.2	683.9	638.7	88.0	start pattern A
2	Spectrogram 1	1	AU-AWBS02-151014-220000.wav	113.196	113.526	0.330	26.5	683.3	656.7	96.0	
3	Spectrogram 1	1	AU-AWBS02-151014-220000.wav	114.268	114.515	0.247	43.1	683.3	640.1	96.0	
4	Spectrogram 1	1	AU-AWBS02-151014-220000.wav	115.216	115.546	0.330	63.0	679.9	616.9	104.0	
5	Spectrogram 1	1	AU-AWBS02-151014-220000.wav	116.165	116.495	0.330	66.3	693.2	626.9	88.0	
6	Spectrogram 1	1	AU-AWBS02-151014-220000.wav	117.196	117.526	0.330	63.0	679.9	616.9	104.0	
7	Spectrogram 1	1	AU-AWBS02-151014-220000.wav	118.186	118.515	0.330	49.8	686.6	636.8	104.0	
8	Spectrogram 1	1	AU-AWBS02-151014-220000.wav	119.258	119.546	0.289	66.3	693.2	626.9	88.0	
9	Spectrogram 1	1	AU-AWBS02-151014-220000.wav	120.289	120.577	0.289	63.0	699.8	636.8	104.0	
10	Spectrogram 1	1	AU-AWBS02-151014-220000.wav	121.278	121.567	0.289	56.4	703.2	646.8	96.0	
11	Spectrogram 1	1	AU-AWBS02-151014-220000.wav	122.227	122.557	0.330	69.7	706.5	636.8	112.0	
12	Spectrogram 1	1	AU-AWBS02-151014-220000.wav	123.299	123.629	0.330	66.3	713.1	646.8	120.0	
13	Spectrogram 1	1	AU-AWBS02-151014-220000.wav	125.402	126.392	0.990	145.9	195.7	49.8	160.0	DS
14	Spectrogram 1	1	AU-AWBS02-151014-220000.wav	128.866	129.196	0.330	56.4	650.1	593.7	88.0	start pattern
15	Spectrogram 1	1	AU-AWBS02-151014-220000.wav	129.856	130.227	0.371	49.8	653.4	603.6	88.0	
16	Spectrogram 1	1	AU-AWBS02-151014-220000.wav	130.928	131.258	0.330	46.4	660.0	613.6	96.0	
17	Spectrogram 1	1	AU-AWBS02-151014-220000.wav	131.959	132.289	0.330	53.1	689.9	636.8	96.0	
18	Spectrogram 1	1	AU-AWBS02-151014-220000.wav	132.990	133.361	0.371	53.1	673.3	620.2	104.0	
19	Spectrogram 1	1	AU-AWBS02-151014-220000.wav	134.062	134.351	0.289	53.1	696.5	643.4	104.0	
20	Spectrogram 1	1	AU-AWBS02-151014-220000.wav	135.093	135.423	0.330	53.1	713.1	660.0	104.0	
21	Spectrogram 1	1	AU-AWBS02-151014-220000.wav	136.165	136.495	0.330	46.4	703.2	656.7	96.0	
22	Spectrogram 1	1	AU-AWBS02-151014-220000.wav	137.237	137.567	0.330	53.1	1558.9	1505.8	96.0	
23	Spectrogram 1	1	AU-AWBS02-151014-220000.wav	138.268	138.639	0.371	56.4	1552.2	1495.9	96.0	
24	Spectrogram 1	1	AU-AWBS02-151014-220000.wav	139.258	139.629	0.371	59.7	1568.8	1509.1	104.0	
25	Spectrogram 1	1	AU-AWBS02-151014-220000.wav	140.330	140.619	0.289	56.4	1548.9	1492.5	104.0	
26	Spectrogram 1	1	AU-AWBS02-151014-220000.wav	141.320	141.649	0.330	46.4	1565.5	1519.1	96.0	
27	Spectrogram 1	1	AU-AWBS02-151014-220000.wav	142.392	142.722	0.330	63.0	1552.2	1489.2	104.0	
28	Spectrogram 1	1	AU-AWBS02-151014-220000.wav	143.464	143.794	0.330	66.3	1552.2	1485.9	96.0	
29	Spectrogram 1	1	AU-AWBS02-151014-220000.wav	144.454	144.742	0.289	59.7	1542.3	1482.6	112.0	
30	Spectrogram 1	1	AU-AWBS02-151014-220000.wav	145.526	145.856	0.330	69.7	1545.6	1476.0	104.0	
31	Spectrogram 1	1	AU-AWBS02-151014-220000.wav	146.598	146.928	0.330	66.3	1552.2	1485.9	632.0	
34	Spectrogram 1	1	AU-AWBS02-151014-220000.wav	149.278	150.557	1.278	145.9	228.9	82.9	168.0	
35	Spectrogram 1	1	AU-AWBS02-151014-221000.wav	769.278	769.526	0.247	59.7	676.6	616.9	96.0	start pattern - not first GS, they're too faint
36	Spectrogram 1	1	AU-AWBS02-151014-221000.wav	770.268	770.557	0.289	63.0	709.8	646.8	112.0	
37	Spectrogram 1	1	AU-AWBS02-151014-221000.wav	771.340	771.670	0.330	53.1	693.2	640.1	104.0	
38	Spectrogram 1	1	AU-AWBS02-151014-221000.wav	772.371	772.660	0.289	69.7	703.2	633.5	104.0	
39	Spectrogram 1	1	AU-AWBS02-151014-221000.wav	773.402	773.732	0.330	82.9	686.6	603.6	120.0	
40	Spectrogram 1	1	AU-AWBS02-151014-221000.wav	774.474	774.763	0.289	59.7	719.7	660.0	104.0	
41	Spectrogram 1	1	AU-AWBS02-151014-221000.wav	775.505	775.794	0.289	63.0	723.1	660.0	104.0	
42	Spectrogram 1	1	AU-AWBS02-151014-221000.wav	776.577	776.907	0.330	56.4	733.0	676.6	104.0	
43	Spectrogram 1	1	AU-AWBS02-151014-221000.wav	777.649	777.938	0.289	53.1	743.0	689.9	96.0	
44	Spectrogram 1	1	AU-AWBS02-151014-221000.wav	778.722	779.010	0.289	56.4	779.4	723.1	88.0	
45	Spectrogram 1	1	AU-AWBS02-151014-221000.wav	779.753	780.041	0.289	53.1	772.8	719.7	96.0	
46	Spectrogram 1	1	AU-AWBS02-151014-221000.wav	780.742	781.072	0.330	56.4	796.0	739.6	104.0	
47	Spectrogram 1	1	AU-AWBS02-151014-221000.wav	782.639	783.546	0.907	159.2	232.2	73.0	192.0	DS
48	Spectrogram 1	1	AU-AWBS02-151014-225000.wav	3129.546	3129.876	0.330	43.1	729.7	686.6	96.0	start pattern
49	Spectrogram 1	1	AU-AWBS02-151014-225000.wav	3130.577	3130.866	0.289	33.2	726.4	693.2	96.0	
50	Spectrogram 1	1	AU-AWBS02-151014-225000.wav	3131.649	3131.938	0.289	46.4	736.3	689.9	104.0	
51	Spectrogram 1	1	AU-AWBS02-151014-225000.wav	3132.680	3132.969	0.289	56.4	756.2	699.8	104.0	
52	Spectrogram 1	1	AU-AWBS02-151014-225000.wav	3133.753	3134.041	0.289	53.1	739.6	686.6	96.0	
53	Spectrogram 1	1	AU-AWBS02-151014-225000.wav	3134.866	3135.155	0.289	46.4	762.9	716.4	104.0	
54	Spectrogram 1	1	AU-AWBS02-151014-225000.wav	3135.856	3136.186	0.330	49.8	749.6	699.8	96.0	
55	Spectrogram 1	1	AU-AWBS02-151014-225000.wav	3136.907	3137.155	0.247	59.7	749.6	689.9	112.0	
56	Spectrogram 1	1	AU-AWBS02-151014-225000.wav	3137.897	3138.268	0.371	63.0	756.2	693.2	104.0	
57	Spectrogram 1	1	AU-AWBS02-151014-225000.wav	3139.010	3139.299	0.289	59.7	756.2	696.5	104.0	
58	Spectrogram 1	1	AU-AWBS02-151014-225000.wav	3140.000	3140.330	0.330	56.4	739.6	683.3	96.0	
59	Spectrogram 1	1	AU-AWBS02-151014-225000.wav	3141.155	3141.443	0.289	49.8	756.2	706.5	104.0	
60	Spectrogram 1	1	AU-AWBS02-151014-225000.wav	3142.144	3142.474	0.330	49.8	746.3	696.5	104.0	
61	Spectrogram 1	1	AU-AWBS02-151014-225000.wav	3143.258	3143.588	0.330	59.7	772.8	713.1	96.0	
62	Spectrogram 1	1	AU-AWBS02-151014-225000.wav	3144.289	3144.577	0.289	66.3	779.4	713.1	104.0	
63	Spectrogram 1	1	AU-AWBS02-151014-225000.wav	3145.237	3145.691	0.454	63.0	766.2	703.2	104.0	
64	Spectrogram 1	1	AU-AWBS02-151014-225000.wav	3146.392	3146.722	0.330	59.7	782.8	723.1	104.0	
65	Spectrogram 1	1	AU-AWBS02-151014-225000.wav	3147.505	3147.835	0.330	46.4	789.4	743.0	104.0	
66	Spectrogram 1	1	AU-AWBS02-151014-225000.wav	3148.660	3148.907	0.247	49.8	769.5	719.7	96.0	
67	Spectrogram 1	1	AU-AWBS02-151014-225000.wav	3150.392	3151.423	1.031	155.9	228.9	73.0	176.0	DS
