Selection	View	Channel	Begin File	Begin Time (s)	End Time (s)	Delta Time (s)	Low Freq (Hz)	High Freq (Hz)	Delta Freq (Hz)	Peak Freq (Hz)	Notes
1	Spectrogram 1	1	AU-AWBS03-141203-042000.wav	217.940489617	218.095728787	0.155	17.3	2037.6	2020.3	80.0	start pattern B
2	Spectrogram 1	1	AU-AWBS03-141203-042000.wav	219.298832349	219.454071519	0.155	96.9	1280.0	1183.1	144.0	
3	Spectrogram 1	1	AU-AWBS03-141203-042000.wav	220.890033835	221.045273005	0.155	81.3	1856.0	1774.7	96.0	
4	Spectrogram 1	1	AU-AWBS03-141203-042000.wav	224.150056392	224.344105354	0.194	38.1	1657.1	1619.0	80.0	
5	Spectrogram 1	1	AU-AWBS03-141203-042000.wav	225.586018709	225.741257879	0.155	45.0	2009.9	1965.0	128.0	
6	Spectrogram 1	1	AU-AWBS03-141203-042000.wav	227.332459365	227.526508326	0.194	24.2	2037.6	2013.4	320.0	
7	Spectrogram 1	1	AU-AWBS03-141203-042000.wav	228.807231474	228.962470643	0.155	48.4	1916.5	1868.1	144.0	
8	Spectrogram 1	1	AU-AWBS03-141203-042000.wav	230.514862337	230.708911299	0.194	38.1	2037.6	1999.6	96.0	
9	Spectrogram 1	1	AU-AWBS03-141203-042000.wav	232.067254031	232.222493200	0.155	72.6	1916.5	1843.9	128.0	
10	Spectrogram 1	1	AU-AWBS03-141203-042000.wav	233.736075102	233.891314271	0.155	89.9	2044.5	1954.6	96.0	
11	Spectrogram 1	1	AU-AWBS03-141203-042000.wav	235.249657003	235.404896172	0.155	83.0	2037.6	1954.6	96.0	
12	Spectrogram 1	1	AU-AWBS03-141203-042000.wav	236.957287866	237.151336828	0.194	10.4	2041.1	2030.7	112.0	
13	Spectrogram 1	1	AU-AWBS03-141203-042000.wav	238.470869768	238.626108937	0.155	24.2	2041.1	2016.9	64.0	
14	Spectrogram 1	1	AU-AWBS03-141203-042000.wav	240.023261461	240.178500631	0.155	27.7	2044.5	2016.9	112.0	
15	Spectrogram 1	1	AU-AWBS03-141203-042000.wav	241.575653155	241.730892325	0.155	17.3	2041.1	2023.8	112.0	
16	Spectrogram 1	1	AU-AWBS03-141203-042000.wav	243.089235057	243.244474226	0.155	45.0	2009.9	1965.0	64.0	
17	Spectrogram 1	1	AU-AWBS03-141203-042000.wav	246.038779275	246.271638029	0.233	27.7	2044.5	2016.9	64.0	
18	Spectrogram 1	1	AU-AWBS03-141203-042000.wav	249.104752870	249.298801832	0.194	45.0	2044.5	1999.6	48.0	end main phrase
19	Spectrogram 1	1	AU-AWBS03-141203-042000.wav	253.606688782	253.800737744	0.194	58.8	1816.2	1757.4	112.0	
20	Spectrogram 1	1	AU-AWBS03-141203-042000.wav	255.159080476	255.314319645	0.155	46.7	2042.8	1996.1	336.0	
21	Spectrogram 1	1	AU-AWBS03-141203-042000.wav	256.672662377	256.866711339	0.194	24.2	2041.1	2016.9	128.0	
22	Spectrogram 1	1	AU-AWBS03-141203-042000.wav	258.225054071	258.380293240	0.155	34.6	2041.1	2006.5	48.0	
23	Spectrogram 1	1	AU-AWBS03-141203-042000.wav	259.777445765	259.971494726	0.194	79.6	2044.5	1965.0	544.0	
24	Spectrogram 1	1	AU-AWBS03-141203-042000.wav	262.921038945	263.153897699	0.233	67.5	2042.8	1975.4	96.0	
25	Spectrogram 1	1	AU-AWBS03-141203-042000.wav	266.219871294	266.413920256	0.194	86.5	2037.6	1951.1	160.0	
26	Spectrogram 1	1	AU-AWBS03-141203-042000.wav	271.109905129	271.265144299	0.155	100.3	2041.1	1940.8	112.0	
27	Spectrogram 1	1	AU-AWBS03-141203-042000.wav	272.856345785	273.011584954	0.155	166.1	2044.5	1878.5	480.0	
28	Spectrogram 1	1	AU-AWBS03-141203-042000.wav	274.486357063	274.680406025	0.194	190.3	2041.1	1850.8	208.0	
29	Spectrogram 1	1	AU-AWBS03-141203-042000.wav	276.093137398	276.248376567	0.155	67.5	1800.6	1733.2	384.0	
30	Spectrogram 1	1	AU-AWBS03-141203-042000.wav	277.645529092	277.800768261	0.155	24.2	2041.1	2016.9	384.0	
31	Spectrogram 1	1	AU-AWBS03-141203-042000.wav	280.789122272	281.021981026	0.233	48.4	2044.5	1996.1	320.0	
32	Spectrogram 1	1	AU-AWBS03-141203-042000.wav	284.126764413	284.359623168	0.233	83.0	2041.1	1958.1	288.0	
33	Spectrogram 1	1	AU-AWBS03-141203-042000.wav	290.996097658	291.151336828	0.155	93.4	2044.5	1951.1	96.0	
34	Spectrogram 1	1	AU-AWBS03-141203-042000.wav	292.587299145	292.781348106	0.194	134.9	2044.5	1909.6	560.0	
35	Spectrogram 1	1	AU-AWBS03-141203-042000.wav	294.217310423	294.372549592	0.155	76.1	2041.1	1965.0	96.0	
36	Spectrogram 1	1	AU-AWBS03-141203-042000.wav	295.730892325	295.924941286	0.194	58.8	2044.5	1985.7	112.0	
37	Spectrogram 1	1	AU-AWBS03-141203-042000.wav	298.990914881	299.223773636	0.233	83.0	2041.1	1958.1	160.0	
38	Spectrogram 1	1	AU-AWBS03-141203-042000.wav	302.367366815	302.561415777	0.194	58.8	2044.5	1985.7	64.0	
39	Spectrogram 1	1	AU-AWBS03-141203-042000.wav	311.836956148	312.031005109	0.194	86.5	2027.2	1940.8	96.0	
40	Spectrogram 1	1	AU-AWBS03-141203-042000.wav	313.428157634	313.622206595	0.194	103.8	2037.6	1933.8	112.0	
41	Spectrogram 1	1	AU-AWBS03-141203-042000.wav	315.096978704	315.252217874	0.155	103.8	2041.1	1937.3	112.0	
42	Spectrogram 1	1	AU-AWBS03-141203-042000.wav	316.649370398	316.882229152	0.233	83.0	2037.6	1954.6	816.0	
43	Spectrogram 1	1	AU-AWBS03-141203-042000.wav	319.831773371	320.064632125	0.233	69.2	2041.1	1971.9	1248.0	end pattern
44	Spectrogram 1	1	AU-AWBS03-141203-042000.wav	410.212127646	410.406176608	0.194	58.8	1913.1	1854.3	96.0	start pattern
45	Spectrogram 1	1	AU-AWBS03-141203-042000.wav	411.609280170	411.764519340	0.155	48.4	1034.4	985.9	112.0	
46	Spectrogram 1	1	AU-AWBS03-141203-042000.wav	413.200481657	413.394530618	0.194	34.6	1024.0	989.4	96.0	
47	Spectrogram 1	1	AU-AWBS03-141203-042000.wav	416.460504214	416.615743383	0.155	41.5	2037.6	1996.1	304.0	
48	Spectrogram 1	1	AU-AWBS03-141203-042000.wav	417.974086115	418.168135077	0.194	86.5	1868.1	1781.6	128.0	
49	Spectrogram 1	1	AU-AWBS03-141203-042000.wav	419.681716978	419.914575732	0.233	38.1	2041.1	2003.0	432.0	
50	Spectrogram 1	1	AU-AWBS03-141203-042000.wav	421.195298880	421.350538049	0.155	72.6	1778.2	1705.5	224.0	
51	Spectrogram 1	1	AU-AWBS03-141203-042000.wav	422.941739535	423.135788497	0.194	45.0	2041.1	1996.1	528.0	
52	Spectrogram 1	1	AU-AWBS03-141203-042000.wav	424.455321437	424.688180191	0.233	62.3	1978.8	1916.5	144.0	
53	Spectrogram 1	1	AU-AWBS03-141203-042000.wav	426.240571884	426.473430638	0.233	31.1	2044.5	2013.4	544.0	
54	Spectrogram 1	1	AU-AWBS03-141203-042000.wav	427.754153786	427.909392955	0.155	65.7	2037.6	1971.9	144.0	
55	Spectrogram 1	1	AU-AWBS03-141203-042000.wav	429.539404234	429.772262988	0.233	65.7	2041.1	1975.4	560.0	
56	Spectrogram 1	1	AU-AWBS03-141203-042000.wav	431.130605720	431.324654682	0.194	96.9	2037.6	1940.8	112.0	
57	Spectrogram 1	1	AU-AWBS03-141203-042000.wav	432.682997414	432.954665960	0.272	45.0	2037.6	1992.6	96.0	
58	Spectrogram 1	1	AU-AWBS03-141203-042000.wav	434.235389107	434.429438069	0.194	103.8	2030.7	1926.9	432.0	
59	Spectrogram 1	1	AU-AWBS03-141203-042000.wav	435.787780801	435.981829763	0.194	96.9	2037.6	1940.8	336.0	
60	Spectrogram 1	1	AU-AWBS03-141203-042000.wav	438.752903868	438.985762622	0.233	51.9	2037.6	1985.7	192.0	
61	Spectrogram 1	1	AU-AWBS03-141203-042000.wav	442.090546010	442.284594971	0.194	62.3	2037.6	1975.4	64.0	end main phrase
62	Spectrogram 1	1	AU-AWBS03-141203-042000.wav	446.320813375	446.553672129	0.233	153.9	2004.8	1850.8	448.0	
63	Spectrogram 1	1	AU-AWBS03-141203-042000.wav	447.873205069	448.106063823	0.233	76.1	2037.6	1961.5	480.0	
64	Spectrogram 1	1	AU-AWBS03-141203-042000.wav	449.425596763	449.580835932	0.155	79.6	2037.6	1958.1	80.0	
65	Spectrogram 1	1	AU-AWBS03-141203-042000.wav	451.016798249	451.172037418	0.155	96.9	2041.1	1944.2	240.0	
66	Spectrogram 1	1	AU-AWBS03-141203-042000.wav	452.530380150	452.685619320	0.155	48.4	2044.5	1996.1	240.0	
67	Spectrogram 1	1	AU-AWBS03-141203-042000.wav	455.751592915	455.984451669	0.233	79.6	2044.5	1965.0	224.0	
68	Spectrogram 1	1	AU-AWBS03-141203-042000.wav	459.089235057	459.322093811	0.233	86.5	2044.5	1958.1	192.0	
69	Spectrogram 1	1	AU-AWBS03-141203-042000.wav	464.406176608	464.600225570	0.194	83.0	2037.6	1954.6	240.0	
70	Spectrogram 1	1	AU-AWBS03-141203-042000.wav	466.152617263	466.346666225	0.194	86.5	2041.1	1954.6	96.0	
71	Spectrogram 1	1	AU-AWBS03-141203-042000.wav	467.782628542	467.976677503	0.194	83.0	2041.1	1958.1	96.0	
72	Spectrogram 1	1	AU-AWBS03-141203-042000.wav	469.335020236	469.567878990	0.233	100.3	2044.5	1944.2	336.0	
73	Spectrogram 1	1	AU-AWBS03-141203-042000.wav	470.887411929	471.081460891	0.194	83.0	2044.5	1961.5	256.0	
74	Spectrogram 1	1	AU-AWBS03-141203-042000.wav	473.953385525	474.147434486	0.194	38.1	2041.1	2003.0	1248.0	
75	Spectrogram 1	1	AU-AWBS03-141203-042000.wav	477.446266836	477.640315797	0.194	51.9	2041.1	1989.2	512.0	
76	Spectrogram 1	1	AU-AWBS03-141203-042000.wav	482.316895775	482.510944737	0.194	91.7	2025.5	1933.8	96.0	
77	Spectrogram 1	1	AU-AWBS03-141203-042000.wav	484.082741327	484.276790288	0.194	96.9	2041.1	1944.2	320.0	
78	Spectrogram 1	1	AU-AWBS03-141203-042000.wav	485.751562397	485.906801567	0.155	25.9	2035.9	2009.9	256.0	
79	Spectrogram 1	1	AU-AWBS03-141203-042000.wav	487.342763883	487.536812845	0.194	58.8	2037.6	1978.8	288.0	
80	Spectrogram 1	1	AU-AWBS03-141203-042000.wav	488.833114841	489.065973595	0.233	69.2	2044.5	1975.4	288.0	
81	Spectrogram 1	1	AU-AWBS03-141203-042000.wav	492.054327606	492.325996152	0.272	55.4	2044.5	1989.2	64.0	end pattern
82	Spectrogram 1	1	AU-AWBS03-141203-042000.wav	591.888692365	592.082741327	0.194	17.3	2041.1	2023.8	64.0	start pattern
83	Spectrogram 1	1	AU-AWBS03-141203-042000.wav	593.285844889	593.441084059	0.155	48.4	1048.2	999.8	96.0	
84	Spectrogram 1	1	AU-AWBS03-141203-042000.wav	594.760616998	594.915856168	0.155	31.1	2041.1	2009.9	256.0	
85	Spectrogram 1	1	AU-AWBS03-141203-042000.wav	598.137068932	598.369927686	0.233	24.2	1989.2	1965.0	96.0	
86	Spectrogram 1	1	AU-AWBS03-141203-042000.wav	599.627419890	599.743849267	0.116	45.0	2020.3	1975.4	224.0	
87	Spectrogram 1	1	AU-AWBS03-141203-043000.wav	601.373860545	601.529099715	0.155	34.6	2041.1	2006.5	272.0	
88	Spectrogram 1	1	AU-AWBS03-141203-043000.wav	602.848632655	603.003871824	0.155	93.4	2027.2	1933.8	176.0	
89	Spectrogram 1	1	AU-AWBS03-141203-043000.wav	604.595073310	604.750312479	0.155	121.1	2037.6	1916.5	384.0	
90	Spectrogram 1	1	AU-AWBS03-141203-043000.wav	606.128060108	606.322109069	0.194	224.9	1740.1	1515.2	480.0	
91	Spectrogram 1	1	AU-AWBS03-141203-043000.wav	607.816286075	608.010335036	0.194	107.2	2041.1	1933.8	112.0	
92	Spectrogram 1	1	AU-AWBS03-141203-043000.wav	609.368677768	609.562726730	0.194	72.6	2034.2	1961.5	144.0	
93	Spectrogram 1	1	AU-AWBS03-141203-043000.wav	611.115118424	611.270357593	0.155	45.0	2044.5	1999.6	144.0	
94	Spectrogram 1	1	AU-AWBS03-141203-043000.wav	612.667510118	612.783939495	0.116	69.2	2037.6	1968.4	112.0	
95	Spectrogram 1	1	AU-AWBS03-141203-043000.wav	614.219901812	614.375140981	0.155	45.0	2044.5	1999.6	112.0	
96	Spectrogram 1	1	AU-AWBS03-141203-043000.wav	615.733483713	615.888722882	0.155	166.1	2044.5	1878.5	224.0	
97	Spectrogram 1	1	AU-AWBS03-141203-043000.wav	617.285875407	617.479924369	0.194	169.5	2044.5	1875.0	176.0	
98	Spectrogram 1	1	AU-AWBS03-141203-043000.wav	620.235419625	620.468278379	0.233	41.5	2041.1	1999.6	112.0	
99	Spectrogram 1	1	AU-AWBS03-141203-043000.wav	623.495442182	623.689491144	0.194	107.2	2044.5	1937.3	112.0	end main phrase
100	Spectrogram 1	1	AU-AWBS03-141203-043000.wav	627.803329132	627.958568302	0.155	173.0	2037.6	1864.6	304.0	
101	Spectrogram 1	1	AU-AWBS03-141203-043000.wav	629.394530618	629.510959995	0.116	65.7	2041.1	1975.4	304.0	
102	Spectrogram 1	1	AU-AWBS03-141203-043000.wav	630.985732104	631.179781066	0.194	45.0	2044.5	1999.6	192.0	
103	Spectrogram 1	1	AU-AWBS03-141203-043000.wav	632.538123798	632.732172760	0.194	38.1	2041.1	2003.0	384.0	
104	Spectrogram 1	1	AU-AWBS03-141203-043000.wav	634.012895907	634.245754661	0.233	45.0	2044.5	1999.6	304.0	
105	Spectrogram 1	1	AU-AWBS03-141203-043000.wav	637.195298880	637.389347841	0.194	69.2	2044.5	1975.4	272.0	
106	Spectrogram 1	1	AU-AWBS03-141203-043000.wav	640.455321437	640.688180191	0.233	103.8	2044.5	1940.8	816.0	
107	Spectrogram 1	1	AU-AWBS03-141203-043000.wav	645.849882572	646.043931534	0.194	27.7	2044.5	2016.9	176.0	
108	Spectrogram 1	1	AU-AWBS03-141203-043000.wav	647.596323228	647.790372190	0.194	65.7	2041.1	1975.4	144.0	
109	Spectrogram 1	1	AU-AWBS03-141203-043000.wav	649.226334506	649.381573676	0.155	86.5	2044.5	1958.1	240.0	
110	Spectrogram 1	1	AU-AWBS03-141203-043000.wav	650.856345785	651.050394747	0.194	89.9	2044.5	1954.6	432.0	
111	Spectrogram 1	1	AU-AWBS03-141203-043000.wav	652.331117894	652.563976648	0.233	96.9	2037.6	1940.8	272.0	
112	Spectrogram 1	1	AU-AWBS03-141203-043000.wav	655.451480130	655.645529092	0.194	72.6	2037.6	1965.0	832.0	
113	Spectrogram 1	1	AU-AWBS03-141203-043000.wav	658.750312479	658.944361441	0.194	65.7	2041.1	1975.4	80.0	
114	Spectrogram 1	1	AU-AWBS03-141203-043000.wav	665.716670205	665.910719167	0.194	105.5	2039.4	1933.8	432.0	
115	Spectrogram 1	1	AU-AWBS03-141203-043000.wav	667.327276588	667.560135342	0.233	65.7	2041.1	1975.4	576.0	
116	Spectrogram 1	1	AU-AWBS03-141203-043000.wav	668.918478074	669.151336828	0.233	48.4	2041.1	1992.6	224.0	
117	Spectrogram 1	1	AU-AWBS03-141203-043000.wav	670.432059975	670.626108937	0.194	51.9	2044.5	1992.6	1264.0	
118	Spectrogram 1	1	AU-AWBS03-141203-043000.wav	673.536843363	673.769702117	0.233	79.6	2041.1	1961.5	832.0	end pattern
119	Spectrogram 1	1	AU-AWBS03-141203-043000.wav	782.817566510	783.050425264	0.233	76.1	2023.8	1947.7	80.0	start pattern
120	Spectrogram 1	1	AU-AWBS03-141203-043000.wav	783.904240696	784.059479865	0.155	148.8	1131.2	982.5	176.0	
121	Spectrogram 1	1	AU-AWBS03-141203-043000.wav	785.611871559	785.805920521	0.194	152.2	1127.8	975.6	160.0	
122	Spectrogram 1	1	AU-AWBS03-141203-043000.wav	788.910703908	789.104752870	0.194	41.5	2041.1	1999.6	112.0	
123	Spectrogram 1	1	AU-AWBS03-141203-043000.wav	790.385476017	790.579524979	0.194	62.3	1971.9	1909.6	160.0	
124	Spectrogram 1	1	AU-AWBS03-141203-043000.wav	792.131916673	792.364775427	0.233	34.6	2041.1	2006.5	112.0	
125	Spectrogram 1	1	AU-AWBS03-141203-043000.wav	793.606688782	793.761927951	0.155	38.1	2034.2	1996.1	128.0	
126	Spectrogram 1	1	AU-AWBS03-141203-043000.wav	795.314319645	795.547178399	0.233	41.5	2044.5	2003.0	384.0	
127	Spectrogram 1	1	AU-AWBS03-141203-043000.wav	796.827901547	796.983140716	0.155	131.5	2034.2	1902.7	144.0	
128	Spectrogram 1	1	AU-AWBS03-141203-043000.wav	798.574342202	798.807200956	0.233	93.4	2041.1	1947.7	336.0	
129	Spectrogram 1	1	AU-AWBS03-141203-043000.wav	800.087924104	800.281973065	0.194	69.2	2037.6	1968.4	144.0	
130	Spectrogram 1	1	AU-AWBS03-141203-043000.wav	801.756745174	801.989603928	0.233	34.6	2044.5	2009.9	400.0	
131	Spectrogram 1	1	AU-AWBS03-141203-043000.wav	803.309136868	803.386756453	0.078	62.3	2044.5	1982.3	400.0	
132	Spectrogram 1	1	AU-AWBS03-141203-043000.wav	804.939148147	805.133197108	0.194	27.7	2044.5	2016.9	128.0	
133	Spectrogram 1	1	AU-AWBS03-141203-043000.wav	806.452730048	806.685588802	0.233	83.0	2034.2	1951.1	256.0	
134	Spectrogram 1	1	AU-AWBS03-141203-043000.wav	808.005121742	808.199170704	0.194	86.5	2044.5	1958.1	256.0	
135	Spectrogram 1	1	AU-AWBS03-141203-043000.wav	811.032285545	811.226334506	0.194	48.4	2037.6	1989.2	96.0	
136	Spectrogram 1	1	AU-AWBS03-141203-043000.wav	814.175878725	814.369927686	0.194	48.4	2041.1	1992.6	208.0	end main phrase
137	Spectrogram 1	1	AU-AWBS03-141203-043000.wav	817.567909507	817.723148677	0.155	79.6	2044.5	1965.0	272.0	
138	Spectrogram 1	1	AU-AWBS03-141203-043000.wav	818.887442447	819.159110993	0.272	134.9	2044.5	1909.6	384.0	
139	Spectrogram 1	1	AU-AWBS03-141203-043000.wav	820.517453725	820.672692895	0.155	159.1	2044.5	1885.4	160.0	
140	Spectrogram 1	1	AU-AWBS03-141203-043000.wav	822.108655212	822.302704173	0.194	134.9	2044.5	1909.6	400.0	
141	Spectrogram 1	1	AU-AWBS03-141203-043000.wav	823.699856698	823.855095867	0.155	107.2	2041.1	1933.8	304.0	
142	Spectrogram 1	1	AU-AWBS03-141203-043000.wav	825.213438599	825.407487561	0.194	72.6	2041.1	1968.4	272.0	
143	Spectrogram 1	1	AU-AWBS03-141203-043000.wav	828.318221987	828.551080741	0.233	41.5	2041.1	1999.6	432.0	
144	Spectrogram 1	1	AU-AWBS03-141203-043000.wav	831.655864128	831.811103298	0.155	138.4	2041.1	1902.7	384.0	
145	Spectrogram 1	1	AU-AWBS03-141203-043000.wav	837.322093811	837.477332980	0.155	110.7	2030.7	1920.0	272.0	
146	Spectrogram 1	1	AU-AWBS03-141203-043000.wav	838.874485504	839.029724674	0.155	109.0	2035.9	1926.9	256.0	
147	Spectrogram 1	1	AU-AWBS03-141203-043000.wav	840.582116368	840.737355537	0.155	117.6	2041.1	1923.5	208.0	
148	Spectrogram 1	1	AU-AWBS03-141203-043000.wav	842.134508061	842.328557023	0.194	93.4	2037.6	1944.2	336.0	
149	Spectrogram 1	1	AU-AWBS03-141203-043000.wav	843.686899755	843.997378094	0.310	65.7	2041.1	1975.4	112.0	
150	Spectrogram 1	1	AU-AWBS03-141203-043000.wav	846.752873350	847.024541897	0.272	96.9	2041.1	1944.2	832.0	
151	Spectrogram 1	1	AU-AWBS03-141203-043000.wav	850.090515492	850.284564454	0.194	62.3	2044.5	1982.3	64.0	
152	Spectrogram 1	1	AU-AWBS03-141203-043000.wav	854.941739535	855.096978704	0.155	124.5	2041.1	1916.5	304.0	
153	Spectrogram 1	1	AU-AWBS03-141203-043000.wav	856.726989983	856.921038945	0.194	124.5	2044.5	1920.0	272.0	
154	Spectrogram 1	1	AU-AWBS03-141203-043000.wav	858.318191469	858.512240431	0.194	186.8	2041.1	1854.3	192.0	
155	Spectrogram 1	1	AU-AWBS03-141203-043000.wav	859.987012540	860.142251709	0.155	145.3	2041.1	1895.8	176.0	
156	Spectrogram 1	1	AU-AWBS03-141203-043000.wav	861.539404234	861.772262988	0.233	114.2	2041.1	1926.9	1264.0	
157	Spectrogram 1	1	AU-AWBS03-141203-043000.wav	864.527758244	864.760616998	0.233	128.0	2044.5	1916.5	304.0	
158	Spectrogram 1	1	AU-AWBS03-141203-043000.wav	867.997408611	868.191457573	0.194	152.2	2041.1	1888.9	496.0	
159	Spectrogram 1	1	AU-AWBS03-141203-043000.wav	874.983171234	875.138410403	0.155	103.8	2044.5	1940.8	448.0	
160	Spectrogram 1	1	AU-AWBS03-141203-043000.wav	876.651992304	876.846041266	0.194	65.7	2041.1	1975.4	96.0	
161	Spectrogram 1	1	AU-AWBS03-141203-043000.wav	878.243193790	878.398432960	0.155	117.6	2044.5	1926.9	208.0	
162	Spectrogram 1	1	AU-AWBS03-141203-043000.wav	879.795585484	879.989634446	0.194	89.9	2037.6	1947.7	384.0	
163	Spectrogram 1	1	AU-AWBS03-141203-043000.wav	883.133227626	883.327276588	0.194	79.6	2044.5	1965.0	176.0	
164	Spectrogram 1	1	AU-AWBS03-141203-043000.wav	886.664918729	886.936587276	0.272	134.9	2041.1	1906.2	272.0	
165	Spectrogram 1	1	AU-AWBS03-141203-043000.wav	894.620926160	894.814975122	0.194	117.6	2027.2	1909.6	384.0	
166	Spectrogram 1	1	AU-AWBS03-141203-043000.wav	896.289747231	896.483796192	0.194	96.9	2041.1	1944.2	432.0	
167	Spectrogram 1	1	AU-AWBS03-141203-043000.wav	897.880948717	898.074997679	0.194	76.1	2044.5	1968.4	432.0	
168	Spectrogram 1	1	AU-AWBS03-141203-043000.wav	899.472150203	899.666199165	0.194	58.8	2037.6	1978.8	336.0	
169	Spectrogram 1	1	AU-AWBS03-141203-043000.wav	902.538123798	902.770982552	0.233	124.5	2037.6	1913.1	176.0	end pattern
170	Spectrogram 1	1	AU-AWBS03-141203-043000.wav	1017.717935382	1017.950794136	0.233	48.4	2041.1	1992.6	64.0	start pattern
171	Spectrogram 1	1	AU-AWBS03-141203-043000.wav	1019.076278114	1019.309136868	0.233	100.3	1989.2	1888.9	144.0	
172	Spectrogram 1	1	AU-AWBS03-141203-043000.wav	1020.415215950	1020.686884496	0.272	119.4	2037.6	1918.3	224.0	
173	Spectrogram 1	1	AU-AWBS03-141203-043000.wav	1023.966311949	1024.160360911	0.194	45.0	2006.5	1961.5	64.0	
174	Spectrogram 1	1	AU-AWBS03-141203-043000.wav	1025.402274266	1025.557513436	0.155	77.8	1817.9	1740.1	80.0	
175	Spectrogram 1	1	AU-AWBS03-141203-043000.wav	1027.109905129	1027.303954091	0.194	58.8	2041.1	1982.3	64.0	
176	Spectrogram 1	1	AU-AWBS03-141203-043000.wav	1028.584677239	1028.778726200	0.194	69.2	1729.7	1660.5	80.0	
177	Spectrogram 1	1	AU-AWBS03-141203-043000.wav	1030.292308102	1030.447547271	0.155	57.1	2046.3	1989.2	64.0	
178	Spectrogram 1	1	AU-AWBS03-141203-043000.wav	1031.782659059	1031.937898229	0.155	65.7	1795.5	1729.7	80.0	
179	Spectrogram 1	1	AU-AWBS03-141203-043000.wav	1033.451480130	1033.684338884	0.233	27.7	2041.1	2013.4	256.0	
180	Spectrogram 1	1	AU-AWBS03-141203-043000.wav	1035.003871824	1035.197920786	0.194	79.6	2041.1	1961.5	128.0	
181	Spectrogram 1	1	AU-AWBS03-141203-043000.wav	1036.692097791	1036.886146753	0.194	53.6	2042.8	1989.2	64.0	
182	Spectrogram 1	1	AU-AWBS03-141203-043000.wav	1038.263894381	1038.419133550	0.155	79.6	2037.6	1958.1	80.0	
183	Spectrogram 1	1	AU-AWBS03-141203-043000.wav	1039.855095867	1040.010335036	0.155	51.9	2044.5	1992.6	64.0	
184	Spectrogram 1	1	AU-AWBS03-141203-043000.wav	1041.329867976	1041.523916938	0.194	55.4	2044.5	1989.2	144.0	
185	Spectrogram 1	1	AU-AWBS03-141203-043000.wav	1042.843449878	1043.037498839	0.194	55.4	2044.5	1989.2	144.0	
186	Spectrogram 1	1	AU-AWBS03-141203-043000.wav	1045.715374511	1045.909423473	0.194	62.3	2044.5	1982.3	176.0	
187	Spectrogram 1	1	AU-AWBS03-141203-043000.wav	1048.936587276	1049.130636237	0.194	79.6	2027.2	1947.7	160.0	end main phrase
188	Spectrogram 1	1	AU-AWBS03-141203-043000.wav	1053.166854641	1053.360903603	0.194	24.2	2041.1	2016.9	48.0	
189	Spectrogram 1	1	AU-AWBS03-141203-043000.wav	1054.680436543	1054.913295297	0.233	79.6	2041.1	1961.5	304.0	
190	Spectrogram 1	1	AU-AWBS03-141203-043000.wav	1056.232828236	1056.426877198	0.194	114.2	2044.5	1930.4	304.0	
191	Spectrogram 1	1	AU-AWBS03-141203-043000.wav	1057.824029723	1057.979268892	0.155	109.0	2042.8	1933.8	112.0	
192	Spectrogram 1	1	AU-AWBS03-141203-043000.wav	1059.337611624	1059.570470378	0.233	96.9	2041.1	1944.2	240.0	
193	Spectrogram 1	1	AU-AWBS03-141203-043000.wav	1062.403585219	1062.636443973	0.233	72.6	2041.1	1968.4	176.0	
194	Spectrogram 1	1	AU-AWBS03-141203-043000.wav	1065.702417569	1065.935276323	0.233	100.3	2044.5	1944.2	208.0	
195	Spectrogram 1	1	AU-AWBS03-141203-043000.wav	1070.941739535	1071.135788497	0.194	96.9	1342.3	1245.4	144.0	
196	Spectrogram 1	1	AU-AWBS03-141203-043000.wav	1072.610560606	1072.804609568	0.194	103.8	2044.5	1940.8	112.0	
197	Spectrogram 1	1	AU-AWBS03-141203-043000.wav	1074.201762092	1074.434620846	0.233	96.9	2041.1	1944.2	352.0	
198	Spectrogram 1	1	AU-AWBS03-141203-043000.wav	1075.792963578	1076.025822332	0.233	72.6	2044.5	1971.9	480.0	
199	Spectrogram 1	1	AU-AWBS03-141203-043000.wav	1077.306545480	1077.539404234	0.233	69.2	2037.6	1968.4	560.0	
200	Spectrogram 1	1	AU-AWBS03-141203-043000.wav	1080.488948452	1080.682997414	0.194	83.0	2044.5	1961.5	256.0	
201	Spectrogram 1	1	AU-AWBS03-141203-043000.wav	1083.787780801	1084.020639555	0.233	117.6	2023.8	1906.2	256.0	
202	Spectrogram 1	1	AU-AWBS03-141203-043000.wav	1088.460534731	1088.654583693	0.194	138.4	1830.1	1691.7	192.0	
203	Spectrogram 1	1	AU-AWBS03-141203-043000.wav	1090.206975387	1090.401024348	0.194	76.1	2041.1	1965.0	112.0	
204	Spectrogram 1	1	AU-AWBS03-141203-043000.wav	1091.720557288	1091.914606250	0.194	76.1	2023.8	1947.7	560.0	
205	Spectrogram 1	1	AU-AWBS03-141203-043000.wav	1093.350568567	1093.544617528	0.194	117.6	2044.5	1926.9	576.0	
206	Spectrogram 1	1	AU-AWBS03-141203-043000.wav	1094.825340676	1095.058199430	0.233	81.3	2042.8	1961.5	1264.0	
207	Spectrogram 1	1	AU-AWBS03-141203-043000.wav	1097.968933856	1098.162982817	0.194	155.7	2044.5	1888.9	304.0	
208	Spectrogram 1	1	AU-AWBS03-141203-043000.wav	1101.228956413	1101.384195582	0.155	100.3	2044.5	1944.2	448.0	
209	Spectrogram 1	1	AU-AWBS03-141203-043000.wav	1106.623517548	1106.778756718	0.155	134.9	1857.7	1722.8	544.0	
210	Spectrogram 1	1	AU-AWBS03-141203-043000.wav	1108.331148412	1108.486387581	0.155	138.4	1999.6	1861.2	144.0	
211	Spectrogram 1	1	AU-AWBS03-141203-043000.wav	1109.922349898	1110.116398859	0.194	252.5	2041.1	1788.5	432.0	
212	Spectrogram 1	1	AU-AWBS03-141203-043000.wav	1111.552361176	1111.746410138	0.194	200.6	2041.1	1840.4	448.0	
213	Spectrogram 1	1	AU-AWBS03-141203-043000.wav	1113.065943078	1113.298801832	0.233	107.2	2041.1	1933.8	336.0	
214	Spectrogram 1	1	AU-AWBS03-141203-043000.wav	1116.209536258	1116.442395012	0.233	41.5	2041.1	1999.6	192.0	end pattern
215	Spectrogram 1	1	AU-AWBS03-141203-044000.wav	1249.490289923	1249.723148677	0.233	10.4	2041.1	2030.7	96.0	start pattern
216	Spectrogram 1	1	AU-AWBS03-141203-044000.wav	1250.906847343	1251.081491409	0.175	41.5	2034.2	1992.6	48.0	
217	Spectrogram 1	1	AU-AWBS03-141203-044000.wav	1252.478643933	1252.672692895	0.194	58.8	2034.2	1975.4	128.0	
218	Spectrogram 1	1	AU-AWBS03-141203-044000.wav	1255.758071386	1255.952120348	0.194	65.7	2037.6	1971.9	160.0	
219	Spectrogram 1	1	AU-AWBS03-141203-044000.wav	1257.213438599	1257.368677768	0.155	86.5	1788.5	1702.1	160.0	
220	Spectrogram 1	1	AU-AWBS03-141203-044000.wav	1258.921069462	1259.115118424	0.194	38.1	2044.5	2006.5	384.0	
221	Spectrogram 1	1	AU-AWBS03-141203-044000.wav	1260.395841571	1260.551080741	0.155	76.1	2037.6	1961.5	128.0	
222	Spectrogram 1	1	AU-AWBS03-141203-044000.wav	1262.142282227	1262.336331189	0.194	38.1	2041.1	2003.0	96.0	
223	Spectrogram 1	1	AU-AWBS03-141203-044000.wav	1263.617054336	1263.811103298	0.194	58.8	2037.6	1978.8	128.0	
224	Spectrogram 1	1	AU-AWBS03-141203-044000.wav	1265.363494991	1265.596353746	0.233	51.9	2041.1	1989.2	128.0	
225	Spectrogram 1	1	AU-AWBS03-141203-044000.wav	1266.915886685	1267.109935647	0.194	72.6	1996.1	1923.5	112.0	
226	Spectrogram 1	1	AU-AWBS03-141203-044000.wav	1268.604112652	1268.817566510	0.213	45.0	2044.5	1999.6	112.0	
227	Spectrogram 1	1	AU-AWBS03-141203-044000.wav	1270.175909242	1270.369958204	0.194	58.8	2034.2	1975.4	64.0	
228	Spectrogram 1	1	AU-AWBS03-141203-044000.wav	1271.747705832	1271.941754794	0.194	74.4	2042.8	1968.4	80.0	
229	Spectrogram 1	1	AU-AWBS03-141203-044000.wav	1273.241882837	1273.435931799	0.194	124.5	2044.5	1920.0	128.0	
230	Spectrogram 1	1	AU-AWBS03-141203-044000.wav	1274.833084324	1275.027133285	0.194	110.7	2041.1	1930.4	112.0	
231	Spectrogram 1	1	AU-AWBS03-141203-044000.wav	1276.346666225	1276.501905394	0.155	55.4	2044.5	1989.2	656.0	
232	Spectrogram 1	1	AU-AWBS03-141203-044000.wav	1279.296210443	1279.529069197	0.233	41.5	2044.5	2003.0	96.0	
233	Spectrogram 1	1	AU-AWBS03-141203-044000.wav	1282.478613415	1282.672662377	0.194	51.9	2041.1	1989.2	112.0	end main phrase
234	Spectrogram 1	1	AU-AWBS03-141203-044000.wav	1286.689475885	1286.883524847	0.194	159.1	2016.9	1857.7	176.0	
235	Spectrogram 1	1	AU-AWBS03-141203-044000.wav	1288.261272475	1288.455321437	0.194	128.0	2041.1	1913.1	400.0	
236	Spectrogram 1	1	AU-AWBS03-141203-044000.wav	1289.852473961	1290.046522923	0.194	128.0	2041.1	1913.1	128.0	
237	Spectrogram 1	1	AU-AWBS03-141203-044000.wav	1291.366055862	1291.560104824	0.194	96.9	2044.5	1947.7	336.0	
238	Spectrogram 1	1	AU-AWBS03-141203-044000.wav	1292.840827972	1293.073686726	0.233	34.6	2044.5	2009.9	336.0	
239	Spectrogram 1	1	AU-AWBS03-141203-044000.wav	1295.906801567	1296.139660321	0.233	83.0	2037.6	1954.6	480.0	
240	Spectrogram 1	1	AU-AWBS03-141203-044000.wav	1299.244443708	1299.438492670	0.194	76.1	2044.5	1968.4	80.0	
241	Spectrogram 1	1	AU-AWBS03-141203-044000.wav	1304.188866185	1304.344105354	0.155	117.6	1117.4	999.8	128.0	
242	Spectrogram 1	1	AU-AWBS03-141203-044000.wav	1305.857687256	1306.051736217	0.194	55.4	2044.5	1989.2	64.0	
243	Spectrogram 1	1	AU-AWBS03-141203-044000.wav	1307.410078949	1307.642937703	0.233	62.3	2044.5	1982.3	448.0	
244	Spectrogram 1	1	AU-AWBS03-141203-044000.wav	1308.962470643	1309.195329397	0.233	117.6	2041.1	1923.5	512.0	
245	Spectrogram 1	1	AU-AWBS03-141203-044000.wav	1310.476052545	1310.708911299	0.233	107.2	2044.5	1937.3	304.0	
246	Spectrogram 1	1	AU-AWBS03-141203-044000.wav	1313.755479998	1314.027148544	0.272	67.5	2042.8	1975.4	256.0	
247	Spectrogram 1	1	AU-AWBS03-141203-044000.wav	1317.112527035	1317.345385790	0.233	105.5	2039.4	1933.8	304.0	
248	Spectrogram 1	1	AU-AWBS03-141203-044000.wav	1322.507088171	1322.701137133	0.194	45.0	2041.1	1996.1	240.0	
249	Spectrogram 1	1	AU-AWBS03-141203-044000.wav	1324.175909242	1324.408767996	0.233	55.4	2037.6	1982.3	272.0	
250	Spectrogram 1	1	AU-AWBS03-141203-044000.wav	1325.728300936	1325.883540105	0.155	131.5	2044.5	1913.1	176.0	
251	Spectrogram 1	1	AU-AWBS03-141203-044000.wav	1327.319502422	1327.513551384	0.194	173.0	2044.5	1871.6	320.0	
252	Spectrogram 1	1	AU-AWBS03-141203-044000.wav	1328.871894116	1329.065943078	0.194	103.8	2041.1	1937.3	112.0	
253	Spectrogram 1	1	AU-AWBS03-141203-044000.wav	1331.976677503	1332.209536258	0.233	96.9	2044.5	1947.7	384.0	end pattern
254	Spectrogram 1	1	AU-AWBS03-141203-044000.wav	1454.355705567	1454.549754529	0.194	22.5	1868.1	1845.6	96.0	start pattern
255	Spectrogram 1	1	AU-AWBS03-141203-044000.wav	1455.772262988	1455.966311949	0.194	76.1	1311.1	1235.0	80.0	
256	Spectrogram 1	1	AU-AWBS03-141203-044000.wav	1457.402274266	1457.557513436	0.155	67.5	2042.8	1975.4	128.0	
257	Spectrogram 1	1	AU-AWBS03-141203-044000.wav	1460.701106616	1460.895155577	0.194	51.9	2034.2	1982.3	112.0	
258	Spectrogram 1	1	AU-AWBS03-141203-044000.wav	1462.175878725	1462.331117894	0.155	77.8	2039.4	1961.5	144.0	
259	Spectrogram 1	1	AU-AWBS03-141203-044000.wav	1463.860278644	1464.093137398	0.233	34.6	2037.6	2003.0	112.0	
260	Spectrogram 1	1	AU-AWBS03-141203-044000.wav	1465.335050753	1465.490289923	0.155	45.0	1850.8	1805.8	160.0	
261	Spectrogram 1	1	AU-AWBS03-141203-044000.wav	1467.081491409	1467.236730578	0.155	72.6	2034.2	1961.5	128.0	
262	Spectrogram 1	1	AU-AWBS03-141203-044000.wav	1468.536858622	1468.730907583	0.194	67.5	1337.1	1269.6	80.0	
263	Spectrogram 1	1	AU-AWBS03-141203-044000.wav	1470.302704173	1470.535562927	0.233	58.8	2041.1	1982.3	64.0	
264	Spectrogram 1	1	AU-AWBS03-141203-044000.wav	1471.816286075	1471.971525244	0.155	50.2	1354.4	1304.2	64.0	
265	Spectrogram 1	1	AU-AWBS03-141203-044000.wav	1473.523916938	1473.717965900	0.194	27.7	2044.5	2016.9	64.0	
266	Spectrogram 1	1	AU-AWBS03-141203-044000.wav	1475.037498839	1475.231547801	0.194	55.4	2037.6	1982.3	112.0	
267	Spectrogram 1	1	AU-AWBS03-141203-044000.wav	1476.628700325	1476.861559080	0.233	79.6	2044.5	1965.0	80.0	
268	Spectrogram 1	1	AU-AWBS03-141203-044000.wav	1478.181092019	1478.413950773	0.233	89.9	2044.5	1954.6	128.0	
269	Spectrogram 1	1	AU-AWBS03-141203-044000.wav	1479.694673921	1479.927532675	0.233	86.5	2044.5	1958.1	400.0	
270	Spectrogram 1	1	AU-AWBS03-141203-044000.wav	1482.683027931	1482.954696478	0.272	34.6	2041.1	2006.5	112.0	
271	Spectrogram 1	1	AU-AWBS03-141203-044000.wav	1485.981860280	1486.253528827	0.272	79.6	2037.6	1958.1	160.0	end main phrase
272	Spectrogram 1	1	AU-AWBS03-141203-044000.wav	1489.513551384	1489.746410138	0.233	86.5	2037.6	1951.1	224.0	
273	Spectrogram 1	1	AU-AWBS03-141203-044000.wav	1490.833084324	1491.065943078	0.233	96.9	2041.1	1944.2	144.0	
274	Spectrogram 1	1	AU-AWBS03-141203-044000.wav	1492.385476017	1492.618334771	0.233	107.2	2044.5	1937.3	112.0	
275	Spectrogram 1	1	AU-AWBS03-141203-044000.wav	1493.899057919	1494.131916673	0.233	65.7	2041.1	1975.4	512.0	
276	Spectrogram 1	1	AU-AWBS03-141203-044000.wav	1495.490259405	1495.723118159	0.233	20.8	2037.6	2016.9	432.0	
277	Spectrogram 1	1	AU-AWBS03-141203-044000.wav	1496.965031514	1497.159080476	0.194	31.1	2037.6	2006.5	304.0	
278	Spectrogram 1	1	AU-AWBS03-141203-044000.wav	1500.108624694	1500.341483448	0.233	76.1	2044.5	1968.4	208.0	
279	Spectrogram 1	1	AU-AWBS03-141203-044000.wav	1503.407457043	1503.717935382	0.310	62.3	2041.1	1978.8	432.0	
280	Spectrogram 1	1	AU-AWBS03-141203-044000.wav	1507.288436278	1507.521295032	0.233	86.5	2027.2	1940.8	128.0	
281	Spectrogram 1	1	AU-AWBS03-141203-044000.wav	1508.879637764	1509.112496518	0.233	117.6	2037.6	1920.0	128.0	
282	Spectrogram 1	1	AU-AWBS03-141203-044000.wav	1510.587268627	1510.781317589	0.194	121.1	2037.6	1916.5	432.0	
283	Spectrogram 1	1	AU-AWBS03-141203-044000.wav	1512.139660321	1512.372519075	0.233	41.5	2037.6	1996.1	400.0	
284	Spectrogram 1	1	AU-AWBS03-141203-044000.wav	1513.769671599	1514.002530353	0.233	41.5	2034.2	1992.6	416.0	
285	Spectrogram 1	1	AU-AWBS03-141203-044000.wav	1515.244443708	1515.477302462	0.233	51.9	2037.6	1985.7	272.0	
286	Spectrogram 1	1	AU-AWBS03-141203-044000.wav	1518.364805945	1518.597664699	0.233	65.7	2041.1	1975.4	192.0	
287	Spectrogram 1	1	AU-AWBS03-141203-044000.wav	1521.702448086	1521.935306840	0.233	83.0	2037.6	1954.6	256.0	
288	Spectrogram 1	1	AU-AWBS03-141203-044000.wav	1526.379028064	1526.573077025	0.194	93.4	2037.6	1944.2	112.0	
289	Spectrogram 1	1	AU-AWBS03-141203-044000.wav	1528.086658927	1528.280707889	0.194	74.4	2035.9	1961.5	432.0	
290	Spectrogram 1	1	AU-AWBS03-141203-044000.wav	1529.774884894	1529.968933856	0.194	83.0	2044.5	1961.5	192.0	
291	Spectrogram 1	1	AU-AWBS03-141203-044000.wav	1531.366086380	1531.598945134	0.233	83.0	2041.1	1958.1	192.0	
292	Spectrogram 1	1	AU-AWBS03-141203-044000.wav	1532.860263385	1533.054312347	0.194	74.4	2035.9	1961.5	192.0	
293	Spectrogram 1	1	AU-AWBS03-141203-044000.wav	1535.868022292	1536.100881046	0.233	72.6	2041.1	1968.4	1248.0	
294	Spectrogram 1	1	AU-AWBS03-141203-044000.wav	1539.205664434	1539.438523188	0.233	79.6	2041.1	1961.5	960.0	end pattern
295	Spectrogram 1	1	AU-AWBS03-141203-044000.wav	1662.807200956	1663.040059710	0.233	51.9	2020.3	1968.4	96.0	start pattern
296	Spectrogram 1	1	AU-AWBS03-141203-044000.wav	1664.204353481	1664.398402442	0.194	58.8	1549.8	1491.0	112.0	
297	Spectrogram 1	1	AU-AWBS03-141203-044000.wav	1665.795554967	1665.989603928	0.194	62.3	2037.6	1975.4	64.0	
298	Spectrogram 1	1	AU-AWBS03-141203-044000.wav	1669.133197108	1669.366055862	0.233	51.9	2041.1	1989.2	64.0	
299	Spectrogram 1	1	AU-AWBS03-141203-044000.wav	1670.607969217	1670.763208387	0.155	79.6	2016.9	1937.3	80.0	
300	Spectrogram 1	1	AU-AWBS03-141203-044000.wav	1672.276790288	1672.509649042	0.233	72.6	2044.5	1971.9	80.0	
301	Spectrogram 1	1	AU-AWBS03-141203-044000.wav	1673.829181982	1674.023230944	0.194	96.9	2044.5	1947.7	192.0	
302	Spectrogram 1	1	AU-AWBS03-141203-044000.wav	1675.536812845	1675.769671599	0.233	79.6	2041.1	1961.5	128.0	
303	Spectrogram 1	1	AU-AWBS03-141203-044000.wav	1677.069799643	1677.263848605	0.194	76.1	2041.1	1965.0	80.0	
304	Spectrogram 1	1	AU-AWBS03-141203-044000.wav	1678.796835402	1679.029694156	0.233	51.9	2037.6	1985.7	160.0	
305	Spectrogram 1	1	AU-AWBS03-141203-044000.wav	1680.345401048	1680.539450010	0.194	58.8	2037.6	1978.8	144.0	
306	Spectrogram 1	1	AU-AWBS03-141203-044000.wav	1681.994817223	1682.188866185	0.194	51.9	2041.1	1989.2	144.0	
307	Spectrogram 1	1	AU-AWBS03-141203-044000.wav	1683.586018709	1683.741257879	0.155	100.3	2037.6	1937.3	128.0	
308	Spectrogram 1	1	AU-AWBS03-141203-044000.wav	1685.099600611	1685.293649572	0.194	176.4	2041.1	1864.6	192.0	
309	Spectrogram 1	1	AU-AWBS03-141203-044000.wav	1686.651992304	1686.846041266	0.194	110.7	2044.5	1933.8	144.0	
310	Spectrogram 1	1	AU-AWBS03-141203-044000.wav	1689.601536523	1689.834395277	0.233	96.9	2044.5	1947.7	112.0	
311	Spectrogram 1	1	AU-AWBS03-141203-044000.wav	1692.977988457	1693.210847211	0.233	121.1	2037.6	1916.5	256.0	end main phrase
312	Spectrogram 1	1	AU-AWBS03-141203-044000.wav	1697.402304784	1697.712783123	0.310	162.6	2041.1	1878.5	272.0	
313	Spectrogram 1	1	AU-AWBS03-141203-044000.wav	1698.974101374	1699.168150336	0.194	119.4	2039.4	1920.0	128.0	
314	Spectrogram 1	1	AU-AWBS03-141203-044000.wav	1700.545897964	1700.739946925	0.194	96.9	2044.5	1947.7	112.0	
315	Spectrogram 1	1	AU-AWBS03-141203-044000.wav	1702.137099450	1702.331148412	0.194	131.5	2041.1	1909.6	256.0	
316	Spectrogram 1	1	AU-AWBS03-141203-044000.wav	1703.631276455	1703.825325417	0.194	93.4	2044.5	1951.1	896.0	
317	Spectrogram 1	1	AU-AWBS03-141203-044000.wav	1706.677845154	1706.910703908	0.233	72.6	2044.5	1971.9	304.0	
318	Spectrogram 1	1	AU-AWBS03-141203-044000.wav	1709.860248126	1710.093106881	0.233	110.7	2044.5	1933.8	224.0	
319	Spectrogram 1	1	AU-AWBS03-141203-044000.wav	1714.866711339	1715.060760301	0.194	100.3	1985.7	1885.4	256.0	
320	Spectrogram 1	1	AU-AWBS03-141203-044000.wav	1716.535532410	1716.768391164	0.233	58.8	2041.1	1982.3	64.0	
321	Spectrogram 1	1	AU-AWBS03-141203-044000.wav	1718.165543688	1718.359592650	0.194	76.1	2037.6	1961.5	336.0	
322	Spectrogram 1	1	AU-AWBS03-141203-044000.wav	1719.717935382	1719.950794136	0.233	89.9	2044.5	1954.6	336.0	
323	Spectrogram 1	1	AU-AWBS03-141203-044000.wav	1721.270327076	1721.503185830	0.233	76.1	2037.6	1961.5	224.0	
324	Spectrogram 1	1	AU-AWBS03-141203-044000.wav	1724.297490879	1724.530349633	0.233	53.6	2035.9	1982.3	160.0	
325	Spectrogram 1	1	AU-AWBS03-141203-044000.wav	1727.208225305	1727.402274266	0.194	76.1	2034.2	1958.1	176.0	end pattern
326	Spectrogram 1	1	AU-AWBS03-141203-045000.wav	1863.807233764	1864.001282725	0.194	86.5	2037.6	1951.1	144.0	start pattern
327	Spectrogram 1	1	AU-AWBS03-141203-045000.wav	1865.165576496	1865.320815665	0.155	114.2	2030.7	1916.5	128.0	
328	Spectrogram 1	1	AU-AWBS03-141203-045000.wav	1866.737373086	1866.931422047	0.194	70.9	1575.8	1504.9	80.0	
329	Spectrogram 1	1	AU-AWBS03-141203-045000.wav	1870.016800539	1870.249659293	0.233	45.0	2044.5	1999.6	144.0	
330	Spectrogram 1	1	AU-AWBS03-141203-045000.wav	1871.472167752	1871.666216713	0.194	64.0	1956.3	1892.3	160.0	
331	Spectrogram 1	1	AU-AWBS03-141203-045000.wav	1873.238013303	1873.470872057	0.233	51.9	2003.0	1951.1	64.0	
332	Spectrogram 1	1	AU-AWBS03-141203-045000.wav	1874.712785412	1874.868024582	0.155	93.4	1920.0	1826.6	176.0	
333	Spectrogram 1	1	AU-AWBS03-141203-045000.wav	1876.459226068	1876.653275030	0.194	72.6	2044.5	1971.9	160.0	
334	Spectrogram 1	1	AU-AWBS03-141203-045000.wav	1877.933998177	1878.089237346	0.155	96.9	1930.4	1833.5	160.0	
335	Spectrogram 1	1	AU-AWBS03-141203-045000.wav	1879.680438833	1879.913297587	0.233	79.6	2044.5	1965.0	128.0	
336	Spectrogram 1	1	AU-AWBS03-141203-045000.wav	1881.174615838	1881.368664800	0.194	77.8	1914.8	1837.0	80.0	
337	Spectrogram 1	1	AU-AWBS03-141203-045000.wav	1882.940461389	1883.173320144	0.233	55.4	2037.6	1982.3	112.0	
338	Spectrogram 1	1	AU-AWBS03-141203-045000.wav	1884.492853083	1884.686902045	0.194	58.8	1847.4	1788.5	64.0	
339	Spectrogram 1	1	AU-AWBS03-141203-045000.wav	1886.084054569	1886.316913323	0.233	79.6	2037.6	1958.1	80.0	
340	Spectrogram 1	1	AU-AWBS03-141203-045000.wav	1887.636446263	1887.869305017	0.233	65.7	2044.5	1978.8	80.0	
341	Spectrogram 1	1	AU-AWBS03-141203-045000.wav	1889.188837957	1889.421696711	0.233	211.0	2037.6	1826.6	224.0	
342	Spectrogram 1	1	AU-AWBS03-141203-045000.wav	1890.702419858	1890.935278612	0.233	200.6	2041.1	1840.4	208.0	
343	Spectrogram 1	1	AU-AWBS03-141203-045000.wav	1893.768393454	1894.040062000	0.272	45.0	2041.1	1996.1	96.0	
344	Spectrogram 1	1	AU-AWBS03-141203-045000.wav	1896.950796426	1897.183655180	0.233	58.8	1646.7	1587.9	64.0	end main phrase
345	Spectrogram 1	1	AU-AWBS03-141203-045000.wav	1901.375112753	1901.530351923	0.155	131.5	1646.7	1515.2	144.0	
346	Spectrogram 1	1	AU-AWBS03-141203-045000.wav	1902.927504447	1903.121553409	0.194	128.0	2041.1	1913.1	128.0	
347	Spectrogram 1	1	AU-AWBS03-141203-045000.wav	1904.479896141	1904.673945102	0.194	128.0	2041.1	1913.1	224.0	
348	Spectrogram 1	1	AU-AWBS03-141203-045000.wav	1905.993478042	1906.226336796	0.233	89.9	2041.1	1951.1	208.0	
349	Spectrogram 1	1	AU-AWBS03-141203-045000.wav	1907.468250151	1907.662299113	0.194	89.9	2041.1	1951.1	192.0	
350	Spectrogram 1	1	AU-AWBS03-141203-045000.wav	1910.573033539	1910.844702085	0.272	72.6	2041.1	1968.4	240.0	
351	Spectrogram 1	1	AU-AWBS03-141203-045000.wav	1914.065914850	1914.298773604	0.233	86.5	2041.1	1954.6	208.0	
352	Spectrogram 1	1	AU-AWBS03-141203-045000.wav	1919.786533173	1919.980582135	0.194	100.3	2037.6	1937.3	432.0	
353	Spectrogram 1	1	AU-AWBS03-141203-045000.wav	1921.494164036	1921.688212998	0.194	93.4	2037.6	1944.2	1248.0	
354	Spectrogram 1	1	AU-AWBS03-141203-045000.wav	1923.085365522	1923.279414484	0.194	83.0	2044.5	1961.5	560.0	
355	Spectrogram 1	1	AU-AWBS03-141203-045000.wav	1924.637757216	1924.831806178	0.194	62.3	2041.1	1978.8	448.0	
356	Spectrogram 1	1	AU-AWBS03-141203-045000.wav	1926.190148910	1926.423007664	0.233	10.4	2041.1	2030.7	192.0	
357	Spectrogram 1	1	AU-AWBS03-141203-045000.wav	1929.256122505	1929.488981259	0.233	96.9	2041.1	1944.2	144.0	
358	Spectrogram 1	1	AU-AWBS03-141203-045000.wav	1932.593764647	1932.826623401	0.233	100.3	2037.6	1937.3	416.0	
359	Spectrogram 1	1	AU-AWBS03-141203-045000.wav	1938.337613914	1938.570472668	0.233	107.2	1944.2	1837.0	112.0	
360	Spectrogram 1	1	AU-AWBS03-141203-045000.wav	1939.967625192	1940.161674154	0.194	89.9	2041.1	1951.1	144.0	
361	Spectrogram 1	1	AU-AWBS03-141203-045000.wav	1941.520016886	1941.752875640	0.233	114.2	2041.1	1926.9	144.0	
362	Spectrogram 1	1	AU-AWBS03-141203-045000.wav	1943.072408580	1943.266457542	0.194	83.0	2044.5	1961.5	1792.0	
363	Spectrogram 1	1	AU-AWBS03-141203-045000.wav	1944.547180689	1944.780039443	0.233	72.6	2044.5	1971.9	320.0	
364	Spectrogram 1	1	AU-AWBS03-141203-045000.wav	1947.768393454	1948.001252208	0.233	83.0	2044.5	1961.5	112.0	end pattern
365	Spectrogram 1	1	AU-AWBS03-141203-045000.wav	2056.816257847	2057.049116601	0.233	62.3	2037.6	1975.4	96.0	start pattern
366	Spectrogram 1	1	AU-AWBS03-141203-045000.wav	2058.174600579	2058.407459333	0.233	65.7	2041.1	1975.4	320.0	
367	Spectrogram 1	1	AU-AWBS03-141203-045000.wav	2059.843421650	2060.076280404	0.233	72.6	1996.1	1923.5	96.0	
368	Spectrogram 1	1	AU-AWBS03-141203-045000.wav	2063.142253999	2063.375112753	0.233	55.4	2041.1	1985.7	64.0	
369	Spectrogram 1	1	AU-AWBS03-141203-045000.wav	2064.520001627	2064.714050589	0.194	76.1	1812.8	1736.6	112.0	
370	Spectrogram 1	1	AU-AWBS03-141203-045000.wav	2066.324656971	2066.518705933	0.194	48.4	2003.0	1954.6	112.0	
371	Spectrogram 1	1	AU-AWBS03-141203-045000.wav	2067.799429080	2067.993478042	0.194	69.2	1885.4	1816.2	144.0	
372	Spectrogram 1	1	AU-AWBS03-141203-045000.wav	2069.545869736	2069.778728490	0.233	83.0	2037.6	1954.6	112.0	
373	Spectrogram 1	1	AU-AWBS03-141203-045000.wav	2071.020641845	2071.175881014	0.155	96.9	1733.2	1636.3	112.0	
374	Spectrogram 1	1	AU-AWBS03-141203-045000.wav	2072.767082501	2072.961131462	0.194	48.4	2044.5	1996.1	64.0	
375	Spectrogram 1	1	AU-AWBS03-141203-045000.wav	2074.241854610	2074.397093779	0.155	83.0	1916.5	1833.5	96.0	
376	Spectrogram 1	1	AU-AWBS03-141203-045000.wav	2075.988295265	2076.259963812	0.272	83.0	2037.6	1954.6	112.0	
377	Spectrogram 1	1	AU-AWBS03-141203-045000.wav	2077.540686959	2077.734735921	0.194	51.9	2034.2	1982.3	112.0	
378	Spectrogram 1	1	AU-AWBS03-141203-045000.wav	2079.089252605	2079.283301567	0.194	76.1	2041.1	1965.0	80.0	
379	Spectrogram 1	1	AU-AWBS03-141203-045000.wav	2080.622239403	2080.855098157	0.233	107.2	2034.2	1926.9	160.0	
380	Spectrogram 1	1	AU-AWBS03-141203-045000.wav	2082.252250681	2082.485109435	0.233	110.7	2037.6	1926.9	112.0	
381	Spectrogram 1	1	AU-AWBS03-141203-045000.wav	2085.201794899	2085.434653654	0.233	62.3	2041.1	1978.8	96.0	
382	Spectrogram 1	1	AU-AWBS03-141203-045000.wav	2088.539437041	2088.733486003	0.194	65.7	2041.1	1975.4	208.0	end main phrase
383	Spectrogram 1	1	AU-AWBS03-141203-045000.wav	2093.080182745	2093.274231707	0.194	100.3	1878.5	1778.2	144.0	
384	Spectrogram 1	1	AU-AWBS03-141203-045000.wav	2094.632574439	2094.865433193	0.233	121.1	2037.6	1916.5	128.0	
385	Spectrogram 1	1	AU-AWBS03-141203-045000.wav	2096.184966133	2096.417824887	0.233	89.9	2044.5	1954.6	400.0	
386	Spectrogram 1	1	AU-AWBS03-141203-045000.wav	2097.776167619	2097.970216581	0.194	93.4	2041.1	1947.7	112.0	
387	Spectrogram 1	1	AU-AWBS03-141203-045000.wav	2099.250939728	2099.522608275	0.272	58.8	2044.5	1985.7	576.0	
388	Spectrogram 1	1	AU-AWBS03-141203-045000.wav	2102.355723116	2102.588581870	0.233	31.1	2044.5	2013.4	448.0	
389	Spectrogram 1	1	AU-AWBS03-141203-045000.wav	2105.770984842	2106.042653389	0.272	79.6	2041.1	1961.5	1248.0	
390	Spectrogram 1	1	AU-AWBS03-141203-045000.wav	2110.893877432	2111.126736186	0.233	89.9	2037.6	1947.7	544.0	
391	Spectrogram 1	1	AU-AWBS03-141203-045000.wav	2112.601508295	2112.795557257	0.194	103.8	2037.6	1933.8	320.0	
392	Spectrogram 1	1	AU-AWBS03-141203-045000.wav	2114.192709781	2114.425568535	0.233	114.2	2044.5	1930.4	320.0	
393	Spectrogram 1	1	AU-AWBS03-141203-045000.wav	2115.745101475	2115.939150436	0.194	96.9	2041.1	1944.2	640.0	
394	Spectrogram 1	1	AU-AWBS03-141203-045000.wav	2117.258683376	2117.491542130	0.233	17.3	2044.5	2027.2	1264.0	
395	Spectrogram 1	1	AU-AWBS03-141203-045000.wav	2120.285847179	2120.518705933	0.233	51.9	2044.5	1992.6	160.0	
396	Spectrogram 1	1	AU-AWBS03-141203-045000.wav	2123.662299113	2123.895157867	0.233	34.6	2041.1	2006.5	304.0	
397	Spectrogram 1	1	AU-AWBS03-141203-045000.wav	2129.095670041	2129.250909211	0.155	91.7	2039.4	1947.7	96.0	
398	Spectrogram 1	1	AU-AWBS03-141203-045000.wav	2130.531632358	2130.764491112	0.233	89.9	2044.5	1954.6	96.0	
399	Spectrogram 1	1	AU-AWBS03-141203-045000.wav	2132.084024052	2132.278073014	0.194	62.3	2041.1	1978.8	64.0	
400	Spectrogram 1	1	AU-AWBS03-141203-045000.wav	2133.636415746	2133.869274500	0.233	27.7	2044.5	2016.9	560.0	
401	Spectrogram 1	1	AU-AWBS03-141203-045000.wav	2135.204386288	2135.398435250	0.194	31.1	2041.1	2009.9	384.0	
402	Spectrogram 1	1	AU-AWBS03-141203-045000.wav	2138.270359883	2138.503218637	0.233	76.1	2041.1	1965.0	80.0	end pattern
403	Spectrogram 1	1	AU-AWBS03-141203-045000.wav	2238.818879753	2239.051738507	0.233	76.1	2041.1	1965.0	80.0	start pattern
404	Spectrogram 1	1	AU-AWBS03-141203-045000.wav	2240.177222485	2240.332461654	0.155	83.0	1750.5	1667.5	96.0	
405	Spectrogram 1	1	AU-AWBS03-141203-045000.wav	2241.807233764	2241.962472933	0.155	86.5	2041.1	1954.6	96.0	
406	Spectrogram 1	1	AU-AWBS03-141203-045000.wav	2245.028446528	2245.261305282	0.233	31.1	2037.6	2006.5	144.0	
407	Spectrogram 1	1	AU-AWBS03-141203-045000.wav	2246.464408845	2246.658457807	0.194	48.4	1868.1	1819.7	176.0	
408	Spectrogram 1	1	AU-AWBS03-141203-045000.wav	2248.172039708	2248.366088670	0.194	34.6	2041.1	2006.5	80.0	
409	Spectrogram 1	1	AU-AWBS03-141203-045000.wav	2249.627406921	2249.821455883	0.194	86.5	2044.5	1958.1	96.0	
410	Spectrogram 1	1	AU-AWBS03-141203-045000.wav	2251.354442680	2251.626111227	0.272	72.6	2041.1	1968.4	80.0	
411	Spectrogram 1	1	AU-AWBS03-141203-045000.wav	2252.906834374	2253.100883336	0.194	89.9	2020.3	1930.4	128.0	
412	Spectrogram 1	1	AU-AWBS03-141203-045000.wav	2254.575655445	2254.808514199	0.233	55.4	2044.5	1989.2	96.0	
413	Spectrogram 1	1	AU-AWBS03-141203-045000.wav	2256.108642243	2256.302691204	0.194	65.7	1975.4	1909.6	112.0	
414	Spectrogram 1	1	AU-AWBS03-141203-045000.wav	2257.835678002	2258.107346548	0.272	24.2	2041.1	2016.9	128.0	
415	Spectrogram 1	1	AU-AWBS03-141203-045000.wav	2259.407474592	2259.659738242	0.252	57.1	1997.8	1940.8	128.0	
416	Spectrogram 1	1	AU-AWBS03-141203-045000.wav	2260.979271182	2261.173320144	0.194	55.4	2041.1	1985.7	128.0	
417	Spectrogram 1	1	AU-AWBS03-141203-045000.wav	2262.492853083	2262.725711837	0.233	38.1	2041.1	2003.0	128.0	
418	Spectrogram 1	1	AU-AWBS03-141203-045000.wav	2264.006434985	2264.239293739	0.233	45.0	2041.1	1996.1	48.0	
419	Spectrogram 1	1	AU-AWBS03-141203-045000.wav	2266.917169411	2267.150028165	0.233	65.7	2044.5	1978.8	112.0	
420	Spectrogram 1	1	AU-AWBS03-141203-045000.wav	2270.216001760	2270.487670306	0.272	58.8	2023.8	1965.0	64.0	end main phrase
421	Spectrogram 1	1	AU-AWBS03-141203-045000.wav	2274.756747464	2274.989606218	0.233	53.6	1823.1	1769.5	96.0	
422	Spectrogram 1	1	AU-AWBS03-141203-045000.wav	2276.270329366	2276.503188120	0.233	76.1	2027.2	1951.1	192.0	
423	Spectrogram 1	1	AU-AWBS03-141203-045000.wav	2277.861530852	2278.133199398	0.272	103.8	1992.6	1888.9	112.0	
424	Spectrogram 1	1	AU-AWBS03-141203-045000.wav	2279.413922546	2279.646781300	0.233	119.4	2039.4	1920.0	144.0	
425	Spectrogram 1	1	AU-AWBS03-141203-045000.wav	2280.966314239	2281.199172993	0.233	124.5	2041.1	1916.5	128.0	
426	Spectrogram 1	1	AU-AWBS03-141203-045000.wav	2283.993478042	2284.265146589	0.272	69.2	2041.1	1971.9	176.0	
427	Spectrogram 1	1	AU-AWBS03-141203-045000.wav	2287.408739769	2287.641598523	0.233	110.7	2041.1	1930.4	112.0	
428	Spectrogram 1	1	AU-AWBS03-141203-045000.wav	2292.065914850	2292.259963812	0.194	159.1	2037.6	1878.5	176.0	
429	Spectrogram 1	1	AU-AWBS03-141203-045000.wav	2293.618306544	2293.812355505	0.194	141.8	2041.1	1899.2	144.0	
430	Spectrogram 1	1	AU-AWBS03-141203-045000.wav	2295.170698237	2295.364747199	0.194	65.7	2041.1	1975.4	336.0	
431	Spectrogram 1	1	AU-AWBS03-141203-045000.wav	2296.699858987	2296.893907949	0.194	93.4	2041.1	1947.7	400.0	
432	Spectrogram 1	1	AU-AWBS03-141203-045000.wav	2298.252250681	2298.523919228	0.272	34.6	2041.1	2006.5	48.0	
433	Spectrogram 1	1	AU-AWBS03-141203-045000.wav	2301.434653654	2301.667512408	0.233	114.2	2044.5	1930.4	144.0	
434	Spectrogram 1	1	AU-AWBS03-141203-045000.wav	2304.849915380	2305.082774134	0.233	107.2	2041.1	1933.8	576.0	
435	Spectrogram 1	1	AU-AWBS03-141203-045000.wav	2310.399715685	2310.593764647	0.194	107.2	2044.5	1937.3	368.0	
436	Spectrogram 1	1	AU-AWBS03-141203-045000.wav	2312.107346548	2312.301395510	0.194	83.0	2044.5	1961.5	96.0	
437	Spectrogram 1	1	AU-AWBS03-141203-045000.wav	2313.698548034	2313.931406788	0.233	96.9	2044.5	1947.7	208.0	
438	Spectrogram 1	1	AU-AWBS03-141203-045000.wav	2315.289749521	2315.522608275	0.233	103.8	2041.1	1937.3	432.0	
439	Spectrogram 1	1	AU-AWBS03-141203-045000.wav	2316.803331422	2317.074999968	0.272	83.0	2044.5	1961.5	320.0	
440	Spectrogram 1	1	AU-AWBS03-141203-045000.wav	2319.830495225	2320.102163771	0.272	76.1	2044.5	1968.4	240.0	
441	Spectrogram 1	1	AU-AWBS03-141203-045000.wav	2323.168137367	2323.400996121	0.233	76.1	2041.1	1965.0	528.0	
442	Spectrogram 1	1	AU-AWBS03-141203-045000.wav	2328.446269125	2328.640318087	0.194	79.6	2044.5	1965.0	432.0	
443	Spectrogram 1	1	AU-AWBS03-141203-045000.wav	2330.153899989	2330.347948950	0.194	96.9	2041.1	1944.2	816.0	
444	Spectrogram 1	1	AU-AWBS03-141203-045000.wav	2331.706291682	2331.900340644	0.194	117.6	2041.1	1923.5	128.0	
445	Spectrogram 1	1	AU-AWBS03-141203-045000.wav	2333.336302961	2333.569161715	0.233	124.5	2037.6	1913.1	160.0	
446	Spectrogram 1	1	AU-AWBS03-141203-045000.wav	2334.849884862	2335.082743616	0.233	124.5	2044.5	1920.0	240.0	
447	Spectrogram 1	1	AU-AWBS03-141203-045000.wav	2337.915858457	2338.187527004	0.272	58.8	2044.5	1985.7	64.0	end pattern
448	Spectrogram 1	1	AU-AWBS03-141203-050000.wav	2447.701108905	2447.933967659	0.233	65.7	2041.1	1975.4	80.0	start pattern
449	Spectrogram 1	1	AU-AWBS03-141203-050000.wav	2449.098261430	2449.292310391	0.194	72.6	1235.0	1162.4	160.0	
450	Spectrogram 1	1	AU-AWBS03-141203-050000.wav	2450.650653124	2450.844702085	0.194	41.5	819.9	778.4	160.0	
451	Spectrogram 1	1	AU-AWBS03-141203-050000.wav	2453.871865888	2454.065914850	0.194	69.2	2027.2	1958.1	96.0	
452	Spectrogram 1	1	AU-AWBS03-141203-050000.wav	2455.385447790	2455.579496751	0.194	74.4	2042.8	1968.4	80.0	
453	Spectrogram 1	1	AU-AWBS03-141203-050000.wav	2457.054268860	2457.248317822	0.194	86.5	2034.2	1947.7	96.0	
454	Spectrogram 1	1	AU-AWBS03-141203-050000.wav	2458.467000233	2458.661049195	0.194	86.5	1965.0	1878.5	96.0	
455	Spectrogram 1	1	AU-AWBS03-141203-050000.wav	2460.213440889	2460.368680058	0.155	55.4	2041.1	1985.7	144.0	
456	Spectrogram 1	1	AU-AWBS03-141203-050000.wav	2461.688212998	2461.882261960	0.194	48.4	2030.7	1982.3	112.0	
457	Spectrogram 1	1	AU-AWBS03-141203-050000.wav	2463.434653654	2463.706322200	0.272	34.6	2044.5	2009.9	96.0	
458	Spectrogram 1	1	AU-AWBS03-141203-050000.wav	2464.987045347	2465.142284517	0.155	45.0	2009.9	1965.0	48.0	
459	Spectrogram 1	1	AU-AWBS03-141203-050000.wav	2466.694676210	2466.888725172	0.194	72.6	2041.1	1968.4	80.0	
460	Spectrogram 1	1	AU-AWBS03-141203-050000.wav	2468.247067904	2468.441116866	0.194	117.6	2027.2	1909.6	160.0	
461	Spectrogram 1	1	AU-AWBS03-141203-050000.wav	2469.799459598	2469.993508560	0.194	138.4	2041.1	1902.7	1248.0	
462	Spectrogram 1	1	AU-AWBS03-141203-050000.wav	2471.313041499	2471.507090461	0.194	124.5	2044.5	1920.0	896.0	
463	Spectrogram 1	1	AU-AWBS03-141203-050000.wav	2474.223775925	2474.417824887	0.194	117.6	2041.1	1923.5	144.0	
464	Spectrogram 1	1	AU-AWBS03-141203-050000.wav	2477.600227859	2477.794276821	0.194	79.6	2041.1	1961.5	192.0	end main phrase
465	Spectrogram 1	1	AU-AWBS03-141203-050000.wav	2482.373832318	2482.567881279	0.194	117.6	2037.6	1920.0	128.0	
466	Spectrogram 1	1	AU-AWBS03-141203-050000.wav	2483.965033804	2484.159082766	0.194	89.9	2041.1	1951.1	96.0	
467	Spectrogram 1	1	AU-AWBS03-141203-050000.wav	2485.439805913	2485.633854875	0.194	65.7	2044.5	1978.8	448.0	
468	Spectrogram 1	1	AU-AWBS03-141203-050000.wav	2487.031007399	2487.263866153	0.233	96.9	2044.5	1947.7	400.0	
469	Spectrogram 1	1	AU-AWBS03-141203-050000.wav	2488.505779508	2488.738638262	0.233	96.9	2041.1	1944.2	368.0	
470	Spectrogram 1	1	AU-AWBS03-141203-050000.wav	2491.571753103	2491.804611857	0.233	69.2	2044.5	1975.4	256.0	
471	Spectrogram 1	1	AU-AWBS03-141203-050000.wav	2494.792965868	2495.064634414	0.272	86.5	2044.5	1958.1	320.0	
472	Spectrogram 1	1	AU-AWBS03-141203-050000.wav	2500.847293474	2501.002532643	0.155	110.7	2044.5	1933.8	112.0	
473	Spectrogram 1	1	AU-AWBS03-141203-050000.wav	2502.438494960	2502.671353714	0.233	83.0	2044.5	1961.5	96.0	
474	Spectrogram 1	1	AU-AWBS03-141203-050000.wav	2503.952076861	2504.107316031	0.155	86.5	2044.5	1958.1	96.0	
475	Spectrogram 1	1	AU-AWBS03-141203-050000.wav	2505.465658763	2505.698517517	0.233	31.1	2044.5	2013.4	224.0	
476	Spectrogram 1	1	AU-AWBS03-141203-050000.wav	2508.686871527	2508.958540074	0.272	31.1	2037.6	2006.5	128.0	
477	Spectrogram 1	1	AU-AWBS03-141203-050000.wav	2512.156521895	2512.389380649	0.233	69.2	2034.2	1965.0	816.0	
478	Spectrogram 1	1	AU-AWBS03-141203-050000.wav	2517.745131992	2517.900371162	0.155	83.0	2037.6	1954.6	96.0	
479	Spectrogram 1	1	AU-AWBS03-141203-050000.wav	2519.297523686	2519.491572648	0.194	72.6	2041.1	1968.4	208.0	
480	Spectrogram 1	1	AU-AWBS03-141203-050000.wav	2520.927534965	2521.121583926	0.194	55.4	2041.1	1985.7	160.0	
481	Spectrogram 1	1	AU-AWBS03-141203-050000.wav	2522.518736451	2522.751595205	0.233	65.7	2041.1	1975.4	192.0	
482	Spectrogram 1	1	AU-AWBS03-141203-050000.wav	2524.032318352	2524.265177106	0.233	69.2	2044.5	1975.4	320.0	
483	Spectrogram 1	1	AU-AWBS03-141203-050000.wav	2527.214721324	2527.447580078	0.233	93.4	2044.5	1951.1	112.0	
484	Spectrogram 1	1	AU-AWBS03-141203-050000.wav	2530.629983051	2530.824032012	0.194	100.3	2044.5	1944.2	1232.0	
485	Spectrogram 1	1	AU-AWBS03-141203-050000.wav	2536.257402941	2536.451451902	0.194	83.0	2041.1	1958.1	816.0	
486	Spectrogram 1	1	AU-AWBS03-141203-050000.wav	2537.926224011	2538.120272973	0.194	100.3	2044.5	1944.2	496.0	
487	Spectrogram 1	1	AU-AWBS03-141203-050000.wav	2539.556235290	2539.750284252	0.194	79.6	2041.1	1961.5	80.0	
488	Spectrogram 1	1	AU-AWBS03-141203-050000.wav	2541.147436776	2541.341485738	0.194	117.6	2044.5	1926.9	320.0	
489	Spectrogram 1	1	AU-AWBS03-141203-050000.wav	2542.622208885	2542.855067639	0.233	89.9	2041.1	1951.1	272.0	
490	Spectrogram 1	1	AU-AWBS03-141203-050000.wav	2545.610562896	2545.882231442	0.272	69.2	2044.5	1975.4	880.0	
491	Spectrogram 1	1	AU-AWBS03-141203-050000.wav	2548.987014830	2549.258683376	0.272	31.1	2044.5	2013.4	560.0	
492	Spectrogram 1	1	AU-AWBS03-141203-050000.wav	2554.886103266	2555.041342435	0.155	96.9	2030.7	1933.8	112.0	
493	Spectrogram 1	1	AU-AWBS03-141203-050000.wav	2556.593734129	2556.826592883	0.233	83.0	2037.6	1954.6	112.0	
494	Spectrogram 1	1	AU-AWBS03-141203-050000.wav	2558.184935615	2558.417794369	0.233	93.4	2041.1	1947.7	112.0	
495	Spectrogram 1	1	AU-AWBS03-141203-050000.wav	2559.776137102	2559.970186063	0.194	69.2	2037.6	1968.4	240.0	
496	Spectrogram 1	1	AU-AWBS03-141203-050000.wav	2561.328528795	2561.561387549	0.233	62.3	2034.2	1971.9	1248.0	
497	Spectrogram 1	1	AU-AWBS03-141203-050000.wav	2564.487700824	2564.759369370	0.272	76.1	2041.1	1965.0	256.0	
498	Spectrogram 1	1	AU-AWBS03-141203-050000.wav	2567.941772342	2568.097011512	0.155	76.1	2041.1	1965.0	1248.0	
499	Spectrogram 1	1	AU-AWBS03-141203-050000.wav	2573.685621610	2573.840860779	0.155	83.0	1902.7	1819.7	128.0	
500	Spectrogram 1	1	AU-AWBS03-141203-050000.wav	2575.354442680	2575.548491642	0.194	103.8	2044.5	1940.8	112.0	
501	Spectrogram 1	1	AU-AWBS03-141203-050000.wav	2576.926239270	2577.120288232	0.194	100.3	2044.5	1944.2	304.0	
502	Spectrogram 1	1	AU-AWBS03-141203-050000.wav	2578.498035860	2578.692084822	0.194	89.9	2044.5	1954.6	384.0	
503	Spectrogram 1	1	AU-AWBS03-141203-050000.wav	2580.031022658	2580.225071620	0.194	65.7	2037.6	1971.9	384.0	
504	Spectrogram 1	1	AU-AWBS03-141203-050000.wav	2583.232830526	2583.465689280	0.233	31.1	2041.1	2009.9	272.0	end pattern
505	Spectrogram 1	1	AU-AWBS03-141203-050000.wav	2745.698548034	2745.931406788	0.233	69.2	2037.6	1968.4	208.0	start pattern
506	Spectrogram 1	1	AU-AWBS03-141203-050000.wav	2747.095700559	2747.250939728	0.155	124.5	1408.0	1283.5	144.0	
507	Spectrogram 1	1	AU-AWBS03-141203-050000.wav	2748.648092253	2748.842141214	0.194	114.2	1446.1	1331.9	176.0	
508	Spectrogram 1	1	AU-AWBS03-141203-050000.wav	2751.946924602	2752.179783356	0.233	41.5	2037.6	1996.1	112.0	
509	Spectrogram 1	1	AU-AWBS03-141203-050000.wav	2753.382886919	2753.538126088	0.155	48.4	1570.6	1522.2	64.0	
510	Spectrogram 1	1	AU-AWBS03-141203-050000.wav	2755.129327574	2755.362186328	0.233	34.6	2044.5	2009.9	112.0	
511	Spectrogram 1	1	AU-AWBS03-141203-050000.wav	2756.604099683	2756.798148645	0.194	65.7	1937.3	1871.6	80.0	
512	Spectrogram 1	1	AU-AWBS03-141203-050000.wav	2758.350540339	2758.622208885	0.272	96.9	2044.5	1947.7	112.0	
513	Spectrogram 1	1	AU-AWBS03-141203-050000.wav	2759.864122240	2760.058171202	0.194	96.9	2041.1	1944.2	112.0	
514	Spectrogram 1	1	AU-AWBS03-141203-050000.wav	2761.571753103	2761.804611857	0.233	89.9	2044.5	1954.6	544.0	
515	Spectrogram 1	1	AU-AWBS03-141203-050000.wav	2763.085335005	2763.279383967	0.194	62.3	2037.6	1975.4	96.0	
516	Spectrogram 1	1	AU-AWBS03-141203-050000.wav	2764.792965868	2764.987014830	0.194	41.5	2041.1	1999.6	192.0	
517	Spectrogram 1	1	AU-AWBS03-141203-050000.wav	2766.306547769	2766.539406524	0.233	48.4	2044.5	1996.1	96.0	
518	Spectrogram 1	1	AU-AWBS03-141203-050000.wav	2767.858939463	2768.052988425	0.194	45.0	2044.5	1999.6	96.0	
519	Spectrogram 1	1	AU-AWBS03-141203-050000.wav	2769.372521365	2769.566570326	0.194	65.7	2044.5	1978.8	80.0	
520	Spectrogram 1	1	AU-AWBS03-141203-050000.wav	2772.360875375	2772.593734129	0.233	48.4	2041.1	1992.6	128.0	
521	Spectrogram 1	1	AU-AWBS03-141203-050000.wav	2775.582088140	2775.853756686	0.272	79.6	2037.6	1958.1	144.0	end main phrase
522	Spectrogram 1	1	AU-AWBS03-141203-050000.wav	2780.278073014	2780.472121975	0.194	89.9	2044.5	1954.6	336.0	
523	Spectrogram 1	1	AU-AWBS03-141203-050000.wav	2781.846043556	2782.040092518	0.194	65.7	2041.1	1975.4	352.0	
524	Spectrogram 1	1	AU-AWBS03-141203-050000.wav	2783.359625457	2783.592484211	0.233	58.8	2041.1	1982.3	336.0	
525	Spectrogram 1	1	AU-AWBS03-141203-050000.wav	2784.950826943	2785.144875905	0.194	72.6	2044.5	1971.9	320.0	
526	Spectrogram 1	1	AU-AWBS03-141203-050000.wav	2786.464408845	2786.658457807	0.194	45.0	2041.1	1996.1	208.0	
527	Spectrogram 1	1	AU-AWBS03-141203-050000.wav	2789.452762855	2789.724431402	0.272	51.9	2044.5	1992.6	256.0	
528	Spectrogram 1	1	AU-AWBS03-141203-050000.wav	2792.751595205	2792.984453959	0.233	96.9	2041.1	1944.2	272.0	
529	Spectrogram 1	1	AU-AWBS03-141203-050000.wav	2797.719248625	2797.874487794	0.155	69.2	1653.6	1584.4	80.0	
530	Spectrogram 1	1	AU-AWBS03-141203-050000.wav	2799.349259903	2799.543308865	0.194	72.6	2037.6	1965.0	128.0	
531	Spectrogram 1	1	AU-AWBS03-141203-050000.wav	2800.901651597	2801.095700559	0.194	117.6	2044.5	1926.9	128.0	
532	Spectrogram 1	1	AU-AWBS03-141203-050000.wav	2802.492853083	2802.686902045	0.194	131.5	2041.1	1909.6	144.0	
533	Spectrogram 1	1	AU-AWBS03-141203-050000.wav	2804.006434985	2804.200483946	0.194	148.8	2044.5	1895.8	240.0	
534	Spectrogram 1	1	AU-AWBS03-141203-050000.wav	2807.150028165	2807.382886919	0.233	96.9	2044.5	1947.7	400.0	
535	Spectrogram 1	1	AU-AWBS03-141203-050000.wav	2810.332431137	2810.565289891	0.233	96.9	2041.1	1944.2	400.0	
536	Spectrogram 1	1	AU-AWBS03-141203-050000.wav	2815.144845388	2815.377704142	0.233	141.8	2030.7	1888.9	656.0	
537	Spectrogram 1	1	AU-AWBS03-141203-050000.wav	2816.891286043	2817.085335005	0.194	131.5	2041.1	1909.6	160.0	
538	Spectrogram 1	1	AU-AWBS03-141203-050000.wav	2818.482487529	2818.715346283	0.233	145.3	2041.1	1895.8	160.0	
539	Spectrogram 1	1	AU-AWBS03-141203-050000.wav	2820.112498808	2820.267737977	0.155	124.5	2044.5	1920.0	128.0	
540	Spectrogram 1	1	AU-AWBS03-141203-050000.wav	2821.626080709	2821.858939463	0.233	107.2	2041.1	1933.8	112.0	
541	Spectrogram 1	1	AU-AWBS03-141203-050000.wav	2824.653244512	2824.886103266	0.233	31.1	2041.1	2009.9	256.0	
542	Spectrogram 1	1	AU-AWBS03-141203-050000.wav	2827.952076861	2828.184935615	0.233	86.5	2044.5	1958.1	560.0	
543	Spectrogram 1	1	AU-AWBS03-141203-050000.wav	2832.842110697	2833.074969451	0.233	79.6	2041.1	1961.5	80.0	
544	Spectrogram 1	1	AU-AWBS03-141203-050000.wav	2834.565320409	2834.798179163	0.233	100.3	2041.1	1940.8	112.0	
545	Spectrogram 1	1	AU-AWBS03-141203-050000.wav	2836.156521895	2836.350570856	0.194	83.0	2044.5	1961.5	128.0	
546	Spectrogram 1	1	AU-AWBS03-141203-050000.wav	2837.786533173	2837.941772342	0.155	96.9	2037.6	1940.8	112.0	
547	Spectrogram 1	1	AU-AWBS03-141203-050000.wav	2839.319519971	2839.513568932	0.194	39.8	2035.9	1996.1	432.0	
548	Spectrogram 1	1	AU-AWBS03-141203-050000.wav	2842.327278877	2842.560137632	0.233	62.3	2041.1	1978.8	480.0	end pattern
549	Spectrogram 1	1	AU-AWBS03-141203-051000.wav	3165.512273238	3165.745131992	0.233	24.2	2037.6	2013.4	80.0	start pattern - skipped one too much noise
550	Spectrogram 1	1	AU-AWBS03-141203-051000.wav	3166.909425763	3167.103474724	0.194	76.1	1459.9	1383.8	80.0	
551	Spectrogram 1	1	AU-AWBS03-141203-051000.wav	3168.423007664	3168.617056626	0.194	86.5	1833.5	1747.0	128.0	
552	Spectrogram 1	1	AU-AWBS03-141203-051000.wav	3171.721840013	3171.993508560	0.272	10.4	2044.5	2034.2	208.0	
553	Spectrogram 1	1	AU-AWBS03-141203-051000.wav	3173.196612122	3173.390661084	0.194	34.6	1529.1	1494.5	208.0	
554	Spectrogram 1	1	AU-AWBS03-141203-051000.wav	3174.943052778	3175.175911532	0.233	45.0	2041.1	1996.1	272.0	
555	Spectrogram 1	1	AU-AWBS03-141203-051000.wav	3176.417824887	3176.573064056	0.155	86.5	1674.4	1587.9	160.0	
556	Spectrogram 1	1	AU-AWBS03-141203-051000.wav	3178.164265543	3178.319504712	0.155	79.6	2041.1	1961.5	80.0	
557	Spectrogram 1	1	AU-AWBS03-141203-051000.wav	3179.677847444	3179.833086613	0.155	110.7	1767.8	1657.1	112.0	
558	Spectrogram 1	1	AU-AWBS03-141203-051000.wav	3181.424288100	3181.657146854	0.233	79.6	2041.1	1961.5	96.0	
559	Spectrogram 1	1	AU-AWBS03-141203-051000.wav	3182.937870001	3183.131918963	0.194	79.6	1383.8	1304.2	80.0	
560	Spectrogram 1	1	AU-AWBS03-141203-051000.wav	3184.606691072	3184.839549826	0.233	27.7	2041.1	2013.4	48.0	
561	Spectrogram 1	1	AU-AWBS03-141203-051000.wav	3186.159082766	3186.391941520	0.233	38.1	2034.2	1996.1	96.0	
562	Spectrogram 1	1	AU-AWBS03-141203-051000.wav	3187.711474459	3187.944333213	0.233	45.0	2041.1	1996.1	128.0	
563	Spectrogram 1	1	AU-AWBS03-141203-051000.wav	3189.302675945	3189.535534700	0.233	34.6	2041.1	2006.5	144.0	
564	Spectrogram 1	1	AU-AWBS03-141203-051000.wav	3192.174600579	3192.368649541	0.194	65.7	2044.5	1978.8	80.0	
565	Spectrogram 1	1	AU-AWBS03-141203-051000.wav	3195.512242721	3195.783911267	0.272	72.6	2044.5	1971.9	112.0	end main phrase
566	Spectrogram 1	1	AU-AWBS03-141203-051000.wav	3199.897749256	3200.091798217	0.194	55.4	1753.9	1698.6	112.0	
567	Spectrogram 1	1	AU-AWBS03-141203-051000.wav	3201.450140949	3201.682999703	0.233	96.9	2041.1	1944.2	480.0	
568	Spectrogram 1	1	AU-AWBS03-141203-051000.wav	3202.963722851	3203.196581605	0.233	128.0	2044.5	1916.5	256.0	
569	Spectrogram 1	1	AU-AWBS03-141203-051000.wav	3204.554924337	3204.748973299	0.194	86.5	1933.8	1847.4	128.0	
570	Spectrogram 1	1	AU-AWBS03-141203-051000.wav	3206.029696446	3206.262555200	0.233	93.4	2044.5	1951.1	240.0	
571	Spectrogram 1	1	AU-AWBS03-141203-051000.wav	3208.979240664	3209.212099418	0.233	45.0	2041.1	1996.1	112.0	
572	Spectrogram 1	1	AU-AWBS03-141203-051000.wav	3212.278073014	3212.510931768	0.233	62.3	2037.6	1975.4	64.0	
573	Spectrogram 1	1	AU-AWBS03-141203-051000.wav	3218.192740298	3218.386789260	0.194	89.9	2027.2	1937.3	144.0	
574	Spectrogram 1	1	AU-AWBS03-141203-051000.wav	3219.783941785	3220.016800539	0.233	124.5	1553.3	1428.8	208.0	
575	Spectrogram 1	1	AU-AWBS03-141203-051000.wav	3221.375143271	3221.569192232	0.194	128.0	2041.1	1913.1	144.0	
576	Spectrogram 1	1	AU-AWBS03-141203-051000.wav	3223.043964342	3223.238013303	0.194	128.0	2044.5	1916.5	128.0	
577	Spectrogram 1	1	AU-AWBS03-141203-051000.wav	3224.518736451	3224.751595205	0.233	72.6	2037.6	1965.0	384.0	
578	Spectrogram 1	1	AU-AWBS03-141203-051000.wav	3227.778759008	3228.050427554	0.272	69.2	2044.5	1975.4	192.0	
579	Spectrogram 1	1	AU-AWBS03-141203-051000.wav	3231.077591357	3231.349259903	0.272	100.3	2041.1	1940.8	272.0	
580	Spectrogram 1	1	AU-AWBS03-141203-051000.wav	3236.084054569	3236.239293739	0.155	141.8	1899.2	1757.4	144.0	
581	Spectrogram 1	1	AU-AWBS03-141203-051000.wav	3237.714065848	3237.946924602	0.233	86.5	2041.1	1954.6	112.0	
582	Spectrogram 1	1	AU-AWBS03-141203-051000.wav	3239.344077126	3239.538126088	0.194	86.5	2041.1	1954.6	96.0	
583	Spectrogram 1	1	AU-AWBS03-141203-051000.wav	3240.935278612	3241.129327574	0.194	114.2	2044.5	1930.4	480.0	
584	Spectrogram 1	1	AU-AWBS03-141203-051000.wav	3242.448860514	3242.642909476	0.194	138.4	2041.1	1902.7	1008.0	
585	Spectrogram 1	1	AU-AWBS03-141203-051000.wav	3245.553643901	3245.747692863	0.194	93.4	2037.6	1944.2	192.0	end pattern
586	Spectrogram 1	1	AU-AWBS03-141203-051000.wav	3383.103474724	3383.336333478	0.233	65.7	2016.9	1951.1	80.0	start pattern
587	Spectrogram 1	1	AU-AWBS03-141203-051000.wav	3384.461817456	3384.655866418	0.194	100.3	1383.8	1283.5	112.0	
588	Spectrogram 1	1	AU-AWBS03-141203-051000.wav	3386.053018943	3386.208258112	0.155	79.6	2044.5	1965.0	80.0	
589	Spectrogram 1	1	AU-AWBS03-141203-051000.wav	3389.274231707	3389.429470877	0.155	38.1	2044.5	2006.5	256.0	
590	Spectrogram 1	1	AU-AWBS03-141203-051000.wav	3390.671384232	3390.865433193	0.194	58.8	2041.1	1982.3	160.0	
591	Spectrogram 1	1	AU-AWBS03-141203-051000.wav	3392.417824887	3392.611873849	0.194	72.6	2044.5	1971.9	96.0	
592	Spectrogram 1	1	AU-AWBS03-141203-051000.wav	3393.892596996	3394.047836166	0.155	105.5	2032.4	1926.9	160.0	
593	Spectrogram 1	1	AU-AWBS03-141203-051000.wav	3395.639037652	3395.833086613	0.194	72.6	2044.5	1971.9	96.0	
594	Spectrogram 1	1	AU-AWBS03-141203-051000.wav	3397.113809761	3397.269048930	0.155	58.8	1681.3	1622.5	160.0	
595	Spectrogram 1	1	AU-AWBS03-141203-051000.wav	3398.860250416	3399.054299378	0.194	24.2	2044.5	2020.3	96.0	
596	Spectrogram 1	1	AU-AWBS03-141203-051000.wav	3400.373832318	3400.567881279	0.194	62.3	2037.6	1975.4	112.0	
597	Spectrogram 1	1	AU-AWBS03-141203-051000.wav	3402.081463181	3402.236702350	0.155	48.4	2044.5	1996.1	64.0	
598	Spectrogram 1	1	AU-AWBS03-141203-051000.wav	3403.595045082	3403.750284252	0.155	114.2	2037.6	1923.5	160.0	
599	Spectrogram 1	1	AU-AWBS03-141203-051000.wav	3405.186246568	3405.380295530	0.194	131.5	2041.1	1909.6	160.0	
600	Spectrogram 1	1	AU-AWBS03-141203-051000.wav	3406.719233366	3406.913282328	0.194	143.6	2042.8	1899.2	144.0	
601	Spectrogram 1	1	AU-AWBS03-141203-051000.wav	3408.252220164	3408.407459333	0.155	83.0	2041.1	1958.1	128.0	
602	Spectrogram 1	1	AU-AWBS03-141203-051000.wav	3411.182359486	3411.376408447	0.194	22.5	2039.4	2016.9	112.0	
603	Spectrogram 1	1	AU-AWBS03-141203-051000.wav	3414.384167354	3414.578216316	0.194	62.3	2044.5	1982.3	176.0	end main phrase
604	Spectrogram 1	1	AU-AWBS03-141203-051000.wav	3419.157771813	3419.313010982	0.155	148.8	1830.1	1681.3	160.0	
605	Spectrogram 1	1	AU-AWBS03-141203-051000.wav	3420.477304752	3420.710163506	0.233	72.6	2041.1	1968.4	80.0	
606	Spectrogram 1	1	AU-AWBS03-141203-051000.wav	3422.049101342	3422.243150304	0.194	46.7	2035.9	1989.2	112.0	
607	Spectrogram 1	1	AU-AWBS03-141203-051000.wav	3423.543278347	3423.737327309	0.194	41.5	2037.6	1996.1	336.0	
608	Spectrogram 1	1	AU-AWBS03-141203-051000.wav	3424.979240664	3425.134479834	0.155	36.3	2039.4	2003.0	512.0	
609	Spectrogram 1	1	AU-AWBS03-141203-051000.wav	3428.045214259	3428.239263221	0.194	65.7	2041.1	1975.4	192.0	
610	Spectrogram 1	1	AU-AWBS03-141203-051000.wav	3431.398435250	3431.592484211	0.194	62.3	2041.1	1978.8	192.0	
611	Spectrogram 1	1	AU-AWBS03-141203-051000.wav	3435.977990746	3436.133229916	0.155	76.1	2041.1	1965.0	80.0	
612	Spectrogram 1	1	AU-AWBS03-141203-051000.wav	3437.608002025	3437.763241194	0.155	89.9	2037.6	1947.7	240.0	
613	Spectrogram 1	1	AU-AWBS03-141203-051000.wav	3439.121583926	3439.315632888	0.194	86.5	2037.6	1951.1	640.0	
614	Spectrogram 1	1	AU-AWBS03-141203-051000.wav	3440.673975620	3440.868024582	0.194	86.5	2037.6	1951.1	496.0	
615	Spectrogram 1	1	AU-AWBS03-141203-051000.wav	3442.187557521	3442.381606483	0.194	114.2	2041.1	1926.9	464.0	
616	Spectrogram 1	1	AU-AWBS03-141203-051000.wav	3445.253531117	3445.525199663	0.272	65.7	2041.1	1975.4	224.0	
617	Spectrogram 1	1	AU-AWBS03-141203-051000.wav	3448.591173258	3448.824032012	0.233	34.6	2044.5	2009.9	880.0	
618	Spectrogram 1	1	AU-AWBS03-141203-051000.wav	3453.675256056	3453.869305017	0.194	93.4	2030.7	1937.3	144.0	
619	Spectrogram 1	1	AU-AWBS03-141203-051000.wav	3455.305267334	3455.499316296	0.194	58.8	2044.5	1985.7	96.0	
620	Spectrogram 1	1	AU-AWBS03-141203-051000.wav	3456.896468820	3457.090517782	0.194	48.4	2041.1	1992.6	64.0	
621	Spectrogram 1	1	AU-AWBS03-141203-051000.wav	3458.448860514	3458.642909476	0.194	41.5	2037.6	1996.1	336.0	
622	Spectrogram 1	1	AU-AWBS03-141203-051000.wav	3460.001252208	3460.234110962	0.233	76.1	2041.1	1965.0	400.0	
623	Spectrogram 1	1	AU-AWBS03-141203-051000.wav	3463.222464972	3463.455323726	0.233	83.0	2044.5	1961.5	240.0	end pattern
