Selection	View	Channel	Begin File	Begin Time (s)	End Time (s)	Delta Time (s)	Low Freq (Hz)	High Freq (Hz)	Delta Freq (Hz)	Peak Freq (Hz)	Notes
1	Spectrogram 1	1	AU-BS02a-140905-221000.wav	212.851	213.118	0.266	12.3	465.3	453.0	80.0	start pattern D
2	Spectrogram 1	1	AU-BS02a-140905-221000.wav	221.907	222.173	0.266	20.0	349.8	329.7	160.0	
3	Spectrogram 1	1	AU-BS02a-140905-221000.wav	222.506	222.728	0.222	15.4	342.1	326.7	64.0	
4	Spectrogram 1	1	AU-BS02a-140905-221000.wav	226.947	227.170	0.222	20.0	337.4	317.4	64.0	
5	Spectrogram 1	1	AU-BS02a-140905-221000.wav	227.503	227.725	0.222	40.1	339.0	298.9	48.0	
6	Spectrogram 1	1	AU-BS02a-140905-221000.wav	232.121	232.343	0.222	27.7	363.6	335.9	240.0	
7	Spectrogram 1	1	AU-BS02a-140905-221000.wav	232.610	232.832	0.222	15.4	372.9	357.5	112.0	
8	Spectrogram 1	1	AU-BS02a-140905-221000.wav	237.318	237.540	0.222	27.7	363.6	335.9	208.0	
9	Spectrogram 1	1	AU-BS02a-140905-221000.wav	237.850	238.117	0.266	30.8	366.7	335.9	144.0	
10	Spectrogram 1	1	AU-BS02a-140905-221000.wav	242.336	242.603	0.266	24.7	351.3	326.7	240.0	
11	Spectrogram 1	1	AU-BS02a-140905-221000.wav	242.869	243.224	0.355	37.0	360.6	323.6	128.0	
12	Spectrogram 1	1	AU-BS02a-140905-221000.wav	247.732	247.954	0.222	23.1	346.7	323.6	32.0	
13	Spectrogram 1	1	AU-BS02a-140905-221000.wav	248.243	248.509	0.266	33.9	326.7	292.8	112.0	
14	Spectrogram 1	1	AU-BS02a-140905-222000.wav	896.909	897.131	0.222	12.3	391.4	379.0	80.0	start pattern 
15	Spectrogram 1	1	AU-BS02a-140905-222000.wav	905.747	905.969	0.222	24.7	474.6	449.9	32.0	
16	Spectrogram 1	1	AU-BS02a-140905-222000.wav	906.235	906.457	0.222	33.9	443.8	409.9	128.0	
17	Spectrogram 1	1	AU-BS02a-140905-222000.wav	910.810	911.032	0.222	12.3	416.0	403.7	16.0	
18	Spectrogram 1	1	AU-BS02a-140905-222000.wav	911.343	911.609	0.266	27.7	409.9	382.1	64.0	
19	Spectrogram 1	1	AU-BS02a-140905-222000.wav	915.962	916.184	0.222	37.0	382.1	345.1	64.0	
20	Spectrogram 1	1	AU-BS02a-140905-222000.wav	916.539	916.805	0.266	27.7	406.8	379.0	192.0	
21	Spectrogram 1	1	AU-BS02a-140905-222000.wav	921.358	921.580	0.222	26.2	417.6	391.4	32.0	
22	Spectrogram 1	1	AU-BS02a-140905-222000.wav	921.779	922.001	0.222	30.8	388.3	357.5	48.0	
23	Spectrogram 1	1	AU-BS02a-140905-231000.wav	3713.347	3713.525	0.178	12.3	412.9	400.6	16.0	start pattern
24	Spectrogram 1	1	AU-BS02a-140905-231000.wav	3713.747	3713.969	0.222	23.1	376.0	352.9	64.0	
25	Spectrogram 1	1	AU-BS02a-140905-231000.wav	3722.496	3722.674	0.178	24.7	406.8	382.1	144.0	
26	Spectrogram 1	1	AU-BS02a-140905-231000.wav	3722.896	3723.118	0.222	15.4	459.2	443.8	64.0	
27	Spectrogram 1	1	AU-BS02a-140905-231000.wav	3727.426	3727.603	0.178	40.1	486.9	446.8	144.0	
28	Spectrogram 1	1	AU-BS02a-140905-231000.wav	3727.914	3728.136	0.222	27.7	391.4	363.6	48.0	
29	Spectrogram 1	1	AU-BS02a-140905-231000.wav	3732.395	3732.617	0.222	18.5	360.6	342.1	64.0	
30	Spectrogram 1	1	AU-BS02a-140905-231000.wav	3732.906	3733.128	0.222	13.9	380.6	366.7	48.0	
31	Spectrogram 1	1	AU-BS02a-140905-231000.wav	3737.458	3737.680	0.222	24.7	320.5	295.8	256.0	
32	Spectrogram 1	1	AU-BS02a-140905-231000.wav	3737.947	3738.169	0.222	27.7	323.6	295.8	64.0	
33	Spectrogram 1	1	AU-BS02a-140905-231000.wav	3742.566	3742.743	0.178	24.7	360.6	335.9	32.0	
34	Spectrogram 1	1	AU-BS02a-140905-231000.wav	3743.010	3743.276	0.266	18.5	363.6	345.1	48.0	
35	Spectrogram 1	1	AU-BS02a-140905-231000.wav	3747.540	3747.762	0.222	24.7	385.2	360.6	240.0	
36	Spectrogram 1	1	AU-BS02a-140905-231000.wav	3748.117	3748.339	0.222	24.7	376.0	351.3	48.0	
37	Spectrogram 1	1	AU-BS02a-140905-233000.wav	4979.458	4979.680	0.222	30.8	357.5	326.7	48.0	start pattern
38	Spectrogram 1	1	AU-BS02a-140905-233000.wav	4979.991	4980.258	0.266	15.4	351.3	335.9	80.0	
39	Spectrogram 1	1	AU-BS02a-140905-233000.wav	4989.184	4989.406	0.222	12.3	369.8	357.5	48.0	
40	Spectrogram 1	1	AU-BS02a-140905-233000.wav	4989.717	4989.984	0.266	12.3	388.3	376.0	48.0	
41	Spectrogram 1	1	AU-BS02a-140905-233000.wav	4994.070	4994.336	0.266	24.7	437.6	412.9	32.0	
42	Spectrogram 1	1	AU-BS02a-140905-233000.wav	4994.647	4994.958	0.311	30.8	443.8	412.9	32.0	
43	Spectrogram 1	1	AU-BS02a-140905-233000.wav	4999.177	4999.399	0.222	21.6	366.7	345.1	48.0	
44	Spectrogram 1	1	AU-BS02a-140905-233000.wav	4999.665	4999.932	0.266	30.8	372.9	342.1	160.0	
45	Spectrogram 1	1	AU-BS02a-140905-233000.wav	5004.195	5004.462	0.266	30.8	363.6	332.8	192.0	
46	Spectrogram 1	1	AU-BS02a-140905-233000.wav	5004.728	5005.039	0.311	30.8	354.4	323.6	144.0	
47	Spectrogram 1	1	AU-BS02a-140905-233000.wav	5009.392	5009.569	0.178	21.6	360.6	339.0	64.0	
48	Spectrogram 1	1	AU-BS02a-140905-233000.wav	5009.880	5010.147	0.266	15.4	366.7	351.3	16.0	
49	Spectrogram 1	1	AU-BS02a-140905-234000.wav	5737.990	5738.167	0.178	37.0	869.0	832.0	160.0	start pattern
50	Spectrogram 1	1	AU-BS02a-140905-234000.wav	5738.434	5738.700	0.266	27.7	819.7	792.0	160.0	
51	Spectrogram 1	1	AU-BS02a-140905-234000.wav	5747.360	5747.583	0.222	18.5	705.7	687.2	128.0	
52	Spectrogram 1	1	AU-BS02a-140905-234000.wav	5747.849	5748.115	0.266	12.3	1294.3	1282.0	80.0	
53	Spectrogram 1	1	AU-BS02a-140905-234000.wav	5752.357	5752.668	0.311	38.5	1343.6	1305.1	208.0	
54	Spectrogram 1	1	AU-BS02a-140905-234000.wav	5752.868	5753.090	0.222	43.1	1131.0	1087.8	64.0	
55	Spectrogram 1	1	AU-BS02a-140905-234000.wav	5757.397	5757.620	0.222	44.7	810.5	765.8	80.0	
56	Spectrogram 1	1	AU-BS02a-140905-234000.wav	5757.886	5758.108	0.222	46.2	597.8	551.6	112.0	
57	Spectrogram 1	1	AU-BS02a-140905-234000.wav	5762.416	5762.682	0.266	33.9	477.7	443.8	80.0	
58	Spectrogram 1	1	AU-BS02a-140905-234000.wav	5762.882	5763.104	0.222	29.3	463.8	434.5	80.0	
59	Spectrogram 1	1	AU-BS02a-140905-234000.wav	5767.657	5767.879	0.222	27.7	437.6	409.9	48.0	
60	Spectrogram 1	1	AU-BS02a-140905-234000.wav	5768.101	5768.367	0.266	37.0	440.7	403.7	240.0	
61	Spectrogram 1	1	AU-BS02a-140905-234000.wav	5772.942	5773.208	0.266	33.9	902.9	869.0	48.0	
62	Spectrogram 1	1	AU-BS02a-140905-234000.wav	5773.474	5773.741	0.266	37.0	899.8	862.9	128.0	
63	Spectrogram 1	1	AU-BS02a-140905-234000.wav	5986.144	5986.366	0.222	21.6	508.5	486.9	32.0	start pattern
64	Spectrogram 1	1	AU-BS02a-140905-234000.wav	5986.588	5986.854	0.266	27.7	490.0	462.2	80.0	
65	Spectrogram 1	1	AU-BS02a-140905-234000.wav	5995.470	5995.736	0.266	24.7	483.8	459.2	64.0	
66	Spectrogram 1	1	AU-BS02a-140905-234000.wav	5996.047	5996.314	0.266	21.6	493.1	471.5	80.0	
67	Spectrogram 1	1	AU-BS02a-140905-235000.wav	6000.617	6000.839	0.222	61.6	902.9	841.3	64.0	
68	Spectrogram 1	1	AU-BS02a-140905-235000.wav	6001.061	6001.328	0.266	55.5	946.1	890.6	80.0	
69	Spectrogram 1	1	AU-BS02a-140905-235000.wav	6005.725	6005.991	0.266	24.7	782.7	758.1	64.0	
70	Spectrogram 1	1	AU-BS02a-140905-235000.wav	6006.258	6006.568	0.311	30.8	736.5	705.7	48.0	
71	Spectrogram 1	1	AU-BS02a-140905-235000.wav	6010.743	6010.965	0.222	46.2	838.2	792.0	48.0	
72	Spectrogram 1	1	AU-BS02a-140905-235000.wav	6011.187	6011.498	0.311	21.6	761.2	739.6	48.0	
73	Spectrogram 1	1	AU-BS02a-140905-235000.wav	6016.428	6016.694	0.266	27.7	320.5	292.8	80.0	
74	Spectrogram 1	1	AU-BS02a-140905-235000.wav	6016.828	6017.138	0.311	30.8	320.5	289.7	32.0	
75	Spectrogram 1	1	AU-BS02a-140905-235000.wav	6293.400	6293.623	0.222	27.7	1414.5	1386.7	64.0	start pattern
76	Spectrogram 1	1	AU-BS02a-140905-235000.wav	6293.933	6294.200	0.266	33.9	453.0	419.1	80.0	
77	Spectrogram 1	1	AU-BS02a-140905-235000.wav	6302.860	6303.082	0.222	27.7	437.6	409.9	64.0	
78	Spectrogram 1	1	AU-BS02a-140905-235000.wav	6303.349	6303.571	0.222	24.7	412.9	388.3	64.0	
79	Spectrogram 1	1	AU-BS02a-140905-235000.wav	6307.923	6308.189	0.266	43.1	708.8	665.6	48.0	
80	Spectrogram 1	1	AU-BS02a-140905-235000.wav	6308.367	6308.634	0.266	27.7	446.8	419.1	48.0	
81	Spectrogram 1	1	AU-BS02a-140905-235000.wav	6312.942	6313.252	0.311	18.5	748.8	730.4	48.0	
82	Spectrogram 1	1	AU-BS02a-140905-235000.wav	6313.474	6313.741	0.266	27.7	600.9	573.2	48.0	
83	Spectrogram 1	1	AU-BS02a-140905-235000.wav	6317.916	6318.226	0.311	24.7	400.6	376.0	272.0	
84	Spectrogram 1	1	AU-BS02a-140905-235000.wav	6318.449	6318.715	0.266	21.6	412.9	391.4	64.0	
85	Spectrogram 1	1	AU-BS02a-140905-235000.wav	6323.019	6323.241	0.222	35.4	847.5	812.0	192.0	
86	Spectrogram 1	1	AU-BS02a-140905-235000.wav	6323.507	6323.729	0.222	12.3	832.0	819.7	48.0	
87	Spectrogram 1	1	AU-BS02a-140905-235000.wav	6328.259	6328.526	0.266	21.6	792.0	770.4	48.0	
88	Spectrogram 1	1	AU-BS02a-140905-235000.wav	6328.836	6329.103	0.266	27.7	459.2	431.4	48.0	
89	Spectrogram 1	1	AU-BS02a-140905-235000.wav	6333.433	6333.744	0.311	18.5	878.3	859.8	32.0	
90	Spectrogram 1	1	AU-BS02a-140905-235000.wav	6333.988	6334.299	0.311	15.4	878.3	862.9	192.0	
91	Spectrogram 1	1	AU-BS02a-140905-235000.wav	6541.750	6541.972	0.222	23.1	674.9	651.8	64.0	start pattern
92	Spectrogram 1	1	AU-BS02a-140905-235000.wav	6542.394	6542.660	0.266	18.5	724.2	705.7	80.0	
93	Spectrogram 1	1	AU-BS02a-140905-235000.wav	6551.543	6551.765	0.222	24.7	462.2	437.6	64.0	
94	Spectrogram 1	1	AU-BS02a-140905-235000.wav	6552.031	6552.298	0.266	24.7	394.5	369.8	64.0	
95	Spectrogram 1	1	AU-BS02a-140905-235000.wav	6556.605	6556.872	0.266	24.7	511.6	486.9	64.0	
96	Spectrogram 1	1	AU-BS02a-140905-235000.wav	6557.094	6557.449	0.355	18.5	505.4	486.9	64.0	
97	Spectrogram 1	1	AU-BS02a-140905-235000.wav	6561.624	6561.935	0.311	37.0	471.5	434.5	64.0	
98	Spectrogram 1	1	AU-BS02a-140905-235000.wav	6562.201	6562.468	0.266	33.9	468.4	434.5	48.0	
99	Spectrogram 1	1	AU-BS02a-140905-235000.wav	6566.642	6566.909	0.266	24.7	616.3	591.7	192.0	
100	Spectrogram 1	1	AU-BS02a-140905-235000.wav	6567.131	6567.442	0.311	30.8	591.7	560.9	32.0	
101	Spectrogram 1	1	AU-BS02a-140905-235000.wav	6571.683	6572.016	0.333	43.1	764.3	721.1	48.0	
102	Spectrogram 1	1	AU-BS02a-140905-235000.wav	6572.283	6572.549	0.266	49.3	551.6	502.3	80.0	
103	Spectrogram 1	1	AU-BS02a-140905-235000.wav	6576.768	6577.035	0.266	24.7	825.9	801.2	48.0	
104	Spectrogram 1	1	AU-BS02a-140905-235000.wav	6577.279	6577.590	0.311	30.8	634.8	604.0	32.0	
105	Spectrogram 1	1	AU-BS02a-140905-235000.wav	6581.920	6582.187	0.266	46.2	394.5	348.2	48.0	
106	Spectrogram 1	1	AU-BS02a-140905-235000.wav	6582.453	6582.764	0.311	33.9	437.6	403.7	48.0	
107	Spectrogram 1	1	AU-BS02a-140906-000000.wav	6803.072	6803.338	0.266	9.2	406.8	397.5	80.0	start pattern
108	Spectrogram 1	1	AU-BS02a-140906-000000.wav	6812.105	6812.327	0.222	29.3	352.9	323.6	32.0	
109	Spectrogram 1	1	AU-BS02a-140906-000000.wav	6812.616	6812.882	0.266	30.8	1417.6	1386.7	80.0	
110	Spectrogram 1	1	AU-BS02a-140906-000000.wav	6817.124	6817.346	0.222	33.9	1306.6	1272.7	48.0	
111	Spectrogram 1	1	AU-BS02a-140906-000000.wav	6817.590	6817.856	0.266	24.7	865.9	841.3	80.0	
112	Spectrogram 1	1	AU-BS02a-140906-000000.wav	6822.209	6822.475	0.266	33.9	1023.1	989.2	48.0	
113	Spectrogram 1	1	AU-BS02a-140906-000000.wav	6822.697	6822.964	0.266	21.6	625.6	604.0	64.0	
114	Spectrogram 1	1	AU-BS02a-140906-000000.wav	6827.183	6827.449	0.266	46.2	456.1	409.9	64.0	
115	Spectrogram 1	1	AU-BS02a-140906-000000.wav	6827.716	6827.982	0.266	23.1	439.1	416.0	80.0	
116	Spectrogram 1	1	AU-BS02a-140906-000000.wav	6832.290	6832.512	0.222	64.7	637.9	573.2	80.0	
117	Spectrogram 1	1	AU-BS02a-140906-000000.wav	6832.734	6833.090	0.355	27.7	397.5	369.8	48.0	
118	Spectrogram 1	1	AU-BS02a-140906-000000.wav	6837.175	6837.486	0.311	40.1	739.6	699.5	176.0	
119	Spectrogram 1	1	AU-BS02a-140906-000000.wav	6837.753	6838.064	0.311	27.7	678.0	650.2	32.0	
120	Spectrogram 1	1	AU-BS02a-140906-000000.wav	6842.372	6842.638	0.266	33.9	952.2	918.3	48.0	
121	Spectrogram 1	1	AU-BS02a-140906-000000.wav	6842.860	6843.127	0.266	30.8	881.4	850.5	48.0	
122	Spectrogram 1	1	AU-BS02a-140906-000000.wav	7140.058	7140.280	0.222	26.2	399.1	372.9	48.0	start pattenr
123	Spectrogram 1	1	AU-BS02a-140906-000000.wav	7140.546	7140.857	0.311	27.7	616.3	588.6	80.0	
124	Spectrogram 1	1	AU-BS02a-140906-000000.wav	7149.495	7149.762	0.266	21.6	360.6	339.0	48.0	
125	Spectrogram 1	1	AU-BS02a-140906-000000.wav	7149.939	7150.250	0.311	27.7	379.0	351.3	192.0	
126	Spectrogram 1	1	AU-BS02a-140906-000000.wav	7154.647	7154.958	0.311	40.1	696.5	656.4	96.0	
127	Spectrogram 1	1	AU-BS02a-140906-000000.wav	7155.180	7155.446	0.266	27.7	604.0	576.3	64.0	
128	Spectrogram 1	1	AU-BS02a-140906-000000.wav	7159.621	7159.932	0.311	37.0	835.1	798.2	96.0	
129	Spectrogram 1	1	AU-BS02a-140906-000000.wav	7160.176	7160.487	0.311	26.2	522.3	496.1	64.0	
130	Spectrogram 1	1	AU-BS02a-140906-000000.wav	7164.684	7164.950	0.266	21.6	372.9	351.3	32.0	
131	Spectrogram 1	1	AU-BS02a-140906-000000.wav	7165.172	7165.439	0.266	12.3	388.3	376.0	48.0	
132	Spectrogram 1	1	AU-BS02a-140906-000000.wav	7169.680	7169.991	0.311	35.4	396.0	360.6	160.0	
133	Spectrogram 1	1	AU-BS02a-140906-000000.wav	7170.191	7170.502	0.311	43.1	391.4	348.2	160.0	
134	Spectrogram 1	1	AU-BS02a-140906-000000.wav	7174.721	7175.032	0.311	61.6	422.2	360.6	64.0	
135	Spectrogram 1	1	AU-BS02a-140906-000000.wav	7175.254	7175.698	0.444	52.4	428.4	376.0	160.0	
136	Spectrogram 1	1	AU-BS02a-140906-001000.wav	7411.634	7411.856	0.222	12.3	1282.0	1269.6	48.0	start pattern
137	Spectrogram 1	1	AU-BS02a-140906-001000.wav	7412.123	7412.389	0.266	24.7	748.8	724.2	96.0	
138	Spectrogram 1	1	AU-BS02a-140906-001000.wav	7421.183	7421.405	0.222	9.2	416.0	406.8	32.0	
139	Spectrogram 1	1	AU-BS02a-140906-001000.wav	7421.627	7421.893	0.266	12.3	428.4	416.0	144.0	
140	Spectrogram 1	1	AU-BS02a-140906-001000.wav	7426.157	7426.468	0.311	6.2	1214.2	1208.0	48.0	
141	Spectrogram 1	1	AU-BS02a-140906-001000.wav	7426.779	7427.045	0.266	30.8	1097.1	1066.3	48.0	
142	Spectrogram 1	1	AU-BS02a-140906-001000.wav	7431.175	7431.397	0.222	30.8	909.1	878.3	96.0	
143	Spectrogram 1	1	AU-BS02a-140906-001000.wav	7431.664	7431.975	0.311	30.8	838.2	807.4	64.0	
144	Spectrogram 1	1	AU-BS02a-140906-001000.wav	7436.150	7436.416	0.266	33.9	896.8	862.9	48.0	
145	Spectrogram 1	1	AU-BS02a-140906-001000.wav	7436.594	7436.905	0.311	40.1	397.5	357.5	128.0	
146	Spectrogram 1	1	AU-BS02a-140906-001000.wav	7441.124	7441.434	0.311	21.6	360.6	339.0	32.0	
147	Spectrogram 1	1	AU-BS02a-140906-001000.wav	7441.657	7441.923	0.266	30.8	369.8	339.0	96.0	
148	Spectrogram 1	1	AU-BS02a-140906-001000.wav	7446.275	7446.542	0.266	15.4	351.3	335.9	32.0	
149	Spectrogram 1	1	AU-BS02a-140906-001000.wav	7446.808	7447.164	0.355	27.7	360.6	332.8	32.0	
150	Spectrogram 1	1	AU-BS02a-140906-013000.wav	9625.079	9625.301	0.222	26.2	742.7	716.5	48.0	
151	Spectrogram 1	1	AU-BS02a-140906-013000.wav	9625.568	9625.856	0.289	33.9	748.8	714.9	48.0	
152	Spectrogram 1	1	AU-BS02a-140906-013000.wav	9634.783	9635.005	0.222	24.7	668.7	644.1	32.0	
153	Spectrogram 1	1	AU-BS02a-140906-013000.wav	9635.272	9635.494	0.222	33.9	600.9	567.0	48.0	
154	Spectrogram 1	1	AU-BS02a-140906-013000.wav	9639.868	9640.090	0.222	58.6	687.2	628.7	64.0	
155	Spectrogram 1	1	AU-BS02a-140906-013000.wav	9640.290	9640.557	0.266	43.1	591.7	548.5	48.0	
156	Spectrogram 1	1	AU-BS02a-140906-013000.wav	9644.887	9645.109	0.222	55.5	616.3	560.9	80.0	
157	Spectrogram 1	1	AU-BS02a-140906-013000.wav	9645.353	9645.620	0.266	58.6	588.6	530.0	80.0	
158	Spectrogram 1	1	AU-BS02a-140906-013000.wav	9650.016	9650.238	0.222	61.6	641.0	579.4	64.0	
159	Spectrogram 1	1	AU-BS02a-140906-013000.wav	9650.527	9650.838	0.311	61.6	616.3	554.7	64.0	
160	Spectrogram 1	1	AU-BS02a-140906-021000.wav	12274.388	12274.610	0.222	40.1	351.3	311.2	48.0	start pattern
161	Spectrogram 1	1	AU-BS02a-140906-021000.wav	12274.876	12275.098	0.222	21.6	345.1	323.6	96.0	
162	Spectrogram 1	1	AU-BS02a-140906-021000.wav	12283.803	12284.070	0.266	30.8	792.0	761.2	32.0	
163	Spectrogram 1	1	AU-BS02a-140906-021000.wav	12284.314	12284.536	0.222	33.9	471.5	437.6	48.0	
164	Spectrogram 1	1	AU-BS02a-140906-021000.wav	12288.910	12289.177	0.266	15.4	437.6	422.2	16.0	
165	Spectrogram 1	1	AU-BS02a-140906-021000.wav	12289.399	12289.621	0.222	30.8	428.4	397.5	48.0	
166	Spectrogram 1	1	AU-BS02a-140906-021000.wav	12293.929	12294.151	0.222	21.6	465.3	443.8	48.0	
167	Spectrogram 1	1	AU-BS02a-140906-021000.wav	12294.373	12294.551	0.178	21.6	431.4	409.9	64.0	
168	Spectrogram 1	1	AU-BS02a-140906-021000.wav	12298.947	12299.170	0.222	33.9	573.2	539.3	48.0	
169	Spectrogram 1	1	AU-BS02a-140906-021000.wav	12299.436	12299.658	0.222	40.1	499.2	459.2	64.0	
170	Spectrogram 1	1	AU-BS02a-140906-022000.wav	12304.144	12304.366	0.222	27.7	641.0	613.3	48.0	
171	Spectrogram 1	1	AU-BS02a-140906-022000.wav	12304.632	12304.899	0.266	24.7	437.6	412.9	48.0	
172	Spectrogram 1	1	AU-BS02a-140906-030000.wav	15254.647	15254.913	0.266	24.7	807.4	782.7	48.0	start pattern
173	Spectrogram 1	1	AU-BS02a-140906-030000.wav	15255.180	15255.491	0.311	30.8	563.9	533.1	64.0	
174	Spectrogram 1	1	AU-BS02a-140906-030000.wav	15264.195	15264.462	0.266	33.9	354.4	320.5	48.0	
175	Spectrogram 1	1	AU-BS02a-140906-030000.wav	15264.684	15264.995	0.311	24.7	875.2	850.5	80.0	
176	Spectrogram 1	1	AU-BS02a-140906-030000.wav	15269.214	15269.480	0.266	46.2	893.7	847.5	48.0	
177	Spectrogram 1	1	AU-BS02a-140906-030000.wav	15269.702	15269.969	0.266	40.1	637.9	597.8	48.0	
178	Spectrogram 1	1	AU-BS02a-140906-030000.wav	15274.277	15274.499	0.222	43.1	776.6	733.4	48.0	
179	Spectrogram 1	1	AU-BS02a-140906-030000.wav	15274.854	15275.209	0.355	30.8	758.1	727.3	64.0	
180	Spectrogram 1	1	AU-BS02a-140906-030000.wav	15279.384	15279.651	0.266	55.5	594.8	539.3	64.0	
181	Spectrogram 1	1	AU-BS02a-140906-030000.wav	15279.962	15280.272	0.311	55.5	576.3	520.8	64.0	
182	Spectrogram 1	1	AU-BS02a-140906-030000.wav	15284.580	15284.802	0.222	43.1	351.3	308.2	48.0	
183	Spectrogram 1	1	AU-BS02a-140906-030000.wav	15285.024	15285.424	0.400	49.3	348.2	298.9	64.0	
184	Spectrogram 1	1	AU-BS02a-140906-031000.wav	15506.083	15506.305	0.222	33.9	456.1	422.2	48.0	start pattern
185	Spectrogram 1	1	AU-BS02a-140906-031000.wav	15506.571	15506.882	0.311	33.9	1007.7	973.8	64.0	
186	Spectrogram 1	1	AU-BS02a-140906-031000.wav	15515.676	15515.942	0.266	21.6	906.0	884.4	48.0	
187	Spectrogram 1	1	AU-BS02a-140906-031000.wav	15516.253	15516.520	0.266	24.7	902.9	878.3	48.0	
188	Spectrogram 1	1	AU-BS02a-140906-031000.wav	15520.783	15521.005	0.222	28.5	570.5	542.0	48.0	
189	Spectrogram 1	1	AU-BS02a-140906-031000.wav	15521.227	15521.538	0.311	28.5	551.5	523.0	48.0	
190	Spectrogram 1	1	AU-BS02a-140906-031000.wav	15525.713	15525.979	0.266	41.2	1077.7	1036.5	48.0	
191	Spectrogram 1	1	AU-BS02a-140906-031000.wav	15526.268	15526.579	0.311	25.4	1014.3	988.9	48.0	
192	Spectrogram 1	1	AU-BS02a-140906-031000.wav	15530.820	15531.042	0.222	31.7	782.9	751.2	48.0	
193	Spectrogram 1	1	AU-BS02a-140906-031000.wav	15531.353	15531.620	0.266	53.9	767.0	713.2	208.0	
194	Spectrogram 1	1	AU-BS02a-140906-031000.wav	15535.883	15536.194	0.311	57.1	1302.7	1245.6	208.0	
195	Spectrogram 1	1	AU-BS02a-140906-031000.wav	15536.416	15536.682	0.266	44.4	1049.1	1004.8	48.0	
196	Spectrogram 1	1	AU-BS02a-140906-031000.wav	15540.902	15541.168	0.266	60.2	748.0	687.8	96.0	
197	Spectrogram 1	1	AU-BS02a-140906-031000.wav	15541.390	15541.657	0.266	44.4	668.8	624.4	48.0	
198	Spectrogram 1	1	AU-BS02a-140906-031000.wav	15832.792	15833.014	0.222	38.0	586.4	548.3	48.0	start pattern
199	Spectrogram 1	1	AU-BS02a-140906-031000.wav	15833.236	15833.503	0.266	31.7	481.8	450.1	112.0	
200	Spectrogram 1	1	AU-BS02a-140906-031000.wav	15842.296	15842.563	0.266	53.9	1866.9	1813.0	64.0	
201	Spectrogram 1	1	AU-BS02a-140906-031000.wav	15842.829	15843.051	0.222	31.7	1258.3	1226.6	32.0	
202	Spectrogram 1	1	AU-BS02a-140906-031000.wav	15847.403	15847.625	0.222	53.9	1318.5	1264.7	64.0	
203	Spectrogram 1	1	AU-BS02a-140906-031000.wav	15847.892	15848.158	0.266	63.4	950.9	887.5	64.0	
204	Spectrogram 1	1	AU-BS02a-140906-031000.wav	15852.422	15852.688	0.266	34.9	817.7	782.9	64.0	
205	Spectrogram 1	1	AU-BS02a-140906-031000.wav	15852.955	15853.177	0.222	34.9	805.1	770.2	80.0	
206	Spectrogram 1	1	AU-BS02a-140906-031000.wav	15857.529	15857.796	0.266	34.9	427.9	393.0	128.0	
207	Spectrogram 1	1	AU-BS02a-140906-031000.wav	15857.973	15858.240	0.266	47.5	408.9	361.3	48.0	
208	Spectrogram 1	1	AU-BS02a-140906-031000.wav	15862.681	15862.947	0.266	47.5	1042.8	995.2	48.0	
209	Spectrogram 1	1	AU-BS02a-140906-031000.wav	15863.258	15863.480	0.222	38.0	589.5	551.5	48.0	
210	Spectrogram 1	1	AU-BS02a-140906-032000.wav	16043.463	16043.685	0.222	31.7	1616.5	1584.8	48.0	start pattern
211	Spectrogram 1	1	AU-BS02a-140906-032000.wav	16043.996	16044.262	0.266	31.7	950.9	919.2	80.0	
212	Spectrogram 1	1	AU-BS02a-140906-032000.wav	16053.011	16053.233	0.222	63.4	1565.8	1502.4	64.0	
213	Spectrogram 1	1	AU-BS02a-140906-032000.wav	16053.544	16053.811	0.266	47.5	1483.4	1435.8	64.0	
214	Spectrogram 1	1	AU-BS02a-140906-032000.wav	16058.118	16058.340	0.222	25.4	1467.5	1442.2	64.0	
215	Spectrogram 1	1	AU-BS02a-140906-032000.wav	16058.607	16058.873	0.266	38.0	963.5	925.5	64.0	
216	Spectrogram 1	1	AU-BS02a-140906-032000.wav	16063.115	16063.337	0.222	31.7	1775.0	1743.3	80.0	
217	Spectrogram 1	1	AU-BS02a-140906-032000.wav	16063.537	16063.803	0.266	44.4	1220.3	1175.9	112.0	
218	Spectrogram 1	1	AU-BS02a-140906-032000.wav	16068.200	16068.422	0.222	19.0	1489.7	1470.7	64.0	
219	Spectrogram 1	1	AU-BS02a-140906-032000.wav	16068.688	16068.955	0.266	19.0	979.4	960.4	64.0	
220	Spectrogram 1	1	AU-BS02a-140906-032000.wav	16073.307	16073.529	0.222	22.2	1895.4	1873.2	48.0	
221	Spectrogram 1	1	AU-BS02a-140906-032000.wav	16073.796	16074.018	0.222	34.9	912.8	878.0	64.0	
222	Spectrogram 1	1	AU-BS02a-140906-032000.wav	16078.459	16078.725	0.266	41.2	1004.8	963.5	64.0	
223	Spectrogram 1	1	AU-BS02a-140906-032000.wav	16078.947	16079.214	0.266	50.7	805.1	754.4	112.0	
224	Spectrogram 1	1	AU-BS02a-140906-032000.wav	16283.800	16284.022	0.222	28.5	418.4	389.9	32.0	start pattern
225	Spectrogram 1	1	AU-BS02a-140906-032000.wav	16284.289	16284.555	0.266	19.0	446.9	427.9	144.0	
226	Spectrogram 1	1	AU-BS02a-140906-032000.wav	16293.304	16293.526	0.222	28.5	1169.6	1141.0	48.0	
227	Spectrogram 1	1	AU-BS02a-140906-032000.wav	16293.793	16294.059	0.266	38.0	985.7	947.7	64.0	
228	Spectrogram 1	1	AU-BS02a-140906-032000.wav	16298.412	16298.722	0.311	34.9	912.8	878.0	96.0	
229	Spectrogram 1	1	AU-BS02a-140906-032000.wav	16298.944	16299.255	0.311	28.5	868.5	839.9	64.0	
230	Spectrogram 1	1	AU-BS02a-140906-032000.wav	16303.608	16303.830	0.222	41.2	862.1	820.9	64.0	
231	Spectrogram 1	1	AU-BS02a-140906-032000.wav	16304.141	16304.407	0.266	34.9	849.4	814.6	48.0	
232	Spectrogram 1	1	AU-BS02a-140906-032000.wav	16308.626	16308.893	0.266	53.9	1061.8	1007.9	176.0	
233	Spectrogram 1	1	AU-BS02a-140906-032000.wav	16309.026	16309.337	0.311	41.2	817.7	776.5	48.0	
234	Spectrogram 1	1	AU-BS02a-140906-032000.wav	16313.774	16314.040	0.266	19.0	1280.5	1261.5	32.0	
235	Spectrogram 1	1	AU-BS02a-140906-032000.wav	16314.173	16314.440	0.266	28.5	1011.1	982.6	48.0	
236	Spectrogram 1	1	AU-BS02a-140906-032000.wav	16318.925	16319.192	0.266	19.0	786.1	767.0	48.0	
237	Spectrogram 1	1	AU-BS02a-140906-032000.wav	16319.325	16319.591	0.266	22.2	776.5	754.4	48.0	
238	Spectrogram 1	1	AU-BS02a-140906-033000.wav	16593.988	16594.210	0.222	41.2	1296.4	1255.2	48.0	start pattern
239	Spectrogram 1	1	AU-BS02a-140906-033000.wav	16594.521	16594.743	0.222	12.7	497.6	484.9	80.0	
240	Spectrogram 1	1	AU-BS02a-140906-033000.wav	16603.714	16603.936	0.222	38.0	1271.0	1233.0	48.0	
241	Spectrogram 1	1	AU-BS02a-140906-033000.wav	16604.158	16604.425	0.266	34.9	1838.4	1803.5	80.0	
242	Spectrogram 1	1	AU-BS02a-140906-033000.wav	16608.777	16609.044	0.266	34.9	1156.9	1122.0	176.0	
243	Spectrogram 1	1	AU-BS02a-140906-033000.wav	16609.310	16609.532	0.222	28.5	1169.6	1141.0	64.0	
244	Spectrogram 1	1	AU-BS02a-140906-033000.wav	16613.885	16614.107	0.222	19.0	1163.2	1144.2	64.0	
245	Spectrogram 1	1	AU-BS02a-140906-033000.wav	16614.373	16614.640	0.266	41.2	1160.1	1118.9	64.0	
246	Spectrogram 1	1	AU-BS02a-140906-033000.wav	16618.859	16619.125	0.266	28.5	859.0	830.4	48.0	
247	Spectrogram 1	1	AU-BS02a-140906-033000.wav	16619.392	16619.658	0.266	34.9	770.2	735.3	64.0	
248	Spectrogram 1	1	AU-BS02a-140906-033000.wav	16623.877	16624.188	0.311	34.9	1312.2	1277.3	176.0	
249	Spectrogram 1	1	AU-BS02a-140906-033000.wav	16624.454	16624.632	0.178	25.4	1242.5	1217.1	64.0	
250	Spectrogram 1	1	AU-BS02a-140906-033000.wav	16629.118	16629.340	0.222	31.7	735.3	703.6	176.0	
251	Spectrogram 1	1	AU-BS02a-140906-033000.wav	16629.562	16629.828	0.266	28.5	722.7	694.1	48.0	
252	Spectrogram 1	1	AU-BS02a-140906-033000.wav	16818.693	16818.959	0.266	22.2	497.6	475.4	32.0	start pattern
253	Spectrogram 1	1	AU-BS02a-140906-033000.wav	16819.137	16819.403	0.266	22.2	497.6	475.4	176.0	
254	Spectrogram 1	1	AU-BS02a-140906-033000.wav	16828.152	16828.419	0.266	38.0	529.3	491.3	48.0	
255	Spectrogram 1	1	AU-BS02a-140906-033000.wav	16828.685	16828.952	0.266	28.5	462.8	434.2	48.0	
256	Spectrogram 1	1	AU-BS02a-140906-033000.wav	16833.215	16833.437	0.222	31.7	859.0	827.3	48.0	
257	Spectrogram 1	1	AU-BS02a-140906-033000.wav	16833.660	16833.926	0.266	22.2	862.1	839.9	64.0	
258	Spectrogram 1	1	AU-BS02a-140906-033000.wav	16838.234	16838.500	0.266	31.7	887.5	855.8	32.0	
259	Spectrogram 1	1	AU-BS02a-140906-033000.wav	16838.678	16839.078	0.400	41.2	884.3	843.1	64.0	
260	Spectrogram 1	1	AU-BS02a-140906-033000.wav	16843.297	16843.652	0.355	28.5	808.2	779.7	48.0	
261	Spectrogram 1	1	AU-BS02a-140906-033000.wav	16843.919	16844.274	0.355	38.0	928.7	890.6	144.0	
262	Spectrogram 1	1	AU-BS02a-140906-033000.wav	16848.404	16848.715	0.311	31.7	1163.2	1131.5	48.0	
263	Spectrogram 1	1	AU-BS02a-140906-033000.wav	16848.937	16849.292	0.355	44.4	1068.1	1023.8	128.0	
264	Spectrogram 1	1	AU-BS02a-140906-033000.wav	16853.463	16853.774	0.311	15.8	897.0	881.1	16.0	
265	Spectrogram 1	1	AU-BS02a-140906-033000.wav	16854.040	16854.262	0.222	15.8	1828.8	1813.0	48.0	
266	Spectrogram 1	1	AU-BS02a-140906-033000.wav	16858.925	16859.147	0.222	38.0	1106.2	1068.1	48.0	
267	Spectrogram 1	1	AU-BS02a-140906-033000.wav	16859.325	16859.591	0.266	6.3	1055.5	1049.1	16.0	
268	Spectrogram 1	1	AU-BS02a-140906-034000.wav	17121.198	17121.464	0.266	15.8	694.1	678.3	16.0	start pattern
269	Spectrogram 1	1	AU-BS02a-140906-034000.wav	17121.686	17121.908	0.222	15.8	472.3	456.4	128.0	
270	Spectrogram 1	1	AU-BS02a-140906-034000.wav	17130.746	17130.968	0.222	28.5	1876.4	1847.9	160.0	
271	Spectrogram 1	1	AU-BS02a-140906-034000.wav	17131.235	17131.457	0.222	31.7	1137.9	1106.2	64.0	
272	Spectrogram 1	1	AU-BS02a-140906-034000.wav	17135.876	17136.098	0.222	15.8	1638.7	1622.8	16.0	
273	Spectrogram 1	1	AU-BS02a-140906-034000.wav	17136.298	17136.564	0.266	44.4	1492.9	1448.5	64.0	
274	Spectrogram 1	1	AU-BS02a-140906-034000.wav	17140.961	17141.183	0.222	47.5	1128.4	1080.8	240.0	
275	Spectrogram 1	1	AU-BS02a-140906-034000.wav	17141.449	17141.671	0.222	28.5	1134.7	1106.2	64.0	
276	Spectrogram 1	1	AU-BS02a-140906-034000.wav	17145.935	17146.201	0.266	38.0	1125.2	1087.2	256.0	
277	Spectrogram 1	1	AU-BS02a-140906-034000.wav	17146.379	17146.601	0.222	34.9	1118.9	1084.0	128.0	
278	Spectrogram 1	1	AU-BS02a-140906-034000.wav	17150.998	17151.220	0.222	44.4	1039.6	995.2	256.0	
279	Spectrogram 1	1	AU-BS02a-140906-034000.wav	17151.486	17151.708	0.222	41.2	1042.8	1001.6	64.0	
280	Spectrogram 1	1	AU-BS02a-140906-034000.wav	17156.016	17156.238	0.222	57.1	1188.6	1131.5	240.0	
281	Spectrogram 1	1	AU-BS02a-140906-034000.wav	17156.505	17156.727	0.222	41.2	1163.2	1122.0	48.0	
282	Spectrogram 1	1	AU-BS02a-140906-034000.wav	17161.168	17161.390	0.222	41.2	1137.9	1096.7	48.0	
283	Spectrogram 1	1	AU-BS02a-140906-034000.wav	17161.701	17161.923	0.222	38.0	1106.2	1068.1	48.0	
284	Spectrogram 1	1	AU-BS02a-140906-034000.wav	17341.061	17341.328	0.266	31.7	1052.3	1020.6	48.0	start pattern
285	Spectrogram 1	1	AU-BS02a-140906-034000.wav	17341.550	17341.816	0.266	15.8	1001.6	985.7	128.0	
286	Spectrogram 1	1	AU-BS02a-140906-034000.wav	17350.699	17350.965	0.266	34.9	938.2	903.3	208.0	
287	Spectrogram 1	1	AU-BS02a-140906-034000.wav	17351.209	17351.432	0.222	36.5	958.8	922.3	48.0	
288	Spectrogram 1	1	AU-BS02a-140906-034000.wav	17355.762	17356.028	0.266	53.9	1217.1	1163.2	224.0	
289	Spectrogram 1	1	AU-BS02a-140906-034000.wav	17356.295	17356.561	0.266	22.2	862.1	839.9	64.0	
290	Spectrogram 1	1	AU-BS02a-140906-034000.wav	17360.780	17361.047	0.266	38.0	1109.4	1071.3	48.0	
291	Spectrogram 1	1	AU-BS02a-140906-034000.wav	17361.269	17361.580	0.311	41.2	912.8	871.6	240.0	
292	Spectrogram 1	1	AU-BS02a-140906-034000.wav	17365.843	17366.154	0.311	38.0	947.7	909.7	48.0	
293	Spectrogram 1	1	AU-BS02a-140906-034000.wav	17366.376	17366.642	0.266	38.0	960.4	922.3	208.0	
294	Spectrogram 1	1	AU-BS02a-140906-034000.wav	17370.906	17371.217	0.311	53.9	776.5	722.7	192.0	
295	Spectrogram 1	1	AU-BS02a-140906-034000.wav	17371.439	17371.705	0.266	47.5	782.9	735.3	176.0	
296	Spectrogram 1	1	AU-BS02a-140906-034000.wav	17376.058	17376.324	0.266	57.1	627.6	570.5	160.0	
297	Spectrogram 1	1	AU-BS02a-140906-034000.wav	17376.480	17376.791	0.311	57.1	1286.8	1229.8	176.0	
298	Spectrogram 1	1	AU-BS02a-140906-034000.wav	17381.032	17381.343	0.311	53.9	630.7	576.9	144.0	
299	Spectrogram 1	1	AU-BS02a-140906-034000.wav	17381.609	17381.876	0.266	34.9	1160.1	1125.2	48.0	
300	Spectrogram 1	1	AU-BS02a-140906-034000.wav	17386.050	17386.317	0.266	60.2	1261.5	1201.3	160.0	
301	Spectrogram 1	1	AU-BS02a-140906-034000.wav	17386.539	17386.805	0.266	63.4	1464.3	1401.0	64.0	
302	Spectrogram 1	1	AU-BS02a-140906-035000.wav	17728.832	17729.054	0.222	19.0	450.1	431.1	48.0	start pattern
303	Spectrogram 1	1	AU-BS02a-140906-035000.wav	17729.343	17729.565	0.222	20.6	935.0	914.4	80.0	
304	Spectrogram 1	1	AU-BS02a-140906-035000.wav	17738.292	17738.558	0.266	31.7	1426.3	1394.6	32.0	
305	Spectrogram 1	1	AU-BS02a-140906-035000.wav	17738.825	17739.091	0.266	39.6	1412.0	1372.4	64.0	
306	Spectrogram 1	1	AU-BS02a-140906-035000.wav	17743.443	17743.710	0.266	44.4	1762.3	1717.9	48.0	
307	Spectrogram 1	1	AU-BS02a-140906-035000.wav	17743.932	17744.198	0.266	47.5	1109.4	1061.8	48.0	
308	Spectrogram 1	1	AU-BS02a-140906-035000.wav	17748.506	17748.773	0.266	41.2	1375.6	1334.4	64.0	
309	Spectrogram 1	1	AU-BS02a-140906-035000.wav	17749.084	17749.350	0.266	41.2	1207.6	1166.4	48.0	
310	Spectrogram 1	1	AU-BS02a-140906-035000.wav	17753.547	17753.769	0.222	26.9	1160.1	1133.1	160.0	
311	Spectrogram 1	1	AU-BS02a-140906-035000.wav	17753.991	17754.302	0.311	25.4	1039.6	1014.3	128.0	
312	Spectrogram 1	1	AU-BS02a-140906-035000.wav	17758.543	17758.810	0.266	53.9	1521.4	1467.5	64.0	
313	Spectrogram 1	1	AU-BS02a-140906-035000.wav	17759.032	17759.343	0.311	50.7	1429.5	1378.8	64.0	
314	Spectrogram 1	1	AU-BS02a-140906-035000.wav	17763.606	17763.873	0.266	9.5	1324.9	1315.4	16.0	
315	Spectrogram 1	1	AU-BS02a-140906-035000.wav	17764.184	17764.450	0.266	28.5	1334.4	1305.9	176.0	
316	Spectrogram 1	1	AU-BS02a-140906-035000.wav	17985.420	17985.642	0.222	44.4	1271.0	1226.6	48.0	start pattern
317	Spectrogram 1	1	AU-BS02a-140906-035000.wav	17985.908	17986.130	0.222	25.4	1182.3	1156.9	128.0	
318	Spectrogram 1	1	AU-BS02a-140906-035000.wav	17994.924	17995.146	0.222	57.1	1388.3	1331.2	64.0	
319	Spectrogram 1	1	AU-BS02a-140906-035000.wav	17995.434	17995.723	0.289	44.4	1515.1	1470.7	48.0	
320	Spectrogram 1	1	AU-BS02a-140906-035000.wav	18000.031	18000.298	0.266	76.1	1093.5	1017.4	96.0	
321	Spectrogram 1	1	AU-BS02a-140906-035000.wav	18000.564	18000.875	0.311	34.9	1508.7	1473.9	192.0	
322	Spectrogram 1	1	AU-BS02a-140906-035000.wav	18005.050	18005.360	0.311	15.8	1917.6	1901.7	16.0	
323	Spectrogram 1	1	AU-BS02a-140906-035000.wav	18005.583	18005.893	0.311	28.5	1958.8	1930.3	48.0	
324	Spectrogram 1	1	AU-BS02a-140906-035000.wav	18010.157	18010.423	0.266	47.5	1213.9	1166.4	48.0	
325	Spectrogram 1	1	AU-BS02a-140906-035000.wav	18010.645	18010.912	0.266	44.4	1017.4	973.1	48.0	
326	Spectrogram 1	1	AU-BS02a-140906-035000.wav	18015.131	18015.397	0.266	66.6	741.7	675.1	192.0	
327	Spectrogram 1	1	AU-BS02a-140906-035000.wav	18015.575	18015.842	0.266	66.6	741.7	675.1	176.0	
328	Spectrogram 1	1	AU-BS02a-140906-035000.wav	18020.238	18020.505	0.266	57.1	754.4	697.3	64.0	
329	Spectrogram 1	1	AU-BS02a-140906-035000.wav	18020.771	18020.993	0.222	69.7	919.2	849.4	112.0	
330	Spectrogram 1	1	AU-BS02a-140906-035000.wav	18025.346	18025.657	0.311	50.7	751.2	700.5	64.0	
331	Spectrogram 1	1	AU-BS02a-140906-035000.wav	18025.879	18026.189	0.311	53.9	1207.6	1153.7	208.0	
332	Spectrogram 1	1	AU-BS02a-140906-035000.wav	18201.953	18202.175	0.222	58.6	1090.3	1031.7	64.0	start pattern
333	Spectrogram 1	1	AU-BS02a-140906-035000.wav	18202.419	18202.663	0.244	53.9	912.8	859.0	64.0	
334	Spectrogram 1	1	AU-BS02a-140906-035000.wav	18211.368	18211.634	0.266	69.7	1467.5	1397.8	288.0	
335	Spectrogram 1	1	AU-BS02a-140906-035000.wav	18211.856	18212.123	0.266	42.8	1484.9	1442.2	48.0	
336	Spectrogram 1	1	AU-BS02a-140906-035000.wav	18216.475	18216.786	0.311	38.0	1717.9	1679.9	48.0	
337	Spectrogram 1	1	AU-BS02a-140906-035000.wav	18217.030	18217.341	0.311	49.1	1123.6	1074.5	80.0	
338	Spectrogram 1	1	AU-BS02a-140906-035000.wav	18221.560	18221.805	0.244	46.0	1362.9	1317.0	48.0	
339	Spectrogram 1	1	AU-BS02a-140906-035000.wav	18222.027	18222.293	0.266	39.6	1266.2	1226.6	48.0	
340	Spectrogram 1	1	AU-BS02a-140906-035000.wav	18226.668	18226.979	0.311	57.1	1068.1	1011.1	192.0	
341	Spectrogram 1	1	AU-BS02a-140906-035000.wav	18227.201	18227.511	0.311	66.6	995.2	928.7	144.0	
342	Spectrogram 1	1	AU-BS02a-140906-035000.wav	18231.708	18231.975	0.266	50.7	1280.5	1229.8	176.0	
343	Spectrogram 1	1	AU-BS02a-140906-035000.wav	18232.197	18232.463	0.266	66.6	1220.3	1153.7	112.0	
344	Spectrogram 1	1	AU-BS02a-140906-035000.wav	18236.727	18236.993	0.266	50.7	1492.9	1442.2	192.0	
345	Spectrogram 1	1	AU-BS02a-140906-035000.wav	18237.260	18237.571	0.311	47.5	1629.2	1581.6	48.0	
346	Spectrogram 1	1	AU-BS02a-140906-040000.wav	18425.769	18425.991	0.222	31.7	1556.3	1524.6	32.0	start pattern
347	Spectrogram 1	1	AU-BS02a-140906-040000.wav	18426.213	18426.480	0.266	25.4	735.3	710.0	160.0	
348	Spectrogram 1	1	AU-BS02a-140906-040000.wav	18435.362	18435.584	0.222	22.2	1226.6	1204.4	32.0	
349	Spectrogram 1	1	AU-BS02a-140906-040000.wav	18435.806	18436.073	0.266	22.2	1217.1	1194.9	160.0	
350	Spectrogram 1	1	AU-BS02a-140906-040000.wav	18440.514	18440.780	0.266	22.2	1099.8	1077.7	64.0	
351	Spectrogram 1	1	AU-BS02a-140906-040000.wav	18441.047	18441.358	0.311	22.2	1112.5	1090.3	144.0	
352	Spectrogram 1	1	AU-BS02a-140906-040000.wav	18445.532	18445.843	0.311	44.4	779.7	735.3	48.0	
353	Spectrogram 1	1	AU-BS02a-140906-040000.wav	18446.021	18446.332	0.311	41.2	941.4	900.2	128.0	
354	Spectrogram 1	1	AU-BS02a-140906-040000.wav	18450.551	18450.862	0.311	69.7	928.7	859.0	80.0	
355	Spectrogram 1	1	AU-BS02a-140906-040000.wav	18451.084	18451.395	0.311	53.9	1093.5	1039.6	112.0	
356	Spectrogram 1	1	AU-BS02a-140906-040000.wav	18455.658	18455.925	0.266	63.4	820.9	757.5	224.0	
357	Spectrogram 1	1	AU-BS02a-140906-040000.wav	18456.102	18456.413	0.311	66.6	814.6	748.0	112.0	
358	Spectrogram 1	1	AU-BS02a-140906-040000.wav	18460.721	18460.987	0.266	79.2	998.4	919.2	224.0	
359	Spectrogram 1	1	AU-BS02a-140906-040000.wav	18461.254	18461.520	0.266	79.2	966.7	887.5	160.0	
360	Spectrogram 1	1	AU-BS02a-140906-040000.wav	18465.673	18466.006	0.333	69.7	925.5	855.8	224.0	
361	Spectrogram 1	1	AU-BS02a-140906-040000.wav	18466.317	18466.583	0.266	61.8	1072.9	1011.1	128.0	
362	Spectrogram 1	1	AU-BS02a-140906-043000.wav	20608.330	20608.552	0.222	44.4	1486.5	1442.2	144.0	start pattern
363	Spectrogram 1	1	AU-BS02a-140906-043000.wav	20608.774	20609.041	0.266	31.7	1445.3	1413.6	64.0	
364	Spectrogram 1	1	AU-BS02a-140906-043000.wav	20617.990	20618.212	0.222	31.7	1296.4	1264.7	128.0	
365	Spectrogram 1	1	AU-BS02a-140906-043000.wav	20618.456	20618.678	0.222	41.2	1267.8	1226.6	64.0	
366	Spectrogram 1	1	AU-BS02a-140906-043000.wav	20623.075	20623.341	0.266	41.2	1721.1	1679.9	272.0	
367	Spectrogram 1	1	AU-BS02a-140906-043000.wav	20623.608	20623.830	0.222	34.9	1122.0	1087.2	64.0	
368	Spectrogram 1	1	AU-BS02a-140906-043000.wav	20628.093	20628.360	0.266	47.5	1267.8	1220.3	144.0	
369	Spectrogram 1	1	AU-BS02a-140906-043000.wav	20628.537	20628.848	0.311	31.7	1407.3	1375.6	48.0	
370	Spectrogram 1	1	AU-BS02a-140906-043000.wav	20633.152	20633.374	0.222	25.4	1252.0	1226.6	32.0	
371	Spectrogram 1	1	AU-BS02a-140906-043000.wav	20633.596	20633.862	0.266	25.4	824.1	798.7	144.0	
372	Spectrogram 1	1	AU-BS02a-140906-043000.wav	20638.237	20638.459	0.222	22.2	1188.6	1166.4	160.0	
373	Spectrogram 1	1	AU-BS02a-140906-043000.wav	20638.748	20638.970	0.222	28.5	1169.6	1141.0	160.0	
374	Spectrogram 1	1	AU-BS02a-140906-043000.wav	20643.366	20643.633	0.266	19.0	1600.6	1581.6	48.0	
375	Spectrogram 1	1	AU-BS02a-140906-043000.wav	20643.855	20644.121	0.266	15.8	668.8	652.9	48.0	
376	Spectrogram 1	1	AU-BS02a-140906-043000.wav	20648.607	20648.873	0.266	22.2	1407.3	1385.1	64.0	
377	Spectrogram 1	1	AU-BS02a-140906-043000.wav	20649.051	20649.362	0.311	41.2	1312.2	1271.0	256.0	
378	Spectrogram 1	1	AU-BS02a-140906-044000.wav	20927.756	20927.933	0.178	53.9	1442.2	1388.3	128.0	start pattenr
379	Spectrogram 1	1	AU-BS02a-140906-044000.wav	20928.200	20928.466	0.266	31.7	1172.7	1141.0	64.0	
380	Spectrogram 1	1	AU-BS02a-140906-044000.wav	20937.349	20937.571	0.222	31.7	1445.3	1413.6	128.0	
381	Spectrogram 1	1	AU-BS02a-140906-044000.wav	20937.793	20938.059	0.266	34.9	1458.0	1423.1	64.0	
382	Spectrogram 1	1	AU-BS02a-140906-044000.wav	20942.412	20942.634	0.222	31.7	1099.8	1068.1	64.0	
383	Spectrogram 1	1	AU-BS02a-140906-044000.wav	20942.900	20943.167	0.266	28.5	1084.0	1055.5	64.0	
384	Spectrogram 1	1	AU-BS02a-140906-044000.wav	20947.474	20947.741	0.266	22.2	1543.6	1521.4	32.0	
385	Spectrogram 1	1	AU-BS02a-140906-044000.wav	20948.007	20948.274	0.266	28.5	1556.3	1527.7	32.0	
386	Spectrogram 1	1	AU-BS02a-140906-044000.wav	20952.604	20952.804	0.200	25.4	1381.9	1356.6	48.0	
387	Spectrogram 1	1	AU-BS02a-140906-044000.wav	20953.070	20953.337	0.266	30.1	1058.6	1028.5	64.0	
388	Spectrogram 1	1	AU-BS02a-140906-044000.wav	20957.734	20958.000	0.266	50.7	843.1	792.4	64.0	
389	Spectrogram 1	1	AU-BS02a-140906-044000.wav	20958.222	20958.489	0.266	31.7	1217.1	1185.4	48.0	
390	Spectrogram 1	1	AU-BS02a-140906-044000.wav	21124.352	21124.574	0.222	38.0	1318.5	1280.5	128.0	start pattern
391	Spectrogram 1	1	AU-BS02a-140906-044000.wav	21124.796	21125.063	0.266	19.0	1483.4	1464.3	64.0	
392	Spectrogram 1	1	AU-BS02a-140906-044000.wav	21134.167	21134.389	0.222	19.0	1413.6	1394.6	128.0	
393	Spectrogram 1	1	AU-BS02a-140906-044000.wav	21134.656	21134.878	0.222	22.2	1394.6	1372.4	208.0	
394	Spectrogram 1	1	AU-BS02a-140906-044000.wav	21139.363	21139.585	0.222	41.2	1378.8	1337.6	272.0	
395	Spectrogram 1	1	AU-BS02a-140906-044000.wav	21139.896	21140.118	0.222	31.7	1369.3	1337.6	48.0	
396	Spectrogram 1	1	AU-BS02a-140906-044000.wav	21144.444	21144.666	0.222	33.3	1461.2	1427.9	64.0	
397	Spectrogram 1	1	AU-BS02a-140906-044000.wav	21144.910	21145.132	0.222	44.4	1366.1	1321.7	272.0	
398	Spectrogram 1	1	AU-BS02a-140906-044000.wav	21149.551	21149.773	0.222	25.4	1141.0	1115.7	80.0	
399	Spectrogram 1	1	AU-BS02a-140906-044000.wav	21149.973	21150.195	0.222	15.8	1065.0	1049.1	64.0	
400	Spectrogram 1	1	AU-BS02a-140906-044000.wav	21154.459	21154.725	0.266	38.0	893.8	855.8	304.0	
401	Spectrogram 1	1	AU-BS02a-140906-044000.wav	21154.947	21155.214	0.266	41.2	878.0	836.8	64.0	
402	Spectrogram 1	1	AU-BS02a-140906-044000.wav	21159.566	21159.877	0.311	41.2	1131.5	1090.3	160.0	
403	Spectrogram 1	1	AU-BS02a-140906-044000.wav	21160.144	21160.454	0.311	44.4	979.4	935.0	176.0	
404	Spectrogram 1	1	AU-BS02a-140906-045000.wav	21350.434	21350.656	0.222	31.7	1166.4	1134.7	128.0	start pattern
405	Spectrogram 1	1	AU-BS02a-140906-045000.wav	21350.922	21351.189	0.266	25.4	700.5	675.1	64.0	
406	Spectrogram 1	1	AU-BS02a-140906-045000.wav	21360.244	21360.466	0.222	38.0	1362.9	1324.9	128.0	
407	Spectrogram 1	1	AU-BS02a-140906-045000.wav	21360.644	21360.910	0.266	33.3	1120.4	1087.2	64.0	
408	Spectrogram 1	1	AU-BS02a-140906-045000.wav	21365.440	21365.618	0.178	34.9	684.6	649.8	112.0	
409	Spectrogram 1	1	AU-BS02a-140906-045000.wav	21365.885	21366.151	0.266	33.3	1107.8	1074.5	64.0	
410	Spectrogram 1	1	AU-BS02a-140906-045000.wav	21370.548	21370.814	0.266	25.4	1324.9	1299.5	96.0	
411	Spectrogram 1	1	AU-BS02a-140906-045000.wav	21371.058	21371.281	0.222	25.4	1299.5	1274.2	208.0	
412	Spectrogram 1	1	AU-BS02a-140906-045000.wav	21375.655	21375.922	0.266	23.8	1188.6	1164.8	32.0	
413	Spectrogram 1	1	AU-BS02a-140906-045000.wav	21376.144	21376.410	0.266	25.4	1191.8	1166.4	192.0	
414	Spectrogram 1	1	AU-BS02a-140906-045000.wav	21380.585	21380.851	0.266	41.2	801.9	760.7	176.0	
415	Spectrogram 1	1	AU-BS02a-140906-045000.wav	21381.073	21381.384	0.311	28.5	843.1	814.6	272.0	
416	Spectrogram 1	1	AU-BS02a-140906-045000.wav	21385.736	21386.003	0.266	25.4	1093.5	1068.1	48.0	
417	Spectrogram 1	1	AU-BS02a-140906-045000.wav	21386.269	21386.536	0.266	28.5	1090.3	1061.8	208.0	
418	Spectrogram 1	1	AU-BS02a-140906-045000.wav	21555.420	21555.642	0.222	31.7	716.3	684.6	144.0	start pattern
419	Spectrogram 1	1	AU-BS02a-140906-045000.wav	21555.886	21556.086	0.200	20.6	944.5	923.9	80.0	
420	Spectrogram 1	1	AU-BS02a-140906-045000.wav	21564.946	21565.168	0.222	44.4	1369.3	1324.9	112.0	
421	Spectrogram 1	1	AU-BS02a-140906-045000.wav	21565.412	21565.634	0.222	34.9	1362.9	1328.1	64.0	
422	Spectrogram 1	1	AU-BS02a-140906-045000.wav	21569.987	21570.253	0.266	34.9	1252.0	1217.1	96.0	
423	Spectrogram 1	1	AU-BS02a-140906-045000.wav	21570.497	21570.719	0.222	30.1	1218.7	1188.6	64.0	
424	Spectrogram 1	1	AU-BS02a-140906-045000.wav	21575.090	21575.356	0.266	22.2	1477.0	1454.8	96.0	
425	Spectrogram 1	1	AU-BS02a-140906-045000.wav	21575.534	21575.800	0.266	31.7	1362.9	1331.2	64.0	
426	Spectrogram 1	1	AU-BS02a-140906-045000.wav	21580.175	21580.397	0.222	26.9	797.1	770.2	96.0	
427	Spectrogram 1	1	AU-BS02a-140906-045000.wav	21580.641	21580.863	0.222	22.2	773.4	751.2	64.0	
428	Spectrogram 1	1	AU-BS02a-140906-045000.wav	21585.171	21585.482	0.311	38.0	744.8	706.8	272.0	
429	Spectrogram 1	1	AU-BS02a-140906-045000.wav	21585.748	21586.015	0.266	34.9	491.3	456.4	160.0	
430	Spectrogram 1	1	AU-BS02a-140906-045000.wav	21590.278	21590.545	0.266	34.9	919.2	884.3	208.0	
431	Spectrogram 1	1	AU-BS02a-140906-045000.wav	21590.856	21591.078	0.222	34.9	897.0	862.1	160.0	
432	Spectrogram 1	1	AU-BS02a-140906-045000.wav	21595.474	21595.741	0.266	28.5	792.4	763.9	272.0	
433	Spectrogram 1	1	AU-BS02a-140906-045000.wav	21596.074	21596.385	0.311	23.8	781.3	757.5	272.0	
434	Spectrogram 1	1	AU-BS02a-140906-045000.wav	21771.508	21771.775	0.266	31.7	998.4	966.7	48.0	start pattern
435	Spectrogram 1	1	AU-BS02a-140906-045000.wav	21771.997	21772.263	0.266	34.9	871.6	836.8	128.0	
436	Spectrogram 1	1	AU-BS02a-140906-045000.wav	21781.235	21781.457	0.222	34.9	1118.9	1084.0	112.0	
437	Spectrogram 1	1	AU-BS02a-140906-045000.wav	21781.679	21781.945	0.266	41.2	1084.0	1042.8	272.0	
438	Spectrogram 1	1	AU-BS02a-140906-045000.wav	21786.342	21786.608	0.266	25.4	1074.5	1049.1	32.0	
439	Spectrogram 1	1	AU-BS02a-140906-045000.wav	21786.875	21787.186	0.311	34.9	1004.8	969.9	64.0	
440	Spectrogram 1	1	AU-BS02a-140906-045000.wav	21791.489	21791.756	0.266	50.7	1007.9	957.2	272.0	
441	Spectrogram 1	1	AU-BS02a-140906-045000.wav	21791.933	21792.200	0.266	50.7	995.2	944.5	64.0	
442	Spectrogram 1	1	AU-BS02a-140906-045000.wav	21796.552	21796.819	0.266	34.9	928.7	893.8	272.0	
443	Spectrogram 1	1	AU-BS02a-140906-045000.wav	21797.085	21797.352	0.266	41.2	935.0	893.8	272.0	
444	Spectrogram 1	1	AU-BS02a-140906-045000.wav	21801.659	21801.926	0.266	38.0	995.2	957.2	48.0	
445	Spectrogram 1	1	AU-BS02a-140906-045000.wav	21802.059	21802.326	0.266	25.4	976.2	950.9	32.0	
446	Spectrogram 1	1	AU-BS02a-140906-045000.wav	21806.811	21807.078	0.266	38.0	881.1	843.1	272.0	
447	Spectrogram 1	1	AU-BS02a-140906-045000.wav	21807.300	21807.566	0.266	31.7	855.8	824.1	128.0	
448	Spectrogram 1	1	AU-BS02a-140906-045000.wav	21812.007	21812.274	0.266	28.5	916.0	887.5	32.0	
449	Spectrogram 1	1	AU-BS02a-140906-045000.wav	21812.540	21812.762	0.222	28.5	884.3	855.8	32.0	
450	Spectrogram 1	1	AU-BS02a-140906-050000.wav	22004.736	22004.958	0.222	44.4	1331.2	1286.8	304.0	start pattern
451	Spectrogram 1	1	AU-BS02a-140906-050000.wav	22005.224	22005.446	0.222	25.4	1252.0	1226.6	160.0	
452	Spectrogram 1	1	AU-BS02a-140906-050000.wav	22014.373	22014.595	0.222	19.0	1049.1	1030.1	272.0	
453	Spectrogram 1	1	AU-BS02a-140906-050000.wav	22014.817	22015.084	0.266	25.4	1071.3	1046.0	160.0	
454	Spectrogram 1	1	AU-BS02a-140906-050000.wav	22019.392	22019.658	0.266	28.5	1350.2	1321.7	208.0	
455	Spectrogram 1	1	AU-BS02a-140906-050000.wav	22019.924	22020.191	0.266	25.4	925.5	900.2	64.0	
456	Spectrogram 1	1	AU-BS02a-140906-050000.wav	22024.366	22024.632	0.266	25.4	1293.2	1267.8	272.0	
457	Spectrogram 1	1	AU-BS02a-140906-050000.wav	22024.854	22025.121	0.266	22.2	1264.7	1242.5	64.0	
458	Spectrogram 1	1	AU-BS02a-140906-050000.wav	22029.473	22029.695	0.222	22.2	1198.1	1175.9	144.0	
459	Spectrogram 1	1	AU-BS02a-140906-050000.wav	22030.006	22030.272	0.266	41.2	1175.9	1134.7	64.0	
460	Spectrogram 1	1	AU-BS02a-140906-050000.wav	22034.358	22034.669	0.311	19.0	916.0	897.0	272.0	
461	Spectrogram 1	1	AU-BS02a-140906-050000.wav	22034.936	22035.202	0.266	26.9	873.2	846.3	48.0	
462	Spectrogram 1	1	AU-BS02a-140906-050000.wav	22039.554	22039.821	0.266	15.8	776.5	760.7	16.0	
463	Spectrogram 1	1	AU-BS02a-140906-050000.wav	22040.087	22040.398	0.311	38.0	805.1	767.0	128.0	
464	Spectrogram 1	1	AU-BS02a-140906-050000.wav	22044.617	22044.928	0.311	28.5	1543.6	1515.1	272.0	
465	Spectrogram 1	1	AU-BS02a-140906-050000.wav	22045.150	22045.461	0.311	25.4	1537.2	1511.9	272.0	
466	Spectrogram 1	1	AU-BS02a-140906-050000.wav	22216.961	22217.183	0.222	19.0	950.9	931.9	144.0	start pattern
467	Spectrogram 1	1	AU-BS02a-140906-050000.wav	22217.449	22217.671	0.222	15.8	633.9	618.1	160.0	
468	Spectrogram 1	1	AU-BS02a-140906-050000.wav	22226.465	22226.642	0.178	25.4	1122.0	1096.7	144.0	
469	Spectrogram 1	1	AU-BS02a-140906-050000.wav	22226.909	22227.175	0.266	12.7	1125.2	1112.5	176.0	
470	Spectrogram 1	1	AU-BS02a-140906-050000.wav	22231.483	22231.750	0.266	25.4	1112.5	1087.2	272.0	
471	Spectrogram 1	1	AU-BS02a-140906-050000.wav	22231.927	22232.194	0.266	28.5	1096.7	1068.1	128.0	
472	Spectrogram 1	1	AU-BS02a-140906-050000.wav	22236.502	22236.768	0.266	15.8	1084.0	1068.1	288.0	
473	Spectrogram 1	1	AU-BS02a-140906-050000.wav	22236.990	22237.257	0.266	28.5	1055.5	1026.9	64.0	
474	Spectrogram 1	1	AU-BS02a-140906-050000.wav	22241.609	22241.876	0.266	25.4	1036.5	1011.1	288.0	
475	Spectrogram 1	1	AU-BS02a-140906-050000.wav	22242.098	22242.409	0.311	12.7	1017.4	1004.8	144.0	
476	Spectrogram 1	1	AU-BS02a-140906-050000.wav	22246.716	22246.939	0.222	22.2	957.2	935.0	272.0	
477	Spectrogram 1	1	AU-BS02a-140906-050000.wav	22247.205	22247.427	0.222	22.2	944.5	922.3	128.0	
478	Spectrogram 1	1	AU-BS02a-140906-050000.wav	22251.779	22252.046	0.266	38.0	976.2	938.2	48.0	
479	Spectrogram 1	1	AU-BS02a-140906-050000.wav	22252.224	22252.490	0.266	38.0	912.8	874.8	48.0	
480	Spectrogram 1	1	AU-BS02a-140906-050000.wav	22256.887	22257.153	0.266	31.7	1233.0	1201.3	32.0	
481	Spectrogram 1	1	AU-BS02a-140906-050000.wav	22257.242	22257.508	0.266	41.2	1458.0	1416.8	64.0	
482	Spectrogram 1	1	AU-BS02a-140906-050000.wav	22262.083	22262.305	0.222	53.9	1239.3	1185.4	64.0	
483	Spectrogram 1	1	AU-BS02a-140906-050000.wav	22262.483	22262.749	0.266	50.7	1252.0	1201.3	112.0	
484	Spectrogram 1	1	AU-BS02a-140906-050000.wav	22432.206	22432.383	0.178	22.2	801.9	779.7	32.0	start pattern
485	Spectrogram 1	1	AU-BS02a-140906-050000.wav	22432.650	22432.916	0.266	9.5	792.4	782.9	64.0	
486	Spectrogram 1	1	AU-BS02a-140906-050000.wav	22441.754	22441.976	0.222	31.7	1857.4	1825.7	192.0	
487	Spectrogram 1	1	AU-BS02a-140906-050000.wav	22442.198	22442.465	0.266	41.2	1838.4	1797.1	64.0	
488	Spectrogram 1	1	AU-BS02a-140906-050000.wav	22446.884	22447.106	0.222	36.5	1683.0	1646.6	80.0	
489	Spectrogram 1	1	AU-BS02a-140906-050000.wav	22447.350	22447.572	0.222	44.4	1689.4	1645.0	176.0	
490	Spectrogram 1	1	AU-BS02a-140906-050000.wav	22451.880	22452.102	0.222	28.5	1283.7	1255.2	32.0	
491	Spectrogram 1	1	AU-BS02a-140906-050000.wav	22452.369	22452.591	0.222	31.7	1290.0	1258.3	32.0	
492	Spectrogram 1	1	AU-BS02a-140906-050000.wav	22456.810	22457.121	0.311	19.0	868.5	849.4	272.0	
493	Spectrogram 1	1	AU-BS02a-140906-050000.wav	22457.343	22457.654	0.311	22.2	798.7	776.5	64.0	
494	Spectrogram 1	1	AU-BS02a-140906-050000.wav	22461.961	22462.272	0.311	19.0	757.5	738.5	272.0	
495	Spectrogram 1	1	AU-BS02a-140906-050000.wav	22462.539	22462.805	0.266	28.5	586.4	557.8	128.0	
496	Spectrogram 1	1	AU-BS02a-140906-050000.wav	22467.069	22467.380	0.311	28.5	1198.1	1169.6	272.0	
497	Spectrogram 1	1	AU-BS02a-140906-050000.wav	22467.602	22467.824	0.222	12.7	1179.1	1166.4	16.0	
498	Spectrogram 1	1	AU-BS02a-140906-050000.wav	22472.354	22472.576	0.222	31.7	1169.6	1137.9	64.0	
499	Spectrogram 1	1	AU-BS02a-140906-050000.wav	22472.842	22473.064	0.222	28.5	1163.2	1134.7	272.0	
500	Spectrogram 1	1	AU-BS02a-140906-051000.wav	22644.169	22644.435	0.266	28.5	1391.4	1362.9	32.0	start pattern
501	Spectrogram 1	1	AU-BS02a-140906-051000.wav	22644.679	22644.902	0.222	28.5	1175.9	1147.4	80.0	
502	Spectrogram 1	1	AU-BS02a-140906-051000.wav	22653.757	22654.024	0.266	50.7	1014.3	963.5	80.0	
503	Spectrogram 1	1	AU-BS02a-140906-051000.wav	22654.268	22654.490	0.222	6.3	1420.0	1413.6	64.0	
504	Spectrogram 1	1	AU-BS02a-140906-051000.wav	22658.909	22659.131	0.222	22.2	681.5	659.3	48.0	
505	Spectrogram 1	1	AU-BS02a-140906-051000.wav	22659.397	22659.664	0.266	9.5	1068.1	1058.6	64.0	
506	Spectrogram 1	1	AU-BS02a-140906-051000.wav	22664.016	22664.238	0.222	25.4	1198.1	1172.7	64.0	
507	Spectrogram 1	1	AU-BS02a-140906-051000.wav	22664.460	22664.727	0.266	22.2	1198.1	1175.9	64.0	
508	Spectrogram 1	1	AU-BS02a-140906-051000.wav	22669.035	22669.301	0.266	22.2	957.2	935.0	48.0	
509	Spectrogram 1	1	AU-BS02a-140906-051000.wav	22669.568	22669.879	0.311	25.4	944.5	919.2	128.0	
510	Spectrogram 1	1	AU-BS02a-140906-051000.wav	22674.142	22674.409	0.266	28.5	1302.7	1274.2	32.0	
511	Spectrogram 1	1	AU-BS02a-140906-051000.wav	22674.631	22674.897	0.266	25.4	1233.0	1207.6	64.0	
512	Spectrogram 1	1	AU-BS02a-140906-051000.wav	22679.249	22679.471	0.222	25.4	662.4	637.1	32.0	
513	Spectrogram 1	1	AU-BS02a-140906-051000.wav	22679.782	22680.004	0.222	25.4	649.8	624.4	32.0	
514	Spectrogram 1	1	AU-BS02a-140906-051000.wav	22684.224	22684.490	0.266	19.0	627.6	608.6	272.0	
515	Spectrogram 1	1	AU-BS02a-140906-051000.wav	22684.712	22684.934	0.222	15.8	849.4	833.6	208.0	
516	Spectrogram 1	1	AU-BS02a-140906-051000.wav	22689.331	22689.508	0.178	25.4	909.7	884.3	48.0	
517	Spectrogram 1	1	AU-BS02a-140906-051000.wav	22689.864	22690.130	0.266	25.4	1172.7	1147.4	32.0	
