Selection	View	Channel	Begin File	Begin Time (s)	End Time (s)	Delta Time (s)	Low Freq (Hz)	High Freq (Hz)	Delta Freq (Hz)	Peak Freq (Hz)	Notes
1	Spectrogram 1	1	AU-BS02a-120827-040000.wav	167.865	168.406	0.541	36.5	210.0	173.5	120.0	start pattern C
2	Spectrogram 1	1	AU-BS02a-120827-040000.wav	170.617	171.248	0.632	33.5	204.0	170.5	192.0	
3	Spectrogram 1	1	AU-BS02a-120827-040000.wav	173.459	174.045	0.586	27.4	219.2	191.8	48.0	
4	Spectrogram 1	1	AU-BS02a-120827-040000.wav	176.075	176.707	0.632	18.3	204.0	185.7	40.0	
5	Spectrogram 1	1	AU-BS02a-120827-040000.wav	178.511	179.233	0.722	18.3	204.0	185.7	40.0	
6	Spectrogram 1	1	AU-BS02a-120827-040000.wav	181.218	181.895	0.677	30.4	207.0	176.6	40.0	
7	Spectrogram 1	1	AU-BS02a-120827-040000.wav	183.564	184.195	0.632	27.4	188.7	161.3	72.0	
8	Spectrogram 1	1	AU-BS02a-120827-040000.wav	185.820	186.451	0.632	24.4	182.6	158.3	40.0	
9	Spectrogram 1	1	AU-BS02a-120827-040000.wav	188.662	189.293	0.632	18.3	185.7	167.4	56.0	
10	Spectrogram 1	1	AU-BS02a-120827-040000.wav	191.820	192.451	0.632	15.2	194.8	179.6	56.0	
11	Spectrogram 1	1	AU-BS02a-120827-040000.wav	204.699	204.925	0.226	51.8	1050.2	998.5	184.0	start gs
12	Spectrogram 1	1	AU-BS02a-120827-040000.wav	208.602	208.827	0.226	30.4	1823.4	1793.0	624.0	
13	Spectrogram 1	1	AU-BS02a-120827-040000.wav	212.481	212.707	0.226	42.6	1926.9	1884.3	224.0	
14	Spectrogram 1	1	AU-BS02a-120827-040000.wav	216.316	216.541	0.226	24.4	1945.2	1920.9	40.0	
15	Spectrogram 1	1	AU-BS02a-120827-040000.wav	220.195	220.421	0.226	21.3	1610.4	1589.0	208.0	
16	Spectrogram 1	1	AU-BS02a-120827-040000.wav	224.030	224.256	0.226	48.7	1984.8	1936.1	224.0	
17	Spectrogram 1	1	AU-BS02a-120827-040000.wav	227.865	228.090	0.226	42.6	1987.8	1945.2	200.0	
18	Spectrogram 1	1	AU-BS02a-120827-040000.wav	231.609	231.835	0.226	33.5	1993.9	1960.4	208.0	
19	Spectrogram 1	1	AU-BS02a-120827-040000.wav	235.466	235.692	0.226	16.7	1280.1	1263.3	304.0	
20	Spectrogram 1	1	AU-BS02a-120827-040000.wav	239.188	239.414	0.226	36.5	1966.5	1930.0	216.0	
21	Spectrogram 1	1	AU-BS02a-120827-040000.wav	243.023	243.248	0.226	21.3	1899.5	1878.2	112.0	
22	Spectrogram 1	1	AU-BS02a-120827-040000.wav	246.857	247.083	0.226	30.4	1309.0	1278.5	128.0	
23	Spectrogram 1	1	AU-BS02a-120827-040000.wav	250.714	250.940	0.226	39.6	770.2	730.6	136.0	
24	Spectrogram 1	1	AU-BS02a-120827-040000.wav	254.504	254.729	0.226	27.4	1324.2	1296.8	120.0	
25	Spectrogram 1	1	AU-BS02a-120827-040000.wav	258.406	258.632	0.226	30.4	1309.0	1278.5	72.0	
26	Spectrogram 1	1	AU-BS02a-120827-040000.wav	262.195	262.421	0.226	30.4	724.5	694.1	56.0	
27	Spectrogram 1	1	AU-BS02a-120827-040000.wav	266.075	266.346	0.271	39.6	940.6	901.1	112.0	
28	Spectrogram 1	1	AU-BS02a-120827-040000.wav	269.729	270.045	0.316	36.5	1586.0	1549.5	176.0	
29	Spectrogram 1	1	AU-BS02a-120827-040000.wav	273.519	273.744	0.226	30.4	1613.4	1583.0	128.0	end main phrase
30	Spectrogram 1	1	AU-BS02a-120827-040000.wav	288.406	288.632	0.226	27.4	1025.9	998.5	96.0	
31	Spectrogram 1	1	AU-BS02a-120827-040000.wav	292.331	292.602	0.271	21.3	1546.4	1525.1	40.0	
32	Spectrogram 1	1	AU-BS02a-120827-040000.wav	296.504	296.729	0.226	19.8	1204.0	1184.2	40.0	
33	Spectrogram 1	1	AU-BS02a-120827-040000.wav	300.474	300.699	0.226	33.5	1701.7	1668.2	40.0	
34	Spectrogram 1	1	AU-BS02a-120827-040000.wav	304.556	304.827	0.271	36.5	1680.4	1643.8	192.0	
35	Spectrogram 1	1	AU-BS02a-120827-040000.wav	320.165	320.391	0.226	28.9	1586.0	1557.1	168.0	
36	Spectrogram 1	1	AU-BS02a-120827-040000.wav	324.632	324.857	0.226	27.4	1613.4	1586.0	48.0	
37	Spectrogram 1	1	AU-BS02a-120827-040000.wav	328.917	329.188	0.271	32.0	1155.3	1123.3	144.0	end pattern
38	Spectrogram 1	1	AU-BS02a-120827-040000.wav	453.744	454.286	0.541	24.4	216.1	191.8	40.0	start pattern
39	Spectrogram 1	1	AU-BS02a-120827-040000.wav	456.406	456.992	0.586	36.5	210.0	173.5	40.0	
40	Spectrogram 1	1	AU-BS02a-120827-040000.wav	458.707	459.338	0.632	33.5	246.6	213.1	176.0	
41	Spectrogram 1	1	AU-BS02a-120827-040000.wav	461.008	461.594	0.586	33.5	234.4	200.9	48.0	
42	Spectrogram 1	1	AU-BS02a-120827-040000.wav	463.083	463.895	0.812	30.4	225.3	194.8	48.0	
43	Spectrogram 1	1	AU-BS02a-120827-040000.wav	465.519	466.286	0.767	18.3	225.3	207.0	40.0	
44	Spectrogram 1	1	AU-BS02a-120827-040000.wav	467.820	468.586	0.767	24.4	219.2	194.8	48.0	
45	Spectrogram 1	1	AU-BS02a-120827-040000.wav	470.120	470.887	0.767	24.4	200.9	176.6	32.0	
46	Spectrogram 1	1	AU-BS02a-120827-040000.wav	472.737	473.639	0.902	15.2	188.7	173.5	16.0	
47	Spectrogram 1	1	AU-BS02a-120827-040000.wav	476.165	476.932	0.767	21.3	188.7	167.4	24.0	
48	Spectrogram 1	1	AU-BS02a-120827-040000.wav	489.654	489.880	0.226	51.8	1723.0	1671.2	176.0	start gs
49	Spectrogram 1	1	AU-BS02a-120827-040000.wav	493.624	493.805	0.180	28.9	1700.2	1671.2	96.0	
50	Spectrogram 1	1	AU-BS02a-120827-040000.wav	497.504	497.684	0.180	33.5	1993.9	1960.4	104.0	
51	Spectrogram 1	1	AU-BS02a-120827-040000.wav	501.383	501.564	0.180	45.7	1872.1	1826.5	304.0	
52	Spectrogram 1	1	AU-BS02a-120827-040000.wav	505.263	505.444	0.180	27.4	1278.5	1251.1	184.0	
53	Spectrogram 1	1	AU-BS02a-120827-040000.wav	509.188	509.368	0.180	30.4	1939.1	1908.7	576.0	
54	Spectrogram 1	1	AU-BS02a-120827-040000.wav	513.023	513.248	0.226	54.8	1984.8	1930.0	128.0	
55	Spectrogram 1	1	AU-BS02a-120827-040000.wav	516.857	517.083	0.226	33.5	1978.7	1945.2	128.0	
56	Spectrogram 1	1	AU-BS02a-120827-040000.wav	520.647	520.827	0.180	30.4	1987.8	1957.4	160.0	
57	Spectrogram 1	1	AU-BS02a-120827-040000.wav	524.526	524.752	0.226	36.5	1933.0	1896.5	128.0	
58	Spectrogram 1	1	AU-BS02a-120827-040000.wav	528.519	528.744	0.226	32.0	1751.9	1719.9	88.0	
59	Spectrogram 1	1	AU-BS02a-120827-040000.wav	532.376	532.602	0.226	33.5	968.0	934.6	112.0	
60	Spectrogram 1	1	AU-BS02a-120827-040000.wav	536.594	536.729	0.135	32.0	1021.3	989.3	160.0	
61	Spectrogram 1	1	AU-BS02a-120827-040000.wav	540.541	540.767	0.226	30.4	672.8	642.3	160.0	
62	Spectrogram 1	1	AU-BS02a-120827-040000.wav	544.286	544.511	0.226	36.5	307.5	270.9	112.0	
63	Spectrogram 1	1	AU-BS02a-120827-040000.wav	547.985	548.211	0.226	33.5	310.5	277.0	112.0	end main phrase
64	Spectrogram 1	1	AU-BS02a-120827-040000.wav	564.451	564.677	0.226	45.7	1747.3	1701.7	56.0	
65	Spectrogram 1	1	AU-BS02a-120827-040000.wav	568.376	568.602	0.226	45.7	1802.1	1756.5	48.0	
66	Spectrogram 1	1	AU-BS02a-120827-040000.wav	572.436	572.662	0.226	21.3	1841.7	1820.4	192.0	
67	Spectrogram 1	1	AU-BS02a-120827-040000.wav	576.677	576.902	0.226	21.3	1926.9	1905.6	192.0	
68	Spectrogram 1	1	AU-BS02a-120827-040000.wav	581.053	581.278	0.226	42.6	1793.0	1750.4	192.0	end pattern
69	Spectrogram 1	1	AU-BS02a-120827-041000.wav	682.331	682.917	0.586	21.3	197.9	176.6	40.0	start pattern
70	Spectrogram 1	1	AU-BS02a-120827-041000.wav	685.038	685.624	0.586	21.3	210.0	188.7	48.0	
71	Spectrogram 1	1	AU-BS02a-120827-041000.wav	687.835	688.647	0.812	15.2	197.9	182.6	48.0	
72	Spectrogram 1	1	AU-BS02a-120827-041000.wav	690.586	691.173	0.586	33.5	200.9	167.4	40.0	
73	Spectrogram 1	1	AU-BS02a-120827-041000.wav	693.068	693.744	0.677	21.3	213.1	191.8	48.0	
74	Spectrogram 1	1	AU-BS02a-120827-041000.wav	695.729	696.541	0.812	18.3	228.3	210.0	40.0	
75	Spectrogram 1	1	AU-BS02a-120827-041000.wav	698.256	699.023	0.767	18.3	213.1	194.8	32.0	
76	Spectrogram 1	1	AU-BS02a-120827-041000.wav	700.556	701.278	0.722	15.2	219.2	204.0	24.0	
77	Spectrogram 1	1	AU-BS02a-120827-041000.wav	702.857	703.624	0.767	24.4	210.0	185.7	32.0	
78	Spectrogram 1	1	AU-BS02a-120827-041000.wav	705.383	706.015	0.632	21.3	210.0	188.7	120.0	
79	Spectrogram 1	1	AU-BS02a-120827-041000.wav	708.361	709.083	0.722	24.4	210.0	185.7	56.0	
80	Spectrogram 1	1	AU-BS02a-120827-041000.wav	721.602	721.827	0.226	41.1	1937.6	1896.5	224.0	start gs
81	Spectrogram 1	1	AU-BS02a-120827-041000.wav	725.549	725.729	0.180	60.9	1997.0	1936.1	208.0	
82	Spectrogram 1	1	AU-BS02a-120827-041000.wav	729.429	729.609	0.180	33.5	1997.0	1963.5	200.0	
83	Spectrogram 1	1	AU-BS02a-120827-041000.wav	733.218	733.398	0.180	21.3	1997.0	1975.6	208.0	
84	Spectrogram 1	1	AU-BS02a-120827-041000.wav	737.098	737.323	0.226	27.4	1990.9	1963.5	800.0	
85	Spectrogram 1	1	AU-BS02a-120827-041000.wav	740.887	741.113	0.226	33.5	1993.9	1960.4	616.0	
86	Spectrogram 1	1	AU-BS02a-120827-041000.wav	744.722	744.947	0.226	42.6	1704.7	1662.1	472.0	
87	Spectrogram 1	1	AU-BS02a-120827-041000.wav	748.602	748.782	0.180	22.8	1365.3	1342.5	136.0	
88	Spectrogram 1	1	AU-BS02a-120827-041000.wav	752.391	752.617	0.226	18.3	1997.0	1978.7	56.0	
89	Spectrogram 1	1	AU-BS02a-120827-041000.wav	756.316	756.496	0.180	27.4	1997.0	1969.6	160.0	
90	Spectrogram 1	1	AU-BS02a-120827-041000.wav	760.150	760.331	0.180	39.6	1902.6	1863.0	616.0	
91	Spectrogram 1	1	AU-BS02a-120827-041000.wav	763.985	764.165	0.180	33.5	1993.9	1960.4	328.0	
92	Spectrogram 1	1	AU-BS02a-120827-041000.wav	767.865	768.090	0.226	24.4	1993.9	1969.6	144.0	
93	Spectrogram 1	1	AU-BS02a-120827-041000.wav	771.744	771.925	0.180	33.5	1549.5	1516.0	128.0	
94	Spectrogram 1	1	AU-BS02a-120827-041000.wav	775.872	776.098	0.226	13.7	1362.3	1348.6	168.0	
95	Spectrogram 1	1	AU-BS02a-120827-041000.wav	779.865	780.090	0.226	27.4	1242.0	1214.6	144.0	
96	Spectrogram 1	1	AU-BS02a-120827-041000.wav	783.835	784.105	0.271	27.4	1001.5	974.1	192.0	
97	Spectrogram 1	1	AU-BS02a-120827-041000.wav	788.030	788.256	0.226	33.5	1336.4	1302.9	152.0	
98	Spectrogram 1	1	AU-BS02a-120827-041000.wav	791.865	792.045	0.180	39.6	1235.9	1196.3	152.0	end main phrase
99	Spectrogram 1	1	AU-BS02a-120827-041000.wav	806.932	807.158	0.226	54.8	1050.2	995.4	192.0	
100	Spectrogram 1	1	AU-BS02a-120827-041000.wav	811.038	811.308	0.271	28.9	1091.3	1062.4	168.0	
101	Spectrogram 1	1	AU-BS02a-120827-041000.wav	815.053	815.323	0.271	79.1	1707.8	1628.6	192.0	
102	Spectrogram 1	1	AU-BS02a-120827-041000.wav	819.338	819.519	0.180	57.8	1086.8	1028.9	192.0	
103	Spectrogram 1	1	AU-BS02a-120827-041000.wav	823.353	823.624	0.271	36.5	1945.2	1908.7	192.0	
104	Spectrogram 1	1	AU-BS02a-120827-041000.wav	837.293	837.519	0.226	42.6	1473.4	1430.7	192.0	
105	Spectrogram 1	1	AU-BS02a-120827-041000.wav	841.489	841.714	0.226	33.5	1461.2	1427.7	48.0	
106	Spectrogram 1	1	AU-BS02a-120827-041000.wav	845.594	845.865	0.271	30.4	1683.4	1653.0	192.0	
107	Spectrogram 1	1	AU-BS02a-120827-041000.wav	849.880	850.150	0.271	30.4	733.6	703.2	72.0	end pattern
108	Spectrogram 1	1	AU-BS02a-120827-041000.wav	959.504	960.090	0.586	15.2	194.8	179.6	40.0	
109	Spectrogram 1	1	AU-BS02a-120827-041000.wav	962.256	962.842	0.586	18.3	197.9	179.6	48.0	
110	Spectrogram 1	1	AU-BS02a-120827-041000.wav	965.053	965.684	0.632	24.4	210.0	185.7	32.0	
111	Spectrogram 1	1	AU-BS02a-120827-041000.wav	967.218	968.030	0.812	21.3	207.0	185.7	24.0	
112	Spectrogram 1	1	AU-BS02a-120827-041000.wav	969.654	970.286	0.632	15.2	197.9	182.6	40.0	
113	Spectrogram 1	1	AU-BS02a-120827-041000.wav	971.842	972.609	0.767	35.0	232.9	197.9	40.0	
114	Spectrogram 1	1	AU-BS02a-120827-041000.wav	974.436	975.023	0.586	24.4	222.2	197.9	32.0	
115	Spectrogram 1	1	AU-BS02a-120827-041000.wav	976.511	977.143	0.632	27.4	210.0	182.6	40.0	
116	Spectrogram 1	1	AU-BS02a-120827-041000.wav	979.308	979.985	0.677	24.4	216.1	191.8	48.0	
117	Spectrogram 1	1	AU-BS02a-120827-041000.wav	982.376	982.917	0.541	30.4	210.0	179.6	56.0	
118	Spectrogram 1	1	AU-BS02a-120827-041000.wav	984.812	985.444	0.632	15.2	216.1	200.9	48.0	
119	Spectrogram 1	1	AU-BS02a-120827-041000.wav	999.293	999.519	0.226	18.3	1908.7	1890.4	176.0	start gs
120	Spectrogram 1	1	AU-BS02a-120827-041000.wav	1003.173	1003.353	0.180	18.3	1978.7	1960.4	176.0	
121	Spectrogram 1	1	AU-BS02a-120827-041000.wav	1006.962	1007.188	0.226	30.4	1981.7	1951.3	288.0	
122	Spectrogram 1	1	AU-BS02a-120827-041000.wav	1010.797	1010.977	0.180	48.7	1978.7	1930.0	208.0	
123	Spectrogram 1	1	AU-BS02a-120827-041000.wav	1014.586	1014.812	0.226	36.5	1783.9	1747.3	120.0	
124	Spectrogram 1	1	AU-BS02a-120827-041000.wav	1018.376	1018.602	0.226	36.5	1856.9	1820.4	520.0	
125	Spectrogram 1	1	AU-BS02a-120827-041000.wav	1022.211	1022.481	0.271	30.4	1923.9	1893.5	208.0	
126	Spectrogram 1	1	AU-BS02a-120827-041000.wav	1026.000	1026.226	0.226	18.3	1930.0	1911.7	208.0	
127	Spectrogram 1	1	AU-BS02a-120827-041000.wav	1029.880	1030.150	0.271	33.5	1866.1	1832.6	616.0	
128	Spectrogram 1	1	AU-BS02a-120827-041000.wav	1033.714	1033.940	0.226	15.2	1984.8	1969.6	232.0	
129	Spectrogram 1	1	AU-BS02a-120827-041000.wav	1037.459	1037.684	0.226	36.5	1765.6	1729.1	312.0	
130	Spectrogram 1	1	AU-BS02a-120827-041000.wav	1041.293	1041.519	0.226	27.4	1287.7	1260.3	272.0	
131	Spectrogram 1	1	AU-BS02a-120827-041000.wav	1045.353	1045.579	0.226	36.5	1424.7	1388.1	264.0	
132	Spectrogram 1	1	AU-BS02a-120827-041000.wav	1049.414	1049.639	0.226	33.5	797.6	764.1	144.0	
133	Spectrogram 1	1	AU-BS02a-120827-041000.wav	1053.248	1053.474	0.226	18.3	1010.7	992.4	64.0	
134	Spectrogram 1	1	AU-BS02a-120827-041000.wav	1057.308	1057.579	0.271	24.4	322.7	298.3	192.0	
135	Spectrogram 1	1	AU-BS02a-120827-041000.wav	1060.962	1061.233	0.271	21.3	313.5	292.2	128.0	
136	Spectrogram 1	1	AU-BS02a-120827-041000.wav	1064.481	1064.752	0.271	27.4	316.6	289.2	152.0	end main phrase
137	Spectrogram 1	1	AU-BS02a-120827-041000.wav	1081.060	1081.286	0.226	27.4	1226.8	1199.4	120.0	
138	Spectrogram 1	1	AU-BS02a-120827-041000.wav	1085.053	1085.323	0.271	30.4	1010.7	980.2	48.0	
139	Spectrogram 1	1	AU-BS02a-120827-041000.wav	1088.932	1089.248	0.316	36.5	1199.4	1162.9	192.0	
140	Spectrogram 1	1	AU-BS02a-120827-041000.wav	1105.218	1105.489	0.271	27.4	870.6	843.2	224.0	
141	Spectrogram 1	1	AU-BS02a-120827-041000.wav	1109.436	1109.662	0.226	27.4	1391.2	1363.8	48.0	
142	Spectrogram 1	1	AU-BS02a-120827-041000.wav	1113.564	1113.835	0.271	48.7	1354.6	1305.9	56.0	
143	Spectrogram 1	1	AU-BS02a-120827-041000.wav	1117.579	1117.850	0.271	15.2	1391.2	1376.0	200.0	end pattern
144	Spectrogram 1	1	AU-BS02a-120827-042000.wav	1257.835	1258.466	0.632	24.4	246.6	222.2	192.0	start pattern
145	Spectrogram 1	1	AU-BS02a-120827-042000.wav	1260.406	1261.083	0.677	27.4	252.7	225.3	40.0	
146	Spectrogram 1	1	AU-BS02a-120827-042000.wav	1262.887	1263.744	0.857	18.3	243.5	225.3	32.0	
147	Spectrogram 1	1	AU-BS02a-120827-042000.wav	1265.233	1266.045	0.812	27.4	237.4	210.0	32.0	
148	Spectrogram 1	1	AU-BS02a-120827-042000.wav	1267.714	1268.481	0.767	30.4	243.5	213.1	32.0	
149	Spectrogram 1	1	AU-BS02a-120827-042000.wav	1271.301	1272.068	0.767	28.9	239.0	210.0	56.0	
150	Spectrogram 1	1	AU-BS02a-120827-042000.wav	1288.692	1288.917	0.226	30.4	1537.3	1506.8	168.0	start gs
151	Spectrogram 1	1	AU-BS02a-120827-042000.wav	1292.526	1292.707	0.180	60.9	1707.8	1646.9	160.0	
152	Spectrogram 1	1	AU-BS02a-120827-042000.wav	1296.406	1296.586	0.180	27.4	1689.5	1662.1	144.0	
153	Spectrogram 1	1	AU-BS02a-120827-042000.wav	1300.241	1300.511	0.271	30.4	1293.8	1263.3	120.0	
154	Spectrogram 1	1	AU-BS02a-120827-042000.wav	1304.120	1304.301	0.180	28.9	1663.6	1634.7	256.0	
155	Spectrogram 1	1	AU-BS02a-120827-042000.wav	1307.955	1308.135	0.180	36.5	1369.9	1333.3	200.0	
156	Spectrogram 1	1	AU-BS02a-120827-042000.wav	1311.744	1311.970	0.226	27.4	1573.8	1546.4	144.0	
157	Spectrogram 1	1	AU-BS02a-120827-042000.wav	1315.714	1315.940	0.226	33.5	1449.0	1415.5	200.0	
158	Spectrogram 1	1	AU-BS02a-120827-042000.wav	1319.639	1319.865	0.226	45.7	1047.2	1001.5	208.0	
159	Spectrogram 1	1	AU-BS02a-120827-042000.wav	1323.609	1323.835	0.226	27.4	1509.9	1482.5	144.0	
160	Spectrogram 1	1	AU-BS02a-120827-042000.wav	1327.444	1327.669	0.226	24.4	1604.3	1579.9	144.0	
161	Spectrogram 1	1	AU-BS02a-120827-042000.wav	1331.278	1331.549	0.271	24.4	1531.2	1506.8	160.0	
162	Spectrogram 1	1	AU-BS02a-120827-042000.wav	1335.068	1335.338	0.271	33.5	983.3	949.8	152.0	
163	Spectrogram 1	1	AU-BS02a-120827-042000.wav	1338.947	1339.218	0.271	35.0	1184.2	1149.2	152.0	
164	Spectrogram 1	1	AU-BS02a-120827-042000.wav	1342.917	1343.188	0.271	24.4	1738.2	1713.9	64.0	
165	Spectrogram 1	1	AU-BS02a-120827-042000.wav	1346.887	1347.158	0.271	39.6	1519.0	1479.5	240.0	
166	Spectrogram 1	1	AU-BS02a-120827-042000.wav	1351.038	1351.308	0.271	30.4	1683.4	1653.0	32.0	
167	Spectrogram 1	1	AU-BS02a-120827-042000.wav	1355.053	1355.323	0.271	24.4	1838.7	1814.3	192.0	end pattern
168	Spectrogram 1	1	AU-BS02a-120827-042000.wav	1540.556	1541.143	0.586	18.3	231.4	213.1	32.0	start pattern
169	Spectrogram 1	1	AU-BS02a-120827-042000.wav	1542.947	1543.534	0.586	15.2	234.4	219.2	40.0	
170	Spectrogram 1	1	AU-BS02a-120827-042000.wav	1545.248	1545.789	0.541	27.4	240.5	213.1	48.0	
171	Spectrogram 1	1	AU-BS02a-120827-042000.wav	1547.323	1548.000	0.677	33.5	246.6	213.1	40.0	
172	Spectrogram 1	1	AU-BS02a-120827-042000.wav	1549.534	1550.211	0.677	33.5	255.7	222.2	176.0	
173	Spectrogram 1	1	AU-BS02a-120827-042000.wav	1552.015	1552.647	0.632	33.5	252.7	219.2	40.0	
174	Spectrogram 1	1	AU-BS02a-120827-042000.wav	1554.361	1554.992	0.632	42.6	255.7	213.1	48.0	
175	Spectrogram 1	1	AU-BS02a-120827-042000.wav	1556.932	1557.609	0.677	18.3	249.6	231.4	56.0	
176	Spectrogram 1	1	AU-BS02a-120827-042000.wav	1560.406	1561.083	0.677	24.4	249.6	225.3	168.0	
177	Spectrogram 1	1	AU-BS02a-120827-042000.wav	1573.805	1573.985	0.180	48.7	1138.5	1089.8	200.0	start gs
178	Spectrogram 1	1	AU-BS02a-120827-042000.wav	1577.774	1577.955	0.180	45.7	1954.3	1908.7	192.0	
179	Spectrogram 1	1	AU-BS02a-120827-042000.wav	1581.744	1581.925	0.180	60.9	1957.4	1896.5	800.0	
180	Spectrogram 1	1	AU-BS02a-120827-042000.wav	1585.534	1585.714	0.180	42.6	1826.5	1783.9	184.0	
181	Spectrogram 1	1	AU-BS02a-120827-042000.wav	1589.323	1589.594	0.271	30.4	1838.7	1808.2	208.0	
182	Spectrogram 1	1	AU-BS02a-120827-042000.wav	1593.158	1593.383	0.226	24.4	1948.2	1923.9	304.0	
183	Spectrogram 1	1	AU-BS02a-120827-042000.wav	1596.947	1597.218	0.271	21.3	1680.4	1659.1	208.0	
184	Spectrogram 1	1	AU-BS02a-120827-042000.wav	1600.827	1601.053	0.226	30.4	1832.6	1802.1	128.0	
185	Spectrogram 1	1	AU-BS02a-120827-042000.wav	1604.571	1604.797	0.226	27.4	1951.3	1923.9	160.0	
186	Spectrogram 1	1	AU-BS02a-120827-042000.wav	1608.406	1608.632	0.226	15.2	1990.9	1975.6	16.0	
187	Spectrogram 1	1	AU-BS02a-120827-042000.wav	1612.376	1612.556	0.180	9.1	1997.0	1987.8	104.0	
188	Spectrogram 1	1	AU-BS02a-120827-042000.wav	1616.301	1616.571	0.271	33.5	541.9	508.4	88.0	
189	Spectrogram 1	1	AU-BS02a-120827-042000.wav	1620.180	1620.406	0.226	36.5	678.8	642.3	112.0	
190	Spectrogram 1	1	AU-BS02a-120827-042000.wav	1624.150	1624.376	0.226	36.5	715.4	678.8	40.0	
191	Spectrogram 1	1	AU-BS02a-120827-042000.wav	1628.346	1628.526	0.180	48.7	1296.8	1248.1	152.0	
192	Spectrogram 1	1	AU-BS02a-120827-042000.wav	1632.203	1632.429	0.226	56.3	1252.7	1196.3	152.0	
193	Spectrogram 1	1	AU-BS02a-120827-042000.wav	1635.880	1636.105	0.226	39.6	1589.0	1549.5	144.0	end main prase
194	Spectrogram 1	1	AU-BS02a-120827-042000.wav	1660.331	1660.556	0.226	39.6	1954.3	1914.8	56.0	
195	Spectrogram 1	1	AU-BS02a-120827-042000.wav	1664.301	1664.526	0.226	42.6	1619.5	1576.9	176.0	
196	Spectrogram 1	1	AU-BS02a-120827-042000.wav	1668.361	1668.632	0.271	33.5	1476.4	1442.9	168.0	
197	Spectrogram 1	1	AU-BS02a-120827-042000.wav	1672.511	1672.782	0.271	21.3	1662.1	1640.8	216.0	
198	Spectrogram 1	1	AU-BS02a-120827-042000.wav	1676.797	1677.068	0.271	42.6	1242.0	1199.4	184.0	
199	Spectrogram 1	1	AU-BS02a-120827-042000.wav	1692.677	1692.947	0.271	39.6	1312.0	1272.5	160.0	
200	Spectrogram 1	1	AU-BS02a-120827-042000.wav	1697.008	1697.278	0.271	25.9	1264.8	1239.0	216.0	
201	Spectrogram 1	1	AU-BS02a-120827-042000.wav	1701.383	1701.654	0.271	42.6	1293.8	1251.1	216.0	end pattern
202	Spectrogram 1	1	AU-BS02a-120827-043000.wav	1814.120	1814.752	0.632	30.4	213.1	182.6	32.0	start pattenr
203	Spectrogram 1	1	AU-BS02a-120827-043000.wav	1816.782	1817.414	0.632	15.2	280.1	264.8	48.0	
204	Spectrogram 1	1	AU-BS02a-120827-043000.wav	1819.218	1819.940	0.722	18.3	249.6	231.4	40.0	
205	Spectrogram 1	1	AU-BS02a-120827-043000.wav	1821.429	1822.105	0.677	36.5	240.5	204.0	40.0	
206	Spectrogram 1	1	AU-BS02a-120827-043000.wav	1823.504	1824.451	0.947	21.3	231.4	210.0	24.0	
207	Spectrogram 1	1	AU-BS02a-120827-043000.wav	1825.940	1826.662	0.722	15.2	228.3	213.1	24.0	
208	Spectrogram 1	1	AU-BS02a-120827-043000.wav	1828.241	1829.008	0.767	15.2	240.5	225.3	48.0	
209	Spectrogram 1	1	AU-BS02a-120827-043000.wav	1830.677	1831.534	0.857	18.3	240.5	222.2	104.0	
210	Spectrogram 1	1	AU-BS02a-120827-043000.wav	1834.150	1835.008	0.857	21.3	225.3	204.0	48.0	
211	Spectrogram 1	1	AU-BS02a-120827-043000.wav	1852.241	1852.421	0.180	45.7	1068.5	1022.8	136.0	start gs
212	Spectrogram 1	1	AU-BS02a-120827-043000.wav	1856.120	1856.346	0.226	45.7	1993.9	1948.2	272.0	
213	Spectrogram 1	1	AU-BS02a-120827-043000.wav	1860.000	1860.180	0.180	42.6	1993.9	1951.3	856.0	
214	Spectrogram 1	1	AU-BS02a-120827-043000.wav	1863.880	1864.105	0.226	24.4	1997.0	1972.6	856.0	
215	Spectrogram 1	1	AU-BS02a-120827-043000.wav	1867.805	1867.985	0.180	42.6	1984.8	1942.2	224.0	
216	Spectrogram 1	1	AU-BS02a-120827-043000.wav	1871.729	1871.910	0.180	33.5	1649.9	1616.4	160.0	
217	Spectrogram 1	1	AU-BS02a-120827-043000.wav	1875.609	1875.835	0.226	54.8	1662.1	1607.3	168.0	
218	Spectrogram 1	1	AU-BS02a-120827-043000.wav	1879.556	1879.782	0.226	16.7	1340.9	1324.2	104.0	
219	Spectrogram 1	1	AU-BS02a-120827-043000.wav	1883.459	1883.684	0.226	21.3	1531.2	1509.9	176.0	
220	Spectrogram 1	1	AU-BS02a-120827-043000.wav	1887.429	1887.654	0.226	36.5	1041.1	1004.6	184.0	
221	Spectrogram 1	1	AU-BS02a-120827-043000.wav	1891.421	1891.647	0.226	38.1	1325.7	1287.7	88.0	
222	Spectrogram 1	1	AU-BS02a-120827-043000.wav	1895.459	1895.684	0.226	42.6	1546.4	1503.8	80.0	
223	Spectrogram 1	1	AU-BS02a-120827-043000.wav	1899.586	1899.812	0.226	35.0	1103.5	1068.5	208.0	
224	Spectrogram 1	1	AU-BS02a-120827-043000.wav	1903.624	1903.805	0.180	36.5	895.0	858.4	184.0	
225	Spectrogram 1	1	AU-BS02a-120827-043000.wav	1907.729	1907.910	0.180	45.7	1808.2	1762.6	184.0	
226	Spectrogram 1	1	AU-BS02a-120827-043000.wav	1912.218	1912.444	0.226	44.1	1971.1	1926.9	88.0	end pattern
227	Spectrogram 1	1	AU-BS02a-120827-043000.wav	2220.361	2220.947	0.586	30.4	228.3	197.9	104.0	start pattern
228	Spectrogram 1	1	AU-BS02a-120827-043000.wav	2222.842	2223.429	0.586	30.4	222.2	191.8	32.0	
229	Spectrogram 1	1	AU-BS02a-120827-043000.wav	2225.233	2225.910	0.677	39.6	219.2	179.6	40.0	
230	Spectrogram 1	1	AU-BS02a-120827-043000.wav	2227.714	2228.481	0.767	15.2	225.3	210.0	64.0	
231	Spectrogram 1	1	AU-BS02a-120827-043000.wav	2229.835	2230.556	0.722	21.3	222.2	200.9	24.0	
232	Spectrogram 1	1	AU-BS02a-120827-043000.wav	2232.271	2232.947	0.677	24.4	228.3	204.0	40.0	
233	Spectrogram 1	1	AU-BS02a-120827-043000.wav	2234.842	2235.609	0.767	24.4	222.2	197.9	40.0	
234	Spectrogram 1	1	AU-BS02a-120827-043000.wav	2237.910	2238.767	0.857	24.4	249.6	225.3	32.0	
235	Spectrogram 1	1	AU-BS02a-120827-043000.wav	2251.308	2251.489	0.180	57.8	1035.0	977.2	192.0	start gs
236	Spectrogram 1	1	AU-BS02a-120827-043000.wav	2255.368	2255.594	0.226	33.5	1744.3	1710.8	208.0	
237	Spectrogram 1	1	AU-BS02a-120827-043000.wav	2259.248	2259.429	0.180	39.6	1455.1	1415.5	192.0	
238	Spectrogram 1	1	AU-BS02a-120827-043000.wav	2263.173	2263.398	0.226	30.4	1497.7	1467.3	88.0	
239	Spectrogram 1	1	AU-BS02a-120827-043000.wav	2267.008	2267.233	0.226	42.6	1978.7	1936.1	280.0	
240	Spectrogram 1	1	AU-BS02a-120827-043000.wav	2270.797	2271.023	0.226	39.6	1710.8	1671.2	240.0	
241	Spectrogram 1	1	AU-BS02a-120827-043000.wav	2274.632	2274.857	0.226	36.5	1695.6	1659.1	208.0	
242	Spectrogram 1	1	AU-BS02a-120827-043000.wav	2278.511	2278.692	0.180	21.3	1838.7	1817.4	248.0	
243	Spectrogram 1	1	AU-BS02a-120827-043000.wav	2282.391	2282.571	0.180	27.4	1677.3	1649.9	608.0	
244	Spectrogram 1	1	AU-BS02a-120827-043000.wav	2286.226	2286.406	0.180	33.5	1747.3	1713.9	200.0	
245	Spectrogram 1	1	AU-BS02a-120827-043000.wav	2290.150	2290.331	0.180	36.5	1576.9	1540.3	184.0	
246	Spectrogram 1	1	AU-BS02a-120827-043000.wav	2293.895	2294.120	0.226	39.6	1643.8	1604.3	208.0	
247	Spectrogram 1	1	AU-BS02a-120827-043000.wav	2297.684	2297.910	0.226	27.4	1080.7	1053.3	128.0	
248	Spectrogram 1	1	AU-BS02a-120827-043000.wav	2301.699	2301.925	0.226	21.3	1108.1	1086.8	24.0	
249	Spectrogram 1	1	AU-BS02a-120827-043000.wav	2305.895	2306.165	0.271	36.5	876.7	840.2	168.0	
250	Spectrogram 1	1	AU-BS02a-120827-043000.wav	2309.820	2310.045	0.226	27.4	1850.8	1823.4	120.0	
251	Spectrogram 1	1	AU-BS02a-120827-043000.wav	2313.880	2314.105	0.226	36.5	706.2	669.7	168.0	
252	Spectrogram 1	1	AU-BS02a-120827-043000.wav	2317.489	2317.714	0.226	36.5	627.1	590.6	168.0	end main phrase
253	Spectrogram 1	1	AU-BS02a-120827-043000.wav	2360.436	2360.707	0.271	33.5	1841.7	1808.2	120.0	
254	Spectrogram 1	1	AU-BS02a-120827-043000.wav	2364.271	2364.496	0.226	27.4	1649.9	1622.5	32.0	
255	Spectrogram 1	1	AU-BS02a-120827-043000.wav	2368.466	2368.692	0.226	51.8	1975.6	1923.9	168.0	
256	Spectrogram 1	1	AU-BS02a-120827-043000.wav	2372.526	2372.752	0.226	57.8	1920.9	1863.0	112.0	
257	Spectrogram 1	1	AU-BS02a-120827-043000.wav	2376.406	2376.677	0.271	63.9	1707.8	1643.8	176.0	
258	Spectrogram 1	1	AU-BS02a-120827-043000.wav	2380.421	2380.692	0.271	27.4	1473.4	1446.0	48.0	end pattern
259	Spectrogram 1	1	AU-BS02a-120827-050000.wav	2629.759	2630.571	0.812	21.3	191.8	170.5	32.0	start pattern
260	Spectrogram 1	1	AU-BS02a-120827-050000.wav	2632.195	2633.008	0.812	42.6	200.9	158.3	48.0	
261	Spectrogram 1	1	AU-BS02a-120827-050000.wav	2634.722	2635.398	0.677	21.3	191.8	170.5	24.0	
262	Spectrogram 1	1	AU-BS02a-120827-050000.wav	2637.158	2637.835	0.677	33.5	210.0	176.6	40.0	
263	Spectrogram 1	1	AU-BS02a-120827-050000.wav	2639.774	2640.541	0.767	18.3	200.9	182.6	24.0	
264	Spectrogram 1	1	AU-BS02a-120827-050000.wav	2643.293	2644.060	0.767	15.2	210.0	194.8	56.0	
265	Spectrogram 1	1	AU-BS02a-120827-050000.wav	2660.571	2660.752	0.180	42.6	1951.3	1908.7	152.0	start gs
266	Spectrogram 1	1	AU-BS02a-120827-050000.wav	2664.451	2664.632	0.180	60.9	1716.9	1656.0	616.0	
267	Spectrogram 1	1	AU-BS02a-120827-050000.wav	2668.376	2668.556	0.180	28.9	1200.9	1172.0	208.0	
268	Spectrogram 1	1	AU-BS02a-120827-050000.wav	2672.211	2672.391	0.180	45.7	1622.5	1576.9	160.0	
269	Spectrogram 1	1	AU-BS02a-120827-050000.wav	2676.135	2676.316	0.180	36.5	1628.6	1592.1	208.0	
270	Spectrogram 1	1	AU-BS02a-120827-050000.wav	2680.060	2680.286	0.226	30.4	1990.9	1960.4	208.0	
271	Spectrogram 1	1	AU-BS02a-120827-050000.wav	2683.940	2684.165	0.226	21.3	1860.0	1838.7	64.0	
272	Spectrogram 1	1	AU-BS02a-120827-050000.wav	2687.820	2688.045	0.226	27.4	1869.1	1841.7	184.0	
273	Spectrogram 1	1	AU-BS02a-120827-050000.wav	2691.789	2692.015	0.226	30.4	1975.6	1945.2	192.0	
274	Spectrogram 1	1	AU-BS02a-120827-050000.wav	2695.805	2695.985	0.180	39.6	1735.2	1695.6	184.0	
275	Spectrogram 1	1	AU-BS02a-120827-050000.wav	2699.639	2699.865	0.226	15.2	1640.8	1625.6	200.0	
276	Spectrogram 1	1	AU-BS02a-120827-050000.wav	2703.564	2703.789	0.226	27.4	1196.3	1168.9	184.0	
277	Spectrogram 1	1	AU-BS02a-120827-050000.wav	2707.398	2707.624	0.226	27.4	1324.2	1296.8	136.0	
278	Spectrogram 1	1	AU-BS02a-120827-050000.wav	2711.459	2711.684	0.226	33.5	1646.9	1613.4	72.0	
279	Spectrogram 1	1	AU-BS02a-120827-050000.wav	2715.429	2715.699	0.271	33.5	1458.1	1424.7	224.0	
280	Spectrogram 1	1	AU-BS02a-120827-050000.wav	2719.173	2719.398	0.226	27.4	1263.3	1235.9	120.0	
281	Spectrogram 1	1	AU-BS02a-120827-050000.wav	2723.278	2723.504	0.226	18.3	1141.6	1123.3	224.0	
282	Spectrogram 1	1	AU-BS02a-120827-050000.wav	2726.977	2727.203	0.226	36.5	1007.6	971.1	128.0	end main phrase
283	Spectrogram 1	1	AU-BS02a-120827-050000.wav	2742.271	2742.541	0.271	67.0	1509.9	1442.9	80.0	
284	Spectrogram 1	1	AU-BS02a-120827-050000.wav	2746.376	2746.602	0.226	45.7	1248.1	1202.4	224.0	
285	Spectrogram 1	1	AU-BS02a-120827-050000.wav	2750.571	2750.842	0.271	48.7	1372.9	1324.2	64.0	
286	Spectrogram 1	1	AU-BS02a-120827-050000.wav	2766.000	2766.316	0.316	18.3	657.5	639.3	160.0	
287	Spectrogram 1	1	AU-BS02a-120827-050000.wav	2769.947	2770.263	0.316	33.5	1671.2	1637.7	224.0	
288	Spectrogram 1	1	AU-BS02a-120827-050000.wav	2774.211	2774.481	0.271	54.8	1418.6	1363.8	224.0	
289	Spectrogram 1	1	AU-BS02a-120827-050000.wav	2778.406	2778.767	0.361	45.7	1872.1	1826.5	136.0	
290	Spectrogram 1	1	AU-BS02a-120827-050000.wav	2794.692	2794.962	0.271	42.6	1406.4	1363.8	128.0	
291	Spectrogram 1	1	AU-BS02a-120827-050000.wav	2799.113	2799.429	0.316	21.3	1984.8	1963.5	200.0	
292	Spectrogram 1	1	AU-BS02a-120827-050000.wav	2803.173	2803.534	0.361	18.3	1984.8	1966.5	40.0	end pattern
293	Spectrogram 1	1	AU-BS02a-120827-050000.wav	2920.060	2920.737	0.677	39.6	213.1	173.5	40.0	start pattern
294	Spectrogram 1	1	AU-BS02a-120827-050000.wav	2922.947	2923.579	0.632	18.3	222.2	204.0	48.0	
295	Spectrogram 1	1	AU-BS02a-120827-050000.wav	2925.338	2926.105	0.767	15.2	207.0	191.8	40.0	
296	Spectrogram 1	1	AU-BS02a-120827-050000.wav	2927.684	2928.316	0.632	36.5	204.0	167.4	40.0	
297	Spectrogram 1	1	AU-BS02a-120827-050000.wav	2929.895	2930.571	0.677	21.3	188.7	167.4	40.0	
298	Spectrogram 1	1	AU-BS02a-120827-050000.wav	2932.376	2933.143	0.767	24.4	197.9	173.5	32.0	
299	Spectrogram 1	1	AU-BS02a-120827-050000.wav	2934.632	2935.308	0.677	12.2	204.0	191.8	24.0	
300	Spectrogram 1	1	AU-BS02a-120827-050000.wav	2936.977	2937.744	0.767	18.3	197.9	179.6	40.0	
301	Spectrogram 1	1	AU-BS02a-120827-050000.wav	2940.045	2940.812	0.767	21.3	200.9	179.6	24.0	
302	Spectrogram 1	1	AU-BS02a-120827-050000.wav	2956.737	2956.917	0.180	42.6	1336.4	1293.8	208.0	start gs
303	Spectrogram 1	1	AU-BS02a-120827-050000.wav	2960.617	2960.797	0.180	39.6	1975.6	1936.1	192.0	
304	Spectrogram 1	1	AU-BS02a-120827-050000.wav	2964.451	2964.632	0.180	30.4	1984.8	1954.3	208.0	
305	Spectrogram 1	1	AU-BS02a-120827-050000.wav	2968.286	2968.466	0.180	27.4	1978.7	1951.3	200.0	
306	Spectrogram 1	1	AU-BS02a-120827-050000.wav	2972.030	2972.256	0.226	30.4	1984.8	1954.3	264.0	
307	Spectrogram 1	1	AU-BS02a-120827-050000.wav	2975.865	2976.090	0.226	33.5	1975.6	1942.2	200.0	
308	Spectrogram 1	1	AU-BS02a-120827-050000.wav	2979.699	2979.880	0.180	24.4	1954.3	1930.0	200.0	
309	Spectrogram 1	1	AU-BS02a-120827-050000.wav	2983.579	2983.805	0.226	36.5	1966.5	1930.0	200.0	
310	Spectrogram 1	1	AU-BS02a-120827-050000.wav	2987.323	2987.549	0.226	18.3	1987.8	1969.6	72.0	
311	Spectrogram 1	1	AU-BS02a-120827-050000.wav	2991.203	2991.474	0.271	33.5	1984.8	1951.3	40.0	
312	Spectrogram 1	1	AU-BS02a-120827-050000.wav	2995.015	2995.241	0.226	32.0	1898.0	1866.1	184.0	
313	Spectrogram 1	1	AU-BS02a-120827-050000.wav	2998.962	2999.233	0.271	36.5	1783.9	1747.3	72.0	
314	Spectrogram 1	1	AU-BS02a-120827-051000.wav	3002.977	3003.248	0.271	42.6	1114.2	1071.5	136.0	
315	Spectrogram 1	1	AU-BS02a-120827-051000.wav	3006.902	3007.128	0.226	12.3	1038.5	1026.2	104.0	
316	Spectrogram 1	1	AU-BS02a-120827-051000.wav	3010.827	3011.053	0.226	18.5	776.6	758.1	152.0	
317	Spectrogram 1	1	AU-BS02a-120827-051000.wav	3014.436	3014.707	0.271	21.6	656.4	634.8	112.0	
318	Spectrogram 1	1	AU-BS02a-120827-051000.wav	3018.090	3018.406	0.316	49.3	748.8	699.5	280.0	end main phrase - there are terminal phrases but can't pick them out
319	Spectrogram 1	1	AU-BS02a-120827-051000.wav	3238.669	3239.301	0.632	37.0	184.9	147.9	40.0	start pattern
320	Spectrogram 1	1	AU-BS02a-120827-051000.wav	3241.150	3241.737	0.586	24.7	197.2	172.6	40.0	
321	Spectrogram 1	1	AU-BS02a-120827-051000.wav	3243.226	3243.902	0.677	18.5	228.0	209.6	48.0	
322	Spectrogram 1	1	AU-BS02a-120827-051000.wav	3245.707	3246.293	0.586	12.3	249.6	237.3	48.0	
323	Spectrogram 1	1	AU-BS02a-120827-051000.wav	3247.917	3248.639	0.722	33.9	221.9	188.0	40.0	
324	Spectrogram 1	1	AU-BS02a-120827-051000.wav	3250.128	3250.940	0.812	21.6	231.1	209.6	48.0	
325	Spectrogram 1	1	AU-BS02a-120827-051000.wav	3252.609	3253.556	0.947	15.4	212.6	197.2	40.0	
326	Spectrogram 1	1	AU-BS02a-120827-051000.wav	3255.000	3255.722	0.722	15.4	194.1	178.7	24.0	
327	Spectrogram 1	1	AU-BS02a-120827-051000.wav	3257.977	3258.654	0.677	24.7	197.2	172.6	32.0	
328	Spectrogram 1	1	AU-BS02a-120827-051000.wav	3260.684	3261.361	0.677	18.5	191.1	172.6	48.0	
329	Spectrogram 1	1	AU-BS02a-120827-051000.wav	3273.767	3273.947	0.180	40.1	1081.7	1041.6	216.0	start gs
330	Spectrogram 1	1	AU-BS02a-120827-051000.wav	3277.692	3277.872	0.180	64.7	1728.8	1664.1	112.0	
331	Spectrogram 1	1	AU-BS02a-120827-051000.wav	3281.571	3281.752	0.180	33.9	1873.7	1839.8	104.0	
332	Spectrogram 1	1	AU-BS02a-120827-051000.wav	3285.361	3285.541	0.180	18.5	1941.4	1923.0	216.0	
333	Spectrogram 1	1	AU-BS02a-120827-051000.wav	3289.241	3289.466	0.226	27.7	1981.5	1953.8	96.0	
334	Spectrogram 1	1	AU-BS02a-120827-051000.wav	3293.030	3293.211	0.180	46.2	1963.0	1916.8	200.0	
335	Spectrogram 1	1	AU-BS02a-120827-051000.wav	3296.910	3297.135	0.226	33.9	1969.2	1935.3	632.0	
336	Spectrogram 1	1	AU-BS02a-120827-051000.wav	3300.744	3300.970	0.226	37.0	1987.7	1950.7	40.0	
337	Spectrogram 1	1	AU-BS02a-120827-051000.wav	3304.534	3304.759	0.226	46.2	1978.4	1932.2	176.0	
338	Spectrogram 1	1	AU-BS02a-120827-051000.wav	3308.414	3308.594	0.180	52.4	1993.8	1941.4	176.0	
339	Spectrogram 1	1	AU-BS02a-120827-051000.wav	3312.248	3312.519	0.271	24.7	1984.6	1959.9	160.0	
340	Spectrogram 1	1	AU-BS02a-120827-051000.wav	3316.128	3316.399	0.271	21.6	1938.4	1916.8	176.0	
341	Spectrogram 1	1	AU-BS02a-120827-051000.wav	3320.008	3320.233	0.226	18.5	1984.6	1966.1	72.0	
342	Spectrogram 1	1	AU-BS02a-120827-051000.wav	3323.977	3324.203	0.226	21.6	1731.9	1710.3	200.0	
343	Spectrogram 1	1	AU-BS02a-120827-051000.wav	3327.993	3328.218	0.226	24.7	1306.6	1282.0	240.0	
344	Spectrogram 1	1	AU-BS02a-120827-051000.wav	3332.008	3332.233	0.226	43.1	1756.5	1713.4	72.0	
345	Spectrogram 1	1	AU-BS02a-120827-051000.wav	3336.293	3336.519	0.226	46.2	1374.4	1328.2	128.0	
346	Spectrogram 1	1	AU-BS02a-120827-051000.wav	3340.399	3340.624	0.226	27.7	1691.8	1664.1	200.0	
347	Spectrogram 1	1	AU-BS02a-120827-051000.wav	3344.774	3345.045	0.271	40.1	1303.5	1263.5	200.0	
348	Spectrogram 1	1	AU-BS02a-120827-051000.wav	3349.105	3349.376	0.271	30.8	1682.6	1651.8	200.0	
349	Spectrogram 1	1	AU-BS02a-120827-051000.wav	3353.301	3353.526	0.226	43.1	1725.7	1682.6	176.0	end pattern
351	Spectrogram 1	1	AU-BS02a-120827-051000.wav	3535.128	3535.760	0.632	18.5	212.6	194.1	88.0	start pattern
352	Spectrogram 1	1	AU-BS02a-120827-051000.wav	3537.564	3538.241	0.677	15.4	225.0	209.6	48.0	
353	Spectrogram 1	1	AU-BS02a-120827-051000.wav	3540.136	3540.722	0.586	27.7	237.3	209.6	32.0	
354	Spectrogram 1	1	AU-BS02a-120827-051000.wav	3542.346	3543.068	0.722	37.0	231.1	194.1	40.0	
355	Spectrogram 1	1	AU-BS02a-120827-051000.wav	3544.917	3545.684	0.767	30.8	225.0	194.1	32.0	
356	Spectrogram 1	1	AU-BS02a-120827-051000.wav	3547.173	3547.895	0.722	24.7	221.9	197.2	56.0	
357	Spectrogram 1	1	AU-BS02a-120827-051000.wav	3549.970	3550.737	0.767	24.7	218.8	194.1	40.0	
358	Spectrogram 1	1	AU-BS02a-120827-051000.wav	3553.714	3554.572	0.857	27.7	231.1	203.4	32.0	
359	Spectrogram 1	1	AU-BS02a-120827-051000.wav	3567.113	3567.293	0.180	37.0	949.2	912.2	160.0	start gs
360	Spectrogram 1	1	AU-BS02a-120827-051000.wav	3571.173	3571.354	0.180	26.2	1933.7	1907.6	184.0	
361	Spectrogram 1	1	AU-BS02a-120827-051000.wav	3575.098	3575.278	0.180	40.1	1987.7	1947.6	192.0	
362	Spectrogram 1	1	AU-BS02a-120827-051000.wav	3578.932	3579.203	0.271	37.0	1673.3	1636.4	168.0	
363	Spectrogram 1	1	AU-BS02a-120827-051000.wav	3582.767	3582.948	0.180	33.9	1892.1	1858.2	136.0	
364	Spectrogram 1	1	AU-BS02a-120827-051000.wav	3586.602	3586.782	0.180	33.9	1981.5	1947.6	248.0	
365	Spectrogram 1	1	AU-BS02a-120827-051000.wav	3590.436	3590.662	0.226	18.5	1768.9	1750.4	200.0	
366	Spectrogram 1	1	AU-BS02a-120827-051000.wav	3594.316	3594.542	0.226	21.6	1901.4	1879.8	200.0	
367	Spectrogram 1	1	AU-BS02a-120827-051000.wav	3598.173	3598.399	0.226	38.5	1970.7	1932.2	168.0	
368	Spectrogram 1	1	AU-BS02a-120827-052000.wav	3601.985	3602.211	0.226	40.1	1953.8	1913.7	160.0	
369	Spectrogram 1	1	AU-BS02a-120827-052000.wav	3605.887	3606.113	0.226	24.7	1935.3	1910.6	160.0	
370	Spectrogram 1	1	AU-BS02a-120827-052000.wav	3609.699	3609.925	0.226	27.7	1787.4	1759.6	160.0	
371	Spectrogram 1	1	AU-BS02a-120827-052000.wav	3613.489	3613.760	0.271	26.2	1890.6	1864.4	216.0	
372	Spectrogram 1	1	AU-BS02a-120827-052000.wav	3617.459	3617.729	0.271	37.0	1608.6	1571.6	72.0	
373	Spectrogram 1	1	AU-BS02a-120827-052000.wav	3621.384	3621.654	0.271	30.8	939.9	909.1	200.0	
374	Spectrogram 1	1	AU-BS02a-120827-052000.wav	3625.511	3625.737	0.226	33.9	779.7	745.8	224.0	
375	Spectrogram 1	1	AU-BS02a-120827-052000.wav	3629.188	3629.459	0.271	46.2	490.0	443.8	120.0	
376	Spectrogram 1	1	AU-BS02a-120827-052000.wav	3632.842	3633.158	0.316	37.0	453.0	416.0	120.0	end main phrase
377	Spectrogram 1	1	AU-BS02a-120827-052000.wav	3648.857	3649.173	0.316	30.8	1436.1	1405.2	32.0	
378	Spectrogram 1	1	AU-BS02a-120827-052000.wav	3652.963	3653.278	0.316	43.1	1772.0	1728.8	200.0	
379	Spectrogram 1	1	AU-BS02a-120827-052000.wav	3657.068	3657.384	0.316	30.8	1602.5	1571.6	64.0	
380	Spectrogram 1	1	AU-BS02a-120827-052000.wav	3661.038	3661.399	0.361	24.7	1796.6	1772.0	40.0	
381	Spectrogram 1	1	AU-BS02a-120827-052000.wav	3675.699	3676.015	0.316	18.5	1944.5	1926.0	176.0	
382	Spectrogram 1	1	AU-BS02a-120827-052000.wav	3680.030	3680.346	0.316	37.0	1392.9	1355.9	56.0	
383	Spectrogram 1	1	AU-BS02a-120827-052000.wav	3683.910	3684.271	0.361	43.1	1876.7	1833.6	176.0	
384	Spectrogram 1	1	AU-BS02a-120827-052000.wav	3688.060	3688.511	0.451	49.3	1978.4	1929.1	56.0	end pattern
385	Spectrogram 1	1	AU-BS02a-120827-052000.wav	3800.526	3801.068	0.541	24.7	225.0	200.3	48.0	start pattern
386	Spectrogram 1	1	AU-BS02a-120827-052000.wav	3803.323	3803.910	0.586	15.4	237.3	221.9	48.0	
387	Spectrogram 1	1	AU-BS02a-120827-052000.wav	3805.805	3806.436	0.632	37.0	246.5	209.6	48.0	
388	Spectrogram 1	1	AU-BS02a-120827-052000.wav	3808.421	3809.188	0.767	15.4	258.9	243.5	48.0	
389	Spectrogram 1	1	AU-BS02a-120827-052000.wav	3810.970	3811.557	0.586	24.7	197.2	172.6	48.0	
390	Spectrogram 1	1	AU-BS02a-120827-052000.wav	3813.293	3813.925	0.632	43.1	206.5	163.3	48.0	
391	Spectrogram 1	1	AU-BS02a-120827-052000.wav	3815.639	3816.496	0.857	27.7	194.1	166.4	32.0	
392	Spectrogram 1	1	AU-BS02a-120827-052000.wav	3818.256	3819.203	0.947	12.3	191.1	178.7	24.0	
393	Spectrogram 1	1	AU-BS02a-120827-052000.wav	3821.504	3822.361	0.857	12.3	188.0	175.7	24.0	
394	Spectrogram 1	1	AU-BS02a-120827-052000.wav	3834.496	3834.722	0.226	49.3	1525.4	1476.1	72.0	start gs
395	Spectrogram 1	1	AU-BS02a-120827-052000.wav	3838.421	3838.602	0.180	40.1	1621.0	1580.9	360.0	
396	Spectrogram 1	1	AU-BS02a-120827-052000.wav	3842.301	3842.481	0.180	37.0	1984.6	1947.6	616.0	
397	Spectrogram 1	1	AU-BS02a-120827-052000.wav	3846.090	3846.271	0.180	40.1	1768.9	1728.8	216.0	
398	Spectrogram 1	1	AU-BS02a-120827-052000.wav	3849.925	3850.105	0.180	18.5	1855.2	1836.7	224.0	
399	Spectrogram 1	1	AU-BS02a-120827-052000.wav	3853.782	3853.940	0.158	37.0	1867.5	1830.5	192.0	
400	Spectrogram 1	1	AU-BS02a-120827-052000.wav	3857.549	3857.775	0.226	55.5	1981.5	1926.0	184.0	
401	Spectrogram 1	1	AU-BS02a-120827-052000.wav	3861.474	3861.654	0.180	33.9	1972.3	1938.4	224.0	
402	Spectrogram 1	1	AU-BS02a-120827-052000.wav	3865.308	3865.534	0.226	27.7	1735.0	1707.2	128.0	
403	Spectrogram 1	1	AU-BS02a-120827-052000.wav	3869.143	3869.414	0.271	40.1	1981.5	1941.4	120.0	
404	Spectrogram 1	1	AU-BS02a-120827-052000.wav	3872.932	3873.158	0.226	37.0	1614.8	1577.8	72.0	
405	Spectrogram 1	1	AU-BS02a-120827-052000.wav	3876.812	3877.038	0.226	27.7	1799.7	1772.0	72.0	
406	Spectrogram 1	1	AU-BS02a-120827-052000.wav	3880.602	3880.872	0.271	40.1	1451.5	1411.4	56.0	
407	Spectrogram 1	1	AU-BS02a-120827-052000.wav	3884.594	3884.820	0.226	43.1	678.0	634.8	48.0	
408	Spectrogram 1	1	AU-BS02a-120827-052000.wav	3888.587	3888.857	0.271	24.7	610.2	585.5	56.0	
409	Spectrogram 1	1	AU-BS02a-120827-052000.wav	3892.241	3892.511	0.271	29.3	1986.1	1956.9	32.0	
410	Spectrogram 1	1	AU-BS02a-120827-052000.wav	3895.760	3896.030	0.271	24.7	1691.8	1667.2	112.0	
411	Spectrogram 1	1	AU-BS02a-120827-052000.wav	3899.459	3899.729	0.271	24.7	1852.1	1827.4	168.0	end maoin phrase
412	Spectrogram 1	1	AU-BS02a-120827-052000.wav	3912.677	3912.948	0.271	52.4	1026.2	973.8	56.0	
413	Spectrogram 1	1	AU-BS02a-120827-052000.wav	3916.647	3916.963	0.316	27.7	1959.9	1932.2	48.0	
414	Spectrogram 1	1	AU-BS02a-120827-052000.wav	3920.662	3920.932	0.271	64.7	1765.8	1701.1	128.0	
415	Spectrogram 1	1	AU-BS02a-120827-052000.wav	3924.677	3924.948	0.271	15.4	1972.3	1956.9	40.0	
416	Spectrogram 1	1	AU-BS02a-120827-052000.wav	3929.053	3929.323	0.271	64.7	1882.9	1818.2	216.0	
417	Spectrogram 1	1	AU-BS02a-120827-052000.wav	3944.842	3945.203	0.361	52.4	597.8	545.5	72.0	
418	Spectrogram 1	1	AU-BS02a-120827-052000.wav	3948.902	3949.128	0.226	46.2	1617.9	1571.6	48.0	
419	Spectrogram 1	1	AU-BS02a-120827-052000.wav	3952.963	3953.188	0.226	61.6	1485.4	1423.7	120.0	
420	Spectrogram 1	1	AU-BS02a-120827-052000.wav	3957.339	3957.519	0.180	37.0	1457.6	1420.6	104.0	
421	Spectrogram 1	1	AU-BS02a-120827-052000.wav	3972.632	3972.948	0.316	67.8	872.1	804.3	136.0	
422	Spectrogram 1	1	AU-BS02a-120827-052000.wav	3976.963	3977.233	0.271	70.9	1719.6	1648.7	168.0	
423	Spectrogram 1	1	AU-BS02a-120827-052000.wav	3981.293	3981.474	0.180	40.1	1047.8	1007.7	48.0	
424	Spectrogram 1	1	AU-BS02a-120827-052000.wav	3985.511	3985.737	0.226	50.8	1483.8	1433.0	688.0	end pattern
425	Spectrogram 1	1	AU-BS02a-120827-052000.wav	4122.316	4123.038	0.722	15.4	209.6	194.1	40.0	start pattern
426	Spectrogram 1	1	AU-BS02a-120827-052000.wav	4125.023	4125.519	0.496	21.6	234.2	212.6	24.0	
427	Spectrogram 1	1	AU-BS02a-120827-052000.wav	4127.369	4127.955	0.586	9.2	225.0	215.7	56.0	
428	Spectrogram 1	1	AU-BS02a-120827-052000.wav	4129.669	4130.256	0.586	12.3	212.6	200.3	24.0	
429	Spectrogram 1	1	AU-BS02a-120827-052000.wav	4132.286	4133.008	0.722	6.2	225.0	218.8	8.0	
430	Spectrogram 1	1	AU-BS02a-120827-052000.wav	4134.632	4135.263	0.632	12.3	221.9	209.6	24.0	
431	Spectrogram 1	1	AU-BS02a-120827-052000.wav	4136.978	4137.609	0.632	18.5	240.4	221.9	24.0	
432	Spectrogram 1	1	AU-BS02a-120827-052000.wav	4139.459	4140.000	0.541	30.8	221.9	191.1	32.0	
433	Spectrogram 1	1	AU-BS02a-120827-052000.wav	4142.256	4143.068	0.812	12.3	215.7	203.4	24.0	
434	Spectrogram 1	1	AU-BS02a-120827-052000.wav	4144.963	4145.459	0.496	18.5	231.1	212.6	32.0	
435	Spectrogram 1	1	AU-BS02a-120827-052000.wav	4158.090	4158.271	0.180	46.2	1226.5	1180.3	192.0	start gs
436	Spectrogram 1	1	AU-BS02a-120827-052000.wav	4162.060	4162.241	0.180	58.6	1722.7	1664.1	176.0	
437	Spectrogram 1	1	AU-BS02a-120827-052000.wav	4165.940	4166.120	0.180	43.1	1944.5	1901.4	176.0	
438	Spectrogram 1	1	AU-BS02a-120827-052000.wav	4169.775	4169.955	0.180	21.6	1996.9	1975.3	72.0	
439	Spectrogram 1	1	AU-BS02a-120827-052000.wav	4173.564	4173.699	0.135	55.5	1704.2	1648.7	688.0	
440	Spectrogram 1	1	AU-BS02a-120827-052000.wav	4177.444	4177.624	0.180	27.7	1756.5	1728.8	184.0	
441	Spectrogram 1	1	AU-BS02a-120827-052000.wav	4181.188	4181.414	0.226	43.1	1996.9	1953.8	224.0	
442	Spectrogram 1	1	AU-BS02a-120827-052000.wav	4185.068	4185.248	0.180	9.2	1913.7	1904.5	192.0	
443	Spectrogram 1	1	AU-BS02a-120827-052000.wav	4188.902	4189.128	0.226	37.0	1993.8	1956.9	192.0	
444	Spectrogram 1	1	AU-BS02a-120827-052000.wav	4192.692	4192.917	0.226	52.4	1990.8	1938.4	304.0	
445	Spectrogram 1	1	AU-BS02a-120827-052000.wav	4196.436	4196.617	0.180	38.5	1225.0	1186.4	40.0	
446	Spectrogram 1	1	AU-BS02a-120827-053000.wav	4200.271	4200.496	0.226	49.3	1932.2	1882.9	192.0	
447	Spectrogram 1	1	AU-BS02a-120827-053000.wav	4204.038	4204.263	0.226	46.2	1858.2	1812.0	176.0	
448	Spectrogram 1	1	AU-BS02a-120827-053000.wav	4207.895	4208.075	0.180	20.0	1527.0	1506.9	56.0	
449	Spectrogram 1	1	AU-BS02a-120827-053000.wav	4212.045	4212.226	0.180	40.1	1069.3	1029.3	192.0	
450	Spectrogram 1	1	AU-BS02a-120827-053000.wav	4215.880	4216.105	0.226	30.8	1340.5	1309.7	56.0	
451	Spectrogram 1	1	AU-BS02a-120827-053000.wav	4220.120	4220.391	0.271	40.1	1109.4	1069.3	168.0	
452	Spectrogram 1	1	AU-BS02a-120827-053000.wav	4223.910	4224.136	0.226	21.6	483.8	462.2	32.0	
453	Spectrogram 1	1	AU-BS02a-120827-053000.wav	4227.384	4227.699	0.316	15.4	530.0	514.6	192.0	end main phrase
454	Spectrogram 1	1	AU-BS02a-120827-053000.wav	4246.917	4247.188	0.271	43.1	1306.6	1263.5	56.0	
455	Spectrogram 1	1	AU-BS02a-120827-053000.wav	4251.068	4251.293	0.226	27.7	1932.2	1904.5	48.0	
456	Spectrogram 1	1	AU-BS02a-120827-053000.wav	4254.993	4255.263	0.271	24.7	1590.1	1565.5	56.0	
457	Spectrogram 1	1	AU-BS02a-120827-053000.wav	4270.963	4271.233	0.271	55.5	1060.1	1004.6	72.0	
458	Spectrogram 1	1	AU-BS02a-120827-053000.wav	4275.068	4275.339	0.271	64.7	1232.7	1168.0	176.0	
459	Spectrogram 1	1	AU-BS02a-120827-053000.wav	4279.354	4279.669	0.316	49.3	1420.6	1371.3	176.0	
460	Spectrogram 1	1	AU-BS02a-120827-053000.wav	4283.707	4283.932	0.226	55.5	1688.8	1633.3	160.0	end pattern
461	Spectrogram 1	1	AU-BS02a-120827-053000.wav	4682.978	4683.699	0.722	12.3	194.1	181.8	40.0	start pattern. skipped one (couldn't see pulses)
462	Spectrogram 1	1	AU-BS02a-120827-053000.wav	4685.233	4685.865	0.632	24.7	206.5	181.8	40.0	
463	Spectrogram 1	1	AU-BS02a-120827-053000.wav	4687.850	4688.391	0.541	18.5	206.5	188.0	24.0	
464	Spectrogram 1	1	AU-BS02a-120827-053000.wav	4690.105	4690.872	0.767	21.6	221.9	200.3	24.0	
465	Spectrogram 1	1	AU-BS02a-120827-053000.wav	4692.767	4693.534	0.767	43.1	218.8	175.7	48.0	
466	Spectrogram 1	1	AU-BS02a-120827-053000.wav	4695.880	4696.511	0.632	40.1	209.6	169.5	48.0	
467	Spectrogram 1	1	AU-BS02a-120827-053000.wav	4708.827	4709.008	0.180	55.5	1285.1	1229.6	160.0	start gs
468	Spectrogram 1	1	AU-BS02a-120827-053000.wav	4712.842	4713.068	0.226	49.3	1738.1	1688.8	152.0	
469	Spectrogram 1	1	AU-BS02a-120827-053000.wav	4716.677	4716.902	0.226	43.1	1614.8	1571.6	88.0	
470	Spectrogram 1	1	AU-BS02a-120827-053000.wav	4720.602	4720.782	0.180	37.0	1781.2	1744.2	184.0	
471	Spectrogram 1	1	AU-BS02a-120827-053000.wav	4724.436	4724.662	0.226	52.4	1753.5	1701.1	152.0	
472	Spectrogram 1	1	AU-BS02a-120827-053000.wav	4728.226	4728.406	0.180	27.7	1938.4	1910.6	160.0	
473	Spectrogram 1	1	AU-BS02a-120827-053000.wav	4732.060	4732.286	0.226	37.0	1996.9	1959.9	184.0	
474	Spectrogram 1	1	AU-BS02a-120827-053000.wav	4735.895	4736.120	0.226	33.9	1667.2	1633.3	224.0	
475	Spectrogram 1	1	AU-BS02a-120827-053000.wav	4739.729	4739.955	0.226	52.4	1972.3	1919.9	128.0	
476	Spectrogram 1	1	AU-BS02a-120827-053000.wav	4743.519	4743.745	0.226	37.0	1950.7	1913.7	120.0	
477	Spectrogram 1	1	AU-BS02a-120827-053000.wav	4747.308	4747.534	0.226	52.4	1981.5	1929.1	184.0	
478	Spectrogram 1	1	AU-BS02a-120827-053000.wav	4751.053	4751.278	0.226	55.5	1996.9	1941.4	168.0	
479	Spectrogram 1	1	AU-BS02a-120827-053000.wav	4754.932	4755.203	0.271	30.8	1981.5	1950.7	232.0	
480	Spectrogram 1	1	AU-BS02a-120827-053000.wav	4759.060	4759.286	0.226	13.9	1873.7	1859.8	280.0	
481	Spectrogram 1	1	AU-BS02a-120827-053000.wav	4762.872	4763.098	0.226	30.8	1602.5	1571.6	32.0	
482	Spectrogram 1	1	AU-BS02a-120827-053000.wav	4766.662	4766.842	0.180	30.8	1904.5	1873.7	192.0	
483	Spectrogram 1	1	AU-BS02a-120827-053000.wav	4770.587	4770.857	0.271	40.1	1682.6	1642.5	192.0	
484	Spectrogram 1	1	AU-BS02a-120827-053000.wav	4774.602	4774.872	0.271	24.7	1168.0	1143.3	192.0	
485	Spectrogram 1	1	AU-BS02a-120827-053000.wav	4779.068	4779.293	0.226	49.3	644.1	594.8	192.0	end main phrase
486	Spectrogram 1	1	AU-BS02a-120827-053000.wav	4787.233	4787.459	0.226	61.6	727.3	665.6	192.0	
487	Spectrogram 1	1	AU-BS02a-120827-053000.wav	4790.978	4791.203	0.226	46.2	493.1	446.8	192.0	
488	Spectrogram 1	1	AU-BS02a-120827-053000.wav	4794.767	4794.948	0.180	30.8	582.4	551.6	192.0	
489	Spectrogram 1	1	AU-BS02a-120827-053000.wav	4798.692	4798.963	0.271	30.8	588.6	557.8	48.0	end pattern
490	Spectrogram 1	1	AU-BS02a-120827-060000.wav	4800.677	4801.354	0.677	21.6	215.7	194.1	24.0	start pattern
491	Spectrogram 1	1	AU-BS02a-120827-060000.wav	4802.932	4803.790	0.857	15.4	215.7	200.3	32.0	
492	Spectrogram 1	1	AU-BS02a-120827-060000.wav	4805.639	4806.181	0.541	30.8	209.6	178.7	32.0	
493	Spectrogram 1	1	AU-BS02a-120827-060000.wav	4808.120	4808.797	0.677	15.4	234.2	218.8	16.0	
494	Spectrogram 1	1	AU-BS02a-120827-060000.wav	4810.376	4810.963	0.586	24.7	221.9	197.2	32.0	
495	Spectrogram 1	1	AU-BS02a-120827-060000.wav	4812.677	4813.354	0.677	24.7	237.3	212.6	32.0	
496	Spectrogram 1	1	AU-BS02a-120827-060000.wav	4815.293	4816.015	0.722	18.5	243.5	225.0	40.0	
497	Spectrogram 1	1	AU-BS02a-120827-060000.wav	4817.684	4818.451	0.767	21.6	231.1	209.6	40.0	
498	Spectrogram 1	1	AU-BS02a-120827-060000.wav	4820.030	4820.662	0.632	18.5	234.2	215.7	40.0	
499	Spectrogram 1	1	AU-BS02a-120827-060000.wav	4822.511	4823.414	0.902	21.6	234.2	212.6	24.0	
500	Spectrogram 1	1	AU-BS02a-120827-060000.wav	4826.075	4826.887	0.812	30.8	237.3	206.5	32.0	
501	Spectrogram 1	1	AU-BS02a-120827-060000.wav	4839.293	4839.519	0.226	37.0	1919.9	1882.9	184.0	start gs
502	Spectrogram 1	1	AU-BS02a-120827-060000.wav	4843.308	4843.489	0.180	46.2	1959.9	1913.7	120.0	
503	Spectrogram 1	1	AU-BS02a-120827-060000.wav	4847.166	4847.391	0.226	47.8	1973.8	1926.0	168.0	
504	Spectrogram 1	1	AU-BS02a-120827-060000.wav	4850.978	4851.203	0.226	43.1	1916.8	1873.7	104.0	
505	Spectrogram 1	1	AU-BS02a-120827-060000.wav	4854.767	4854.948	0.180	18.5	1978.4	1959.9	152.0	
506	Spectrogram 1	1	AU-BS02a-120827-060000.wav	4858.602	4858.782	0.180	27.7	1990.8	1963.0	208.0	
507	Spectrogram 1	1	AU-BS02a-120827-060000.wav	4862.436	4862.662	0.226	18.5	1913.7	1895.2	128.0	
508	Spectrogram 1	1	AU-BS02a-120827-060000.wav	4866.316	4866.542	0.226	15.4	1978.4	1963.0	128.0	
509	Spectrogram 1	1	AU-BS02a-120827-060000.wav	4870.151	4870.331	0.180	37.0	1919.9	1882.9	216.0	
510	Spectrogram 1	1	AU-BS02a-120827-060000.wav	4873.985	4874.211	0.226	37.0	1923.0	1886.0	128.0	
511	Spectrogram 1	1	AU-BS02a-120827-060000.wav	4877.910	4878.136	0.226	37.0	1959.9	1923.0	176.0	
512	Spectrogram 1	1	AU-BS02a-120827-060000.wav	4881.745	4881.970	0.226	43.1	1630.2	1587.1	160.0	
513	Spectrogram 1	1	AU-BS02a-120827-060000.wav	4885.669	4885.895	0.226	30.8	1614.8	1584.0	104.0	
514	Spectrogram 1	1	AU-BS02a-120827-060000.wav	4889.504	4889.729	0.226	43.1	1772.0	1728.8	128.0	
515	Spectrogram 1	1	AU-BS02a-120827-060000.wav	4893.564	4893.745	0.180	30.8	1775.0	1744.2	192.0	
516	Spectrogram 1	1	AU-BS02a-120827-060000.wav	4897.669	4897.895	0.226	40.1	1818.2	1778.1	184.0	
517	Spectrogram 1	1	AU-BS02a-120827-060000.wav	4901.820	4902.090	0.271	27.7	1889.1	1861.3	56.0	
518	Spectrogram 1	1	AU-BS02a-120827-060000.wav	4906.015	4906.241	0.226	52.4	1901.4	1849.0	184.0	
519	Spectrogram 1	1	AU-BS02a-120827-060000.wav	4910.301	4910.572	0.271	13.9	1841.3	1827.4	184.0	
520	Spectrogram 1	1	AU-BS02a-120827-060000.wav	4914.474	4914.699	0.226	57.0	1872.1	1815.1	184.0	end main phrase
521	Spectrogram 1	1	AU-BS02a-120827-060000.wav	4930.286	4930.557	0.271	67.8	1845.9	1778.1	352.0	
522	Spectrogram 1	1	AU-BS02a-120827-060000.wav	4934.166	4934.436	0.271	61.6	1849.0	1787.4	120.0	
523	Spectrogram 1	1	AU-BS02a-120827-060000.wav	4938.406	4938.722	0.316	46.2	1550.1	1503.9	168.0	
524	Spectrogram 1	1	AU-BS02a-120827-060000.wav	4942.872	4943.143	0.271	30.8	1972.3	1941.4	40.0	
525	Spectrogram 1	1	AU-BS02a-120827-060000.wav	4955.639	4955.955	0.316	70.9	1386.7	1315.9	152.0	
526	Spectrogram 1	1	AU-BS02a-120827-060000.wav	4959.970	4960.241	0.271	24.7	1355.9	1331.3	352.0	
527	Spectrogram 1	1	AU-BS02a-120827-060000.wav	4964.301	4964.572	0.271	49.3	1759.6	1710.3	80.0	
528	Spectrogram 1	1	AU-BS02a-120827-060000.wav	4968.361	4968.632	0.271	35.4	1593.2	1557.8	168.0	
529	Spectrogram 1	1	AU-BS02a-120827-060000.wav	4972.466	4972.737	0.271	40.1	1735.0	1694.9	128.0	end pattern
530	Spectrogram 1	1	AU-BS02a-120827-060000.wav	5093.053	5093.684	0.632	12.3	181.8	169.5	40.0	start pattern
531	Spectrogram 1	1	AU-BS02a-120827-060000.wav	5095.444	5096.075	0.632	15.4	212.6	197.2	48.0	
532	Spectrogram 1	1	AU-BS02a-120827-060000.wav	5098.331	5099.053	0.722	18.5	197.2	178.7	48.0	
533	Spectrogram 1	1	AU-BS02a-120827-060000.wav	5100.948	5101.624	0.677	18.5	218.8	200.3	48.0	
534	Spectrogram 1	1	AU-BS02a-120827-060000.wav	5103.339	5104.015	0.677	15.4	218.8	203.4	40.0	
535	Spectrogram 1	1	AU-BS02a-120827-060000.wav	5105.865	5106.587	0.722	12.3	206.5	194.1	40.0	
536	Spectrogram 1	1	AU-BS02a-120827-060000.wav	5108.346	5109.023	0.677	15.4	194.1	178.7	40.0	
537	Spectrogram 1	1	AU-BS02a-120827-060000.wav	5110.782	5111.820	1.038	15.4	209.6	194.1	56.0	
538	Spectrogram 1	1	AU-BS02a-120827-060000.wav	5113.489	5114.301	0.812	12.3	209.6	197.2	24.0	
539	Spectrogram 1	1	AU-BS02a-120827-060000.wav	5116.827	5117.594	0.767	15.4	206.5	191.1	32.0	
540	Spectrogram 1	1	AU-BS02a-120827-060000.wav	5129.978	5130.203	0.226	47.8	1234.2	1186.4	200.0	start gs
541	Spectrogram 1	1	AU-BS02a-120827-060000.wav	5133.925	5134.151	0.226	40.1	1935.3	1895.2	208.0	
542	Spectrogram 1	1	AU-BS02a-120827-060000.wav	5137.760	5137.940	0.180	18.5	1966.1	1947.6	96.0	
543	Spectrogram 1	1	AU-BS02a-120827-060000.wav	5141.594	5141.775	0.180	33.9	1904.5	1870.6	152.0	
544	Spectrogram 1	1	AU-BS02a-120827-060000.wav	5145.429	5145.609	0.180	15.4	1895.2	1879.8	272.0	
545	Spectrogram 1	1	AU-BS02a-120827-060000.wav	5149.308	5149.489	0.180	37.0	1938.4	1901.4	240.0	
546	Spectrogram 1	1	AU-BS02a-120827-060000.wav	5153.188	5153.414	0.226	33.9	1978.4	1944.5	208.0	
547	Spectrogram 1	1	AU-BS02a-120827-060000.wav	5157.023	5157.293	0.271	26.2	1970.7	1944.5	176.0	
548	Spectrogram 1	1	AU-BS02a-120827-060000.wav	5160.857	5161.083	0.226	37.0	1947.6	1910.6	192.0	
549	Spectrogram 1	1	AU-BS02a-120827-060000.wav	5164.714	5164.940	0.226	10.8	1980.0	1969.2	176.0	
550	Spectrogram 1	1	AU-BS02a-120827-060000.wav	5168.436	5168.662	0.226	27.7	1972.3	1944.5	200.0	
551	Spectrogram 1	1	AU-BS02a-120827-060000.wav	5172.248	5172.474	0.226	20.0	1976.9	1956.9	224.0	
552	Spectrogram 1	1	AU-BS02a-120827-060000.wav	5176.060	5176.241	0.180	21.6	1679.5	1657.9	120.0	
553	Spectrogram 1	1	AU-BS02a-120827-060000.wav	5180.120	5180.301	0.180	33.9	1306.6	1272.7	152.0	
554	Spectrogram 1	1	AU-BS02a-120827-060000.wav	5184.000	5184.226	0.226	27.7	1676.4	1648.7	32.0	
555	Spectrogram 1	1	AU-BS02a-120827-060000.wav	5188.060	5188.286	0.226	27.7	1540.8	1513.1	168.0	
556	Spectrogram 1	1	AU-BS02a-120827-060000.wav	5192.075	5192.346	0.271	33.9	690.3	656.4	184.0	
557	Spectrogram 1	1	AU-BS02a-120827-060000.wav	5195.865	5196.136	0.271	49.3	813.6	764.3	192.0	
558	Spectrogram 1	1	AU-BS02a-120827-060000.wav	5199.339	5199.609	0.271	24.7	795.1	770.4	160.0	end main phrase
559	Spectrogram 1	1	AU-BS02a-120827-060000.wav	5212.782	5213.053	0.271	86.3	1510.0	1423.7	168.0	
560	Spectrogram 1	1	AU-BS02a-120827-060000.wav	5216.662	5216.932	0.271	49.3	1664.1	1614.8	64.0	
561	Spectrogram 1	1	AU-BS02a-120827-060000.wav	5220.857	5221.128	0.271	33.9	1707.2	1673.3	168.0	
562	Spectrogram 1	1	AU-BS02a-120827-060000.wav	5225.053	5225.369	0.316	55.5	1969.2	1913.7	56.0	
563	Spectrogram 1	1	AU-BS02a-120827-060000.wav	5240.391	5240.662	0.271	55.5	1682.6	1627.1	112.0	
564	Spectrogram 1	1	AU-BS02a-120827-060000.wav	5244.812	5245.038	0.226	67.8	1762.7	1694.9	72.0	
565	Spectrogram 1	1	AU-BS02a-120827-060000.wav	5248.872	5249.143	0.271	64.7	1762.7	1698.0	80.0	
566	Spectrogram 1	1	AU-BS02a-120827-060000.wav	5253.068	5253.339	0.271	74.0	1731.9	1657.9	160.0	end pattern
567	Spectrogram 1	1	AU-BS02a-120827-060000.wav	5351.955	5352.406	0.451	33.9	218.8	184.9	40.0	start pattern
568	Spectrogram 1	1	AU-BS02a-120827-060000.wav	5354.346	5354.887	0.541	15.4	215.7	200.3	48.0	
569	Spectrogram 1	1	AU-BS02a-120827-060000.wav	5356.782	5357.459	0.677	15.4	212.6	197.2	48.0	
570	Spectrogram 1	1	AU-BS02a-120827-060000.wav	5359.263	5359.940	0.677	15.4	209.6	194.1	48.0	
571	Spectrogram 1	1	AU-BS02a-120827-060000.wav	5361.654	5362.241	0.586	27.7	212.6	184.9	40.0	
572	Spectrogram 1	1	AU-BS02a-120827-060000.wav	5364.045	5364.857	0.812	15.4	212.6	197.2	40.0	
573	Spectrogram 1	1	AU-BS02a-120827-060000.wav	5366.436	5367.113	0.677	21.6	218.8	197.2	40.0	
574	Spectrogram 1	1	AU-BS02a-120827-060000.wav	5368.917	5369.639	0.722	21.6	225.0	203.4	24.0	
575	Spectrogram 1	1	AU-BS02a-120827-060000.wav	5371.534	5372.481	0.947	12.3	231.1	218.8	24.0	
576	Spectrogram 1	1	AU-BS02a-120827-060000.wav	5374.692	5375.459	0.767	12.3	228.0	215.7	32.0	
577	Spectrogram 1	1	AU-BS02a-120827-060000.wav	5387.775	5388.000	0.226	33.9	1161.8	1127.9	128.0	start gs
578	Spectrogram 1	1	AU-BS02a-120827-060000.wav	5391.790	5391.970	0.180	37.0	1978.4	1941.4	240.0	
579	Spectrogram 1	1	AU-BS02a-120827-060000.wav	5395.624	5395.805	0.180	37.0	1978.4	1941.4	656.0	
580	Spectrogram 1	1	AU-BS02a-120827-060000.wav	5399.459	5399.639	0.180	37.0	1990.8	1953.8	144.0	
581	Spectrogram 1	1	AU-BS02a-120827-061000.wav	5403.339	5403.519	0.180	15.4	1990.8	1975.3	144.0	
582	Spectrogram 1	1	AU-BS02a-120827-061000.wav	5407.218	5407.399	0.180	33.9	1993.8	1959.9	224.0	
583	Spectrogram 1	1	AU-BS02a-120827-061000.wav	5411.053	5411.233	0.180	37.0	1996.9	1959.9	200.0	
584	Spectrogram 1	1	AU-BS02a-120827-061000.wav	5414.932	5415.113	0.180	37.0	1990.8	1953.8	184.0	
585	Spectrogram 1	1	AU-BS02a-120827-061000.wav	5418.722	5418.902	0.180	30.8	1987.7	1956.9	176.0	
586	Spectrogram 1	1	AU-BS02a-120827-061000.wav	5422.557	5422.782	0.226	21.6	1993.8	1972.3	224.0	
587	Spectrogram 1	1	AU-BS02a-120827-061000.wav	5426.346	5426.526	0.180	24.7	1984.6	1959.9	176.0	
588	Spectrogram 1	1	AU-BS02a-120827-061000.wav	5430.090	5430.316	0.226	27.7	1947.6	1919.9	176.0	
589	Spectrogram 1	1	AU-BS02a-120827-061000.wav	5434.196	5434.376	0.180	20.0	1958.4	1938.4	768.0	
590	Spectrogram 1	1	AU-BS02a-120827-061000.wav	5438.143	5438.369	0.226	27.7	1476.1	1448.4	72.0	
591	Spectrogram 1	1	AU-BS02a-120827-061000.wav	5441.910	5442.136	0.226	24.7	1257.3	1232.7	152.0	
592	Spectrogram 1	1	AU-BS02a-120827-061000.wav	5445.925	5446.196	0.271	21.6	1180.3	1158.7	144.0	
593	Spectrogram 1	1	AU-BS02a-120827-061000.wav	5449.489	5449.760	0.271	33.9	1140.2	1106.3	152.0	
594	Spectrogram 1	1	AU-BS02a-120827-061000.wav	5453.188	5453.504	0.316	27.7	1371.3	1343.6	208.0	end main phrase
595	Spectrogram 1	1	AU-BS02a-120827-061000.wav	5469.384	5469.654	0.271	30.8	637.9	607.1	248.0	
596	Spectrogram 1	1	AU-BS02a-120827-061000.wav	5473.218	5473.489	0.271	27.7	502.3	474.6	288.0	
597	Spectrogram 1	1	AU-BS02a-120827-061000.wav	5477.233	5477.504	0.271	33.9	437.6	403.7	56.0	
598	Spectrogram 1	1	AU-BS02a-120827-061000.wav	5481.068	5481.339	0.271	24.7	462.2	437.6	40.0	
599	Spectrogram 1	1	AU-BS02a-120827-061000.wav	5496.136	5496.406	0.271	60.1	1751.9	1691.8	64.0	
600	Spectrogram 1	1	AU-BS02a-120827-061000.wav	5500.286	5500.511	0.226	43.1	1704.2	1661.0	64.0	
601	Spectrogram 1	1	AU-BS02a-120827-061000.wav	5504.617	5504.887	0.271	27.7	1682.6	1654.9	208.0	
602	Spectrogram 1	1	AU-BS02a-120827-061000.wav	5508.587	5508.812	0.226	30.8	1417.6	1386.7	64.0	
603	Spectrogram 1	1	AU-BS02a-120827-061000.wav	5525.278	5525.549	0.271	46.2	1765.8	1719.6	120.0	
604	Spectrogram 1	1	AU-BS02a-120827-061000.wav	5529.384	5529.609	0.226	61.6	1750.4	1688.8	200.0	
605	Spectrogram 1	1	AU-BS02a-120827-061000.wav	5533.421	5533.737	0.316	40.1	1417.6	1377.5	64.0	
606	Spectrogram 1	1	AU-BS02a-120827-061000.wav	5537.955	5538.271	0.316	27.7	1420.6	1392.9	344.0	
607	Spectrogram 1	1	AU-BS02a-120827-061000.wav	5550.632	5550.902	0.271	30.8	1707.2	1676.4	112.0	
608	Spectrogram 1	1	AU-BS02a-120827-061000.wav	5555.143	5555.414	0.271	74.0	1719.6	1645.6	896.0	
609	Spectrogram 1	1	AU-BS02a-120827-061000.wav	5559.790	5560.060	0.271	37.0	1694.9	1657.9	264.0	
610	Spectrogram 1	1	AU-BS02a-120827-061000.wav	5574.226	5574.496	0.271	41.6	1129.4	1087.8	400.0	
611	Spectrogram 1	1	AU-BS02a-120827-061000.wav	5578.331	5578.602	0.271	55.5	1177.2	1121.7	80.0	
612	Spectrogram 1	1	AU-BS02a-120827-061000.wav	5582.301	5582.526	0.226	43.1	1115.6	1072.4	120.0	
613	Spectrogram 1	1	AU-BS02a-120827-061000.wav	5586.722	5586.993	0.271	37.0	1728.8	1691.8	96.0	end pattern
614	Spectrogram 1	1	AU-BS02a-120827-061000.wav	5639.369	5640.045	0.677	9.2	215.7	206.5	16.0	start pattern
615	Spectrogram 1	1	AU-BS02a-120827-061000.wav	5641.985	5642.526	0.541	15.4	206.5	191.1	48.0	
616	Spectrogram 1	1	AU-BS02a-120827-061000.wav	5644.466	5645.008	0.541	18.5	258.9	240.4	48.0	
617	Spectrogram 1	1	AU-BS02a-120827-061000.wav	5646.902	5647.624	0.722	18.5	252.7	234.2	48.0	
618	Spectrogram 1	1	AU-BS02a-120827-061000.wav	5649.654	5650.286	0.632	27.7	225.0	197.2	48.0	
619	Spectrogram 1	1	AU-BS02a-120827-061000.wav	5651.955	5652.812	0.857	15.4	209.6	194.1	24.0	
620	Spectrogram 1	1	AU-BS02a-120827-061000.wav	5654.707	5655.339	0.632	15.4	228.0	212.6	40.0	
621	Spectrogram 1	1	AU-BS02a-120827-061000.wav	5657.053	5657.820	0.767	18.5	237.3	218.8	40.0	
622	Spectrogram 1	1	AU-BS02a-120827-061000.wav	5660.887	5661.880	0.992	15.4	225.0	209.6	56.0	
623	Spectrogram 1	1	AU-BS02a-120827-061000.wav	5674.241	5674.466	0.226	27.7	1235.7	1208.0	160.0	start gs
624	Spectrogram 1	1	AU-BS02a-120827-061000.wav	5678.301	5678.436	0.135	24.7	1959.9	1935.3	136.0	
625	Spectrogram 1	1	AU-BS02a-120827-061000.wav	5682.136	5682.316	0.180	33.9	1990.8	1956.9	240.0	
626	Spectrogram 1	1	AU-BS02a-120827-061000.wav	5686.015	5686.196	0.180	46.2	1963.0	1916.8	144.0	
627	Spectrogram 1	1	AU-BS02a-120827-061000.wav	5689.895	5690.120	0.226	24.7	1978.4	1953.8	248.0	
628	Spectrogram 1	1	AU-BS02a-120827-061000.wav	5693.684	5693.865	0.180	21.6	1978.4	1956.9	256.0	
629	Spectrogram 1	1	AU-BS02a-120827-061000.wav	5697.519	5697.699	0.180	18.5	1990.8	1972.3	216.0	
630	Spectrogram 1	1	AU-BS02a-120827-061000.wav	5701.399	5701.579	0.180	33.9	1984.6	1950.7	176.0	
631	Spectrogram 1	1	AU-BS02a-120827-061000.wav	5705.233	5705.459	0.226	30.8	1978.4	1947.6	568.0	
632	Spectrogram 1	1	AU-BS02a-120827-061000.wav	5709.068	5709.293	0.226	24.7	1990.8	1966.1	176.0	
633	Spectrogram 1	1	AU-BS02a-120827-061000.wav	5712.812	5712.993	0.180	24.7	1990.8	1966.1	160.0	
634	Spectrogram 1	1	AU-BS02a-120827-061000.wav	5716.557	5716.782	0.226	30.8	1701.1	1670.3	176.0	
635	Spectrogram 1	1	AU-BS02a-120827-061000.wav	5720.797	5720.978	0.180	15.4	1975.3	1959.9	208.0	
636	Spectrogram 1	1	AU-BS02a-120827-061000.wav	5724.812	5724.993	0.180	27.7	1741.1	1713.4	72.0	
637	Spectrogram 1	1	AU-BS02a-120827-061000.wav	5728.557	5728.782	0.226	24.7	1691.8	1667.2	176.0	
638	Spectrogram 1	1	AU-BS02a-120827-061000.wav	5732.662	5732.887	0.226	3.1	1192.6	1189.5	232.0	
639	Spectrogram 1	1	AU-BS02a-120827-061000.wav	5736.361	5736.587	0.226	27.7	610.2	582.4	96.0	
640	Spectrogram 1	1	AU-BS02a-120827-061000.wav	5739.925	5740.196	0.271	15.4	637.9	622.5	184.0	end main phrase
641	Spectrogram 1	1	AU-BS02a-120827-061000.wav	5755.354	5755.624	0.271	40.1	613.3	573.2	64.0	
642	Spectrogram 1	1	AU-BS02a-120827-061000.wav	5759.369	5759.594	0.226	30.8	607.1	576.3	64.0	
643	Spectrogram 1	1	AU-BS02a-120827-061000.wav	5763.339	5763.609	0.271	23.1	408.3	385.2	144.0	
644	Spectrogram 1	1	AU-BS02a-120827-061000.wav	5767.038	5767.308	0.271	24.7	400.6	376.0	40.0	
645	Spectrogram 1	1	AU-BS02a-120827-061000.wav	5780.526	5780.797	0.271	30.8	243.5	212.6	48.0	
646	Spectrogram 1	1	AU-BS02a-120827-061000.wav	5784.496	5784.767	0.271	20.0	1932.2	1912.2	208.0	
647	Spectrogram 1	1	AU-BS02a-120827-061000.wav	5788.782	5789.053	0.271	27.7	1932.2	1904.5	40.0	
648	Spectrogram 1	1	AU-BS02a-120827-061000.wav	5793.248	5793.564	0.316	33.9	1682.6	1648.7	160.0	end pattern
649	Spectrogram 1	1	AU-BS02a-120827-061000.wav	5910.948	5911.669	0.722	15.4	225.0	209.6	40.0	start pattern
650	Spectrogram 1	1	AU-BS02a-120827-061000.wav	5913.880	5914.466	0.586	27.7	228.0	200.3	48.0	
651	Spectrogram 1	1	AU-BS02a-120827-061000.wav	5916.271	5916.857	0.586	15.4	237.3	221.9	56.0	
652	Spectrogram 1	1	AU-BS02a-120827-061000.wav	5919.023	5919.609	0.586	15.4	234.2	218.8	48.0	
653	Spectrogram 1	1	AU-BS02a-120827-061000.wav	5921.729	5922.361	0.632	15.4	212.6	197.2	40.0	
654	Spectrogram 1	1	AU-BS02a-120827-061000.wav	5926.421	5927.008	0.586	18.5	231.1	212.6	40.0	
655	Spectrogram 1	1	AU-BS02a-120827-061000.wav	5928.722	5929.354	0.632	15.4	228.0	212.6	24.0	
656	Spectrogram 1	1	AU-BS02a-120827-061000.wav	5931.203	5932.015	0.812	12.3	218.8	206.5	24.0	
657	Spectrogram 1	1	AU-BS02a-120827-061000.wav	5934.677	5935.489	0.812	18.5	237.3	218.8	48.0	
658	Spectrogram 1	1	AU-BS02a-120827-061000.wav	5948.120	5948.301	0.180	49.3	1929.1	1879.8	200.0	start gs
659	Spectrogram 1	1	AU-BS02a-120827-061000.wav	5952.136	5952.316	0.180	43.1	1944.5	1901.4	192.0	
660	Spectrogram 1	1	AU-BS02a-120827-061000.wav	5956.015	5956.241	0.226	46.2	1886.0	1839.8	192.0	
661	Spectrogram 1	1	AU-BS02a-120827-061000.wav	5959.850	5960.075	0.226	15.4	1904.5	1889.1	200.0	
662	Spectrogram 1	1	AU-BS02a-120827-061000.wav	5963.729	5963.910	0.180	24.7	1577.8	1553.2	216.0	
663	Spectrogram 1	1	AU-BS02a-120827-061000.wav	5967.474	5967.699	0.226	18.5	1966.1	1947.6	216.0	
664	Spectrogram 1	1	AU-BS02a-120827-061000.wav	5971.308	5971.534	0.226	12.3	1784.3	1772.0	168.0	
665	Spectrogram 1	1	AU-BS02a-120827-061000.wav	5975.143	5975.369	0.226	24.7	1849.0	1824.3	216.0	
666	Spectrogram 1	1	AU-BS02a-120827-061000.wav	5979.023	5979.248	0.226	24.7	1845.9	1821.3	216.0	
667	Spectrogram 1	1	AU-BS02a-120827-061000.wav	5982.857	5983.083	0.226	30.8	1731.9	1701.1	216.0	
668	Spectrogram 1	1	AU-BS02a-120827-061000.wav	5986.602	5986.827	0.226	46.2	1990.8	1944.5	216.0	
669	Spectrogram 1	1	AU-BS02a-120827-061000.wav	5990.617	5990.842	0.226	40.1	1987.7	1947.6	72.0	
670	Spectrogram 1	1	AU-BS02a-120827-061000.wav	5994.654	5994.880	0.226	37.0	1725.7	1688.8	40.0	
671	Spectrogram 1	1	AU-BS02a-120827-061000.wav	5998.557	5998.782	0.226	40.1	1778.1	1738.1	168.0	
672	Spectrogram 1	1	AU-BS02a-120827-062000.wav	6002.346	6002.572	0.226	33.9	1728.8	1694.9	208.0	
673	Spectrogram 1	1	AU-BS02a-120827-062000.wav	6006.361	6006.632	0.271	21.6	1827.4	1805.9	176.0	
674	Spectrogram 1	1	AU-BS02a-120827-062000.wav	6010.060	6010.331	0.271	21.6	1374.4	1352.9	208.0	
675	Spectrogram 1	1	AU-BS02a-120827-062000.wav	6013.760	6014.030	0.271	27.7	1340.5	1312.8	168.0	end main phrawse
676	Spectrogram 1	1	AU-BS02a-120827-062000.wav	6027.745	6027.970	0.226	30.8	1590.1	1559.3	168.0	
677	Spectrogram 1	1	AU-BS02a-120827-062000.wav	6031.602	6031.827	0.226	37.0	1201.8	1164.9	136.0	
678	Spectrogram 1	1	AU-BS02a-120827-062000.wav	6035.526	6035.752	0.226	27.7	1097.1	1069.3	40.0	
679	Spectrogram 1	1	AU-BS02a-120827-062000.wav	6039.339	6039.609	0.271	24.7	992.3	967.6	48.0	
680	Spectrogram 1	1	AU-BS02a-120827-062000.wav	6052.241	6052.511	0.271	21.6	1075.5	1053.9	56.0	
681	Spectrogram 1	1	AU-BS02a-120827-062000.wav	6056.075	6056.391	0.316	33.9	1081.7	1047.8	48.0	
682	Spectrogram 1	1	AU-BS02a-120827-062000.wav	6060.181	6060.451	0.271	30.8	1590.1	1559.3	56.0	
683	Spectrogram 1	1	AU-BS02a-120827-062000.wav	6064.286	6064.511	0.226	46.2	1322.0	1275.8	56.0	
684	Spectrogram 1	1	AU-BS02a-120827-062000.wav	6068.662	6068.932	0.271	30.8	1722.7	1691.8	64.0	
685	Spectrogram 1	1	AU-BS02a-120827-062000.wav	6084.045	6084.316	0.271	40.1	1491.5	1451.5	184.0	
686	Spectrogram 1	1	AU-BS02a-120827-062000.wav	6088.105	6088.331	0.226	12.3	1562.4	1550.1	56.0	
687	Spectrogram 1	1	AU-BS02a-120827-062000.wav	6092.481	6092.797	0.316	40.1	1919.9	1879.8	184.0	
688	Spectrogram 1	1	AU-BS02a-120827-062000.wav	6096.767	6096.993	0.226	37.0	1195.7	1158.7	200.0	
689	Spectrogram 1	1	AU-BS02a-120827-062000.wav	6112.917	6113.188	0.271	37.0	1010.8	973.8	56.0	
690	Spectrogram 1	1	AU-BS02a-120827-062000.wav	6117.023	6117.248	0.226	33.9	711.9	678.0	208.0	
691	Spectrogram 1	1	AU-BS02a-120827-062000.wav	6120.993	6121.308	0.316	40.1	1029.3	989.2	184.0	end pattern
692	Spectrogram 1	1	AU-BS02a-120827-062000.wav	6182.346	6182.887	0.541	21.6	221.9	200.3	40.0	start pattern
693	Spectrogram 1	1	AU-BS02a-120827-062000.wav	6185.008	6185.684	0.677	9.2	212.6	203.4	48.0	
694	Spectrogram 1	1	AU-BS02a-120827-062000.wav	6187.308	6187.940	0.632	15.4	215.7	200.3	48.0	
695	Spectrogram 1	1	AU-BS02a-120827-062000.wav	6189.745	6190.376	0.632	9.2	206.5	197.2	48.0	
696	Spectrogram 1	1	AU-BS02a-120827-062000.wav	6192.090	6192.857	0.767	24.7	203.4	178.7	48.0	
697	Spectrogram 1	1	AU-BS02a-120827-062000.wav	6194.752	6195.519	0.767	18.5	231.1	212.6	24.0	
698	Spectrogram 1	1	AU-BS02a-120827-062000.wav	6196.917	6197.775	0.857	12.3	228.0	215.7	40.0	
699	Spectrogram 1	1	AU-BS02a-120827-062000.wav	6199.308	6200.030	0.722	12.3	215.7	203.4	56.0	
700	Spectrogram 1	1	AU-BS02a-120827-062000.wav	6201.654	6202.602	0.947	15.4	225.0	209.6	24.0	
701	Spectrogram 1	1	AU-BS02a-120827-062000.wav	6205.218	6206.211	0.992	12.3	249.6	237.3	56.0	
702	Spectrogram 1	1	AU-BS02a-120827-062000.wav	6219.023	6219.203	0.180	43.1	1608.6	1565.5	168.0	start gs
703	Spectrogram 1	1	AU-BS02a-120827-062000.wav	6223.038	6223.218	0.180	37.0	1756.5	1719.6	152.0	
704	Spectrogram 1	1	AU-BS02a-120827-062000.wav	6226.917	6227.098	0.180	43.1	1830.5	1787.4	200.0	
705	Spectrogram 1	1	AU-BS02a-120827-062000.wav	6230.707	6230.887	0.180	40.1	1990.8	1950.7	152.0	
706	Spectrogram 1	1	AU-BS02a-120827-062000.wav	6234.632	6234.857	0.226	24.7	1879.8	1855.2	600.0	
707	Spectrogram 1	1	AU-BS02a-120827-062000.wav	6238.421	6238.602	0.180	6.2	1987.7	1981.5	216.0	
708	Spectrogram 1	1	AU-BS02a-120827-062000.wav	6242.256	6242.481	0.226	18.5	1990.8	1972.3	216.0	
709	Spectrogram 1	1	AU-BS02a-120827-062000.wav	6246.090	6246.271	0.180	18.5	1969.2	1950.7	216.0	
710	Spectrogram 1	1	AU-BS02a-120827-062000.wav	6249.880	6250.060	0.180	18.5	1990.8	1972.3	80.0	
711	Spectrogram 1	1	AU-BS02a-120827-062000.wav	6253.624	6253.895	0.271	15.4	1975.3	1959.9	72.0	
712	Spectrogram 1	1	AU-BS02a-120827-062000.wav	6257.459	6257.684	0.226	9.2	1987.7	1978.4	176.0	
713	Spectrogram 1	1	AU-BS02a-120827-062000.wav	6261.158	6261.384	0.226	15.4	1990.8	1975.3	216.0	
714	Spectrogram 1	1	AU-BS02a-120827-062000.wav	6265.263	6265.444	0.180	15.4	1996.9	1981.5	72.0	
715	Spectrogram 1	1	AU-BS02a-120827-062000.wav	6269.233	6269.459	0.226	24.7	1328.2	1303.5	144.0	
716	Spectrogram 1	1	AU-BS02a-120827-062000.wav	6273.158	6273.429	0.271	18.5	1966.1	1947.6	56.0	
717	Spectrogram 1	1	AU-BS02a-120827-062000.wav	6277.263	6277.534	0.271	15.4	1605.5	1590.1	184.0	
718	Spectrogram 1	1	AU-BS02a-120827-062000.wav	6281.008	6281.323	0.316	9.2	798.2	788.9	208.0	
719	Spectrogram 1	1	AU-BS02a-120827-062000.wav	6284.797	6285.113	0.316	21.6	850.5	829.0	120.0	end main phrase
720	Spectrogram 1	1	AU-BS02a-120827-062000.wav	6298.872	6299.188	0.316	37.0	376.0	339.0	64.0	
721	Spectrogram 1	1	AU-BS02a-120827-062000.wav	6302.662	6302.978	0.316	18.5	551.6	533.1	48.0	
722	Spectrogram 1	1	AU-BS02a-120827-062000.wav	6306.542	6306.857	0.316	21.6	600.9	579.4	48.0	
723	Spectrogram 1	1	AU-BS02a-120827-062000.wav	6310.602	6310.917	0.316	24.7	1303.5	1278.9	184.0	
724	Spectrogram 1	1	AU-BS02a-120827-062000.wav	6314.504	6314.820	0.316	21.6	668.7	647.1	176.0	
725	Spectrogram 1	1	AU-BS02a-120827-062000.wav	6333.880	6334.196	0.316	30.8	838.2	807.4	64.0	
726	Spectrogram 1	1	AU-BS02a-120827-062000.wav	6338.030	6338.301	0.271	40.1	1248.1	1208.0	56.0	
727	Spectrogram 1	1	AU-BS02a-120827-062000.wav	6342.181	6342.496	0.316	37.0	1149.5	1112.5	56.0	
728	Spectrogram 1	1	AU-BS02a-120827-062000.wav	6346.331	6346.647	0.316	30.8	1759.6	1728.8	208.0	
729	Spectrogram 1	1	AU-BS02a-120827-062000.wav	6350.211	6350.481	0.271	43.1	1670.3	1627.1	64.0	
730	Spectrogram 1	1	AU-BS02a-120827-062000.wav	6364.963	6365.233	0.271	46.2	1670.3	1624.0	64.0	
731	Spectrogram 1	1	AU-BS02a-120827-062000.wav	6369.384	6369.654	0.271	21.6	1562.4	1540.8	200.0	
732	Spectrogram 1	1	AU-BS02a-120827-062000.wav	6373.579	6373.895	0.316	40.1	1084.7	1044.7	184.0	
733	Spectrogram 1	1	AU-BS02a-120827-062000.wav	6377.910	6378.226	0.316	30.8	1217.3	1186.4	48.0	end pattern
734	Spectrogram 1	1	AU-BS02a-120827-062000.wav	6463.083	6463.669	0.586	15.4	228.0	212.6	184.0	start pattern
735	Spectrogram 1	1	AU-BS02a-120827-062000.wav	6465.835	6466.557	0.722	18.5	206.5	188.0	48.0	
736	Spectrogram 1	1	AU-BS02a-120827-062000.wav	6468.587	6469.308	0.722	15.4	212.6	197.2	48.0	
737	Spectrogram 1	1	AU-BS02a-120827-062000.wav	6471.023	6471.880	0.857	12.3	221.9	209.6	48.0	
738	Spectrogram 1	1	AU-BS02a-120827-062000.wav	6473.684	6474.496	0.812	9.2	237.3	228.0	48.0	
739	Spectrogram 1	1	AU-BS02a-120827-062000.wav	6476.211	6477.158	0.947	12.3	234.2	221.9	48.0	
740	Spectrogram 1	1	AU-BS02a-120827-062000.wav	6478.782	6479.684	0.902	12.3	225.0	212.6	64.0	
741	Spectrogram 1	1	AU-BS02a-120827-062000.wav	6481.038	6482.030	0.992	15.4	221.9	206.5	40.0	
742	Spectrogram 1	1	AU-BS02a-120827-062000.wav	6483.880	6484.872	0.992	15.4	215.7	200.3	48.0	
743	Spectrogram 1	1	AU-BS02a-120827-062000.wav	6486.542	6487.354	0.812	15.4	215.7	200.3	48.0	
744	Spectrogram 1	1	AU-BS02a-120827-062000.wav	6499.489	6499.714	0.226	30.8	1969.2	1938.4	208.0	start gs
745	Spectrogram 1	1	AU-BS02a-120827-062000.wav	6503.549	6503.729	0.180	43.1	1420.6	1377.5	200.0	
746	Spectrogram 1	1	AU-BS02a-120827-062000.wav	6507.474	6507.654	0.180	33.9	1901.4	1867.5	112.0	
747	Spectrogram 1	1	AU-BS02a-120827-062000.wav	6511.218	6511.399	0.180	15.4	1867.5	1852.1	216.0	
748	Spectrogram 1	1	AU-BS02a-120827-062000.wav	6515.098	6515.278	0.180	33.9	1913.7	1879.8	144.0	
749	Spectrogram 1	1	AU-BS02a-120827-062000.wav	6518.887	6519.068	0.180	27.7	1966.1	1938.4	256.0	
750	Spectrogram 1	1	AU-BS02a-120827-062000.wav	6522.767	6522.948	0.180	18.5	1966.1	1947.6	128.0	
751	Spectrogram 1	1	AU-BS02a-120827-062000.wav	6526.557	6526.782	0.226	9.2	1987.7	1978.4	232.0	
752	Spectrogram 1	1	AU-BS02a-120827-062000.wav	6530.391	6530.617	0.226	30.8	1975.3	1944.5	216.0	
753	Spectrogram 1	1	AU-BS02a-120827-062000.wav	6534.271	6534.451	0.180	21.6	1892.1	1870.6	216.0	
754	Spectrogram 1	1	AU-BS02a-120827-062000.wav	6538.015	6538.286	0.271	9.2	1941.4	1932.2	216.0	
755	Spectrogram 1	1	AU-BS02a-120827-062000.wav	6541.895	6542.120	0.226	27.7	1858.2	1830.5	160.0	
756	Spectrogram 1	1	AU-BS02a-120827-062000.wav	6545.775	6545.955	0.180	30.8	1491.5	1460.7	136.0	
757	Spectrogram 1	1	AU-BS02a-120827-062000.wav	6549.654	6549.835	0.180	23.1	1488.4	1465.3	64.0	
758	Spectrogram 1	1	AU-BS02a-120827-062000.wav	6553.647	6553.872	0.226	27.7	1217.3	1189.5	144.0	
759	Spectrogram 1	1	AU-BS02a-120827-062000.wav	6557.684	6557.910	0.226	12.3	1109.4	1097.1	64.0	
760	Spectrogram 1	1	AU-BS02a-120827-062000.wav	6561.925	6562.151	0.226	33.9	1728.8	1694.9	200.0	
761	Spectrogram 1	1	AU-BS02a-120827-062000.wav	6566.166	6566.436	0.271	18.5	1898.3	1879.8	112.0	
762	Spectrogram 1	1	AU-BS02a-120827-062000.wav	6570.406	6570.677	0.271	24.7	1895.2	1870.6	160.0	
763	Spectrogram 1	1	AU-BS02a-120827-062000.wav	6574.511	6574.782	0.271	43.1	1929.1	1886.0	184.0	end pattern
764	Spectrogram 1	1	AU-BS02a-120827-063000.wav	6699.564	6700.376	0.812	12.3	231.1	218.8	48.0	
765	Spectrogram 1	1	AU-BS02a-120827-063000.wav	6702.406	6703.263	0.857	18.5	215.7	197.2	24.0	
766	Spectrogram 1	1	AU-BS02a-120827-063000.wav	6705.158	6705.925	0.767	21.6	218.8	197.2	24.0	
767	Spectrogram 1	1	AU-BS02a-120827-063000.wav	6707.549	6708.361	0.812	21.6	228.0	206.5	48.0	
768	Spectrogram 1	1	AU-BS02a-120827-063000.wav	6710.211	6710.978	0.767	21.6	228.0	206.5	24.0	
769	Spectrogram 1	1	AU-BS02a-120827-063000.wav	6713.323	6714.045	0.722	18.5	215.7	197.2	56.0	
770	Spectrogram 1	1	AU-BS02a-120827-063000.wav	6716.211	6717.158	0.947	15.4	209.6	194.1	24.0	
772	Spectrogram 1	1	AU-BS02a-120827-063000.wav	6729.158	6729.339	0.180	77.0	1938.4	1861.3	480.0	start gs
773	Spectrogram 1	1	AU-BS02a-120827-063000.wav	6733.128	6733.308	0.180	55.5	1926.0	1870.6	560.0	
774	Spectrogram 1	1	AU-BS02a-120827-063000.wav	6737.053	6737.233	0.180	15.4	1993.8	1978.4	416.0	
775	Spectrogram 1	1	AU-BS02a-120827-063000.wav	6740.887	6741.068	0.180	46.2	1996.9	1950.7	352.0	
776	Spectrogram 1	1	AU-BS02a-120827-063000.wav	6744.722	6744.948	0.226	18.5	1993.8	1975.3	232.0	
777	Spectrogram 1	1	AU-BS02a-120827-063000.wav	6748.602	6748.827	0.226	24.7	1981.5	1956.9	288.0	
778	Spectrogram 1	1	AU-BS02a-120827-063000.wav	6752.436	6752.662	0.226	24.7	1845.9	1821.3	136.0	
779	Spectrogram 1	1	AU-BS02a-120827-063000.wav	6756.361	6756.587	0.226	21.6	1996.9	1975.3	80.0	
780	Spectrogram 1	1	AU-BS02a-120827-063000.wav	6760.196	6760.421	0.226	27.7	1923.0	1895.2	128.0	
781	Spectrogram 1	1	AU-BS02a-120827-063000.wav	6764.008	6764.233	0.226	30.8	1621.0	1590.1	72.0	
782	Spectrogram 1	1	AU-BS02a-120827-063000.wav	6767.955	6768.181	0.226	40.1	1815.1	1775.0	128.0	
783	Spectrogram 1	1	AU-BS02a-120827-063000.wav	6771.970	6772.196	0.226	21.6	1300.5	1278.9	56.0	
784	Spectrogram 1	1	AU-BS02a-120827-063000.wav	6775.895	6776.166	0.271	18.5	933.7	915.3	56.0	
785	Spectrogram 1	1	AU-BS02a-120827-063000.wav	6779.775	6780.000	0.226	24.7	1072.4	1047.8	200.0	
786	Spectrogram 1	1	AU-BS02a-120827-063000.wav	6783.812	6784.038	0.226	7.7	1540.8	1533.1	176.0	
787	Spectrogram 1	1	AU-BS02a-120827-063000.wav	6787.444	6787.714	0.271	24.7	1978.4	1953.8	128.0	end main phrase
788	Spectrogram 1	1	AU-BS02a-120827-063000.wav	6798.812	6799.083	0.271	33.9	1895.2	1861.3	72.0	
789	Spectrogram 1	1	AU-BS02a-120827-063000.wav	6802.782	6803.053	0.271	37.0	1929.1	1892.1	120.0	
790	Spectrogram 1	1	AU-BS02a-120827-063000.wav	6806.797	6807.158	0.361	33.9	1950.7	1916.8	176.0	end pattern
791	Spectrogram 1	1	AU-BS02a-120827-063000.wav	6954.812	6955.399	0.586	21.6	209.6	188.0	40.0	start pattern
792	Spectrogram 1	1	AU-BS02a-120827-063000.wav	6957.654	6958.331	0.677	12.3	221.9	209.6	40.0	
793	Spectrogram 1	1	AU-BS02a-120827-063000.wav	6959.955	6960.632	0.677	18.5	209.6	191.1	48.0	
794	Spectrogram 1	1	AU-BS02a-120827-063000.wav	6962.391	6963.068	0.677	21.6	228.0	206.5	192.0	
795	Spectrogram 1	1	AU-BS02a-120827-063000.wav	6964.963	6965.549	0.586	12.3	231.1	218.8	40.0	
796	Spectrogram 1	1	AU-BS02a-120827-063000.wav	6967.263	6967.940	0.677	15.4	225.0	209.6	48.0	
797	Spectrogram 1	1	AU-BS02a-120827-063000.wav	6969.519	6970.421	0.902	15.4	218.8	203.4	80.0	
798	Spectrogram 1	1	AU-BS02a-120827-063000.wav	6971.820	6972.722	0.902	15.4	215.7	200.3	32.0	
799	Spectrogram 1	1	AU-BS02a-120827-063000.wav	6974.617	6975.519	0.902	15.4	206.5	191.1	24.0	
800	Spectrogram 1	1	AU-BS02a-120827-063000.wav	6977.820	6978.812	0.992	18.5	209.6	191.1	56.0	
801	Spectrogram 1	1	AU-BS02a-120827-063000.wav	6991.399	6991.624	0.226	24.7	1682.6	1657.9	176.0	start gs
802	Spectrogram 1	1	AU-BS02a-120827-063000.wav	6995.414	6995.594	0.180	21.6	1479.2	1457.6	864.0	
803	Spectrogram 1	1	AU-BS02a-120827-063000.wav	6999.293	6999.474	0.180	37.0	1984.6	1947.6	816.0	
804	Spectrogram 1	1	AU-BS02a-120827-063000.wav	7003.128	7003.308	0.180	24.7	1990.8	1966.1	240.0	
805	Spectrogram 1	1	AU-BS02a-120827-063000.wav	7006.918	7007.143	0.226	33.9	1987.7	1953.8	824.0	
806	Spectrogram 1	1	AU-BS02a-120827-063000.wav	7010.797	7011.023	0.226	46.2	1550.1	1503.9	240.0	
807	Spectrogram 1	1	AU-BS02a-120827-063000.wav	7014.632	7014.812	0.180	18.5	1969.2	1950.7	224.0	
808	Spectrogram 1	1	AU-BS02a-120827-063000.wav	7018.511	7018.692	0.180	24.7	1990.8	1966.1	32.0	
809	Spectrogram 1	1	AU-BS02a-120827-063000.wav	7022.301	7022.481	0.180	43.1	1990.8	1947.6	152.0	
810	Spectrogram 1	1	AU-BS02a-120827-063000.wav	7026.226	7026.451	0.226	30.8	1996.9	1966.1	200.0	
811	Spectrogram 1	1	AU-BS02a-120827-063000.wav	7030.015	7030.241	0.226	43.1	1691.8	1648.7	96.0	
812	Spectrogram 1	1	AU-BS02a-120827-063000.wav	7033.895	7034.075	0.180	27.7	1103.2	1075.5	96.0	
813	Spectrogram 1	1	AU-BS02a-120827-063000.wav	7037.865	7038.090	0.226	40.1	1232.7	1192.6	104.0	
814	Spectrogram 1	1	AU-BS02a-120827-063000.wav	7041.745	7041.970	0.226	30.8	1389.8	1359.0	216.0	
815	Spectrogram 1	1	AU-BS02a-120827-063000.wav	7045.624	7045.850	0.226	15.4	1023.1	1007.7	104.0	
816	Spectrogram 1	1	AU-BS02a-120827-063000.wav	7049.775	7050.000	0.226	37.0	890.6	853.6	64.0	end main phrase
817	Spectrogram 1	1	AU-BS02a-120827-063000.wav	7081.895	7082.166	0.271	52.4	967.6	915.3	64.0	
818	Spectrogram 1	1	AU-BS02a-120827-063000.wav	7086.000	7086.271	0.271	29.3	1739.6	1710.3	88.0	
819	Spectrogram 1	1	AU-BS02a-120827-063000.wav	7090.105	7090.376	0.271	24.7	1312.8	1288.1	48.0	
820	Spectrogram 1	1	AU-BS02a-120827-063000.wav	7105.263	7105.579	0.316	21.6	1315.9	1294.3	136.0	
821	Spectrogram 1	1	AU-BS02a-120827-063000.wav	7109.504	7109.775	0.271	27.7	1987.7	1959.9	48.0	
822	Spectrogram 1	1	AU-BS02a-120827-063000.wav	7113.835	7114.105	0.271	49.3	1898.3	1849.0	208.0	end pattern
823	Spectrogram 1	1	AU-BS02a-120827-070000.wav	7496.707	7497.293	0.586	15.4	218.8	203.4	56.0	start pattern
824	Spectrogram 1	1	AU-BS02a-120827-070000.wav	7499.414	7500.045	0.632	12.3	221.9	209.6	48.0	
825	Spectrogram 1	1	AU-BS02a-120827-070000.wav	7501.850	7502.662	0.812	12.3	277.3	265.0	40.0	
826	Spectrogram 1	1	AU-BS02a-120827-070000.wav	7504.241	7504.963	0.722	12.3	258.9	246.5	24.0	
827	Spectrogram 1	1	AU-BS02a-120827-070000.wav	7506.767	7507.624	0.857	12.3	258.9	246.5	168.0	
828	Spectrogram 1	1	AU-BS02a-120827-070000.wav	7509.339	7510.060	0.722	15.4	225.0	209.6	168.0	
829	Spectrogram 1	1	AU-BS02a-120827-070000.wav	7512.136	7512.948	0.812	24.7	228.0	203.4	40.0	
830	Spectrogram 1	1	AU-BS02a-120827-070000.wav	7515.654	7516.557	0.902	18.5	225.0	206.5	24.0	
831	Spectrogram 1	1	AU-BS02a-120827-070000.wav	7529.143	7529.324	0.180	61.6	1753.5	1691.8	216.0	start gs
832	Spectrogram 1	1	AU-BS02a-120827-070000.wav	7533.158	7533.339	0.180	40.1	1996.9	1956.9	448.0	
833	Spectrogram 1	1	AU-BS02a-120827-070000.wav	7537.128	7537.308	0.180	30.8	1981.5	1950.7	664.0	
834	Spectrogram 1	1	AU-BS02a-120827-070000.wav	7540.963	7541.143	0.180	27.7	1969.2	1941.4	672.0	
835	Spectrogram 1	1	AU-BS02a-120827-070000.wav	7544.842	7545.023	0.180	30.8	1716.5	1685.7	248.0	
836	Spectrogram 1	1	AU-BS02a-120827-070000.wav	7548.767	7548.948	0.180	49.3	1728.8	1679.5	104.0	
837	Spectrogram 1	1	AU-BS02a-120827-070000.wav	7552.692	7552.872	0.180	30.8	1987.7	1956.9	96.0	
838	Spectrogram 1	1	AU-BS02a-120827-070000.wav	7556.572	7556.797	0.226	37.0	1072.4	1035.4	112.0	
839	Spectrogram 1	1	AU-BS02a-120827-070000.wav	7560.406	7560.632	0.226	43.1	1972.3	1929.1	128.0	
840	Spectrogram 1	1	AU-BS02a-120827-070000.wav	7564.286	7564.511	0.226	18.5	1772.0	1753.5	80.0	
841	Spectrogram 1	1	AU-BS02a-120827-070000.wav	7568.256	7568.436	0.180	33.9	1534.7	1500.8	112.0	
842	Spectrogram 1	1	AU-BS02a-120827-070000.wav	7572.000	7572.226	0.226	52.4	1608.6	1556.2	64.0	
843	Spectrogram 1	1	AU-BS02a-120827-070000.wav	7576.015	7576.286	0.271	24.7	1617.9	1593.2	56.0	
844	Spectrogram 1	1	AU-BS02a-120827-070000.wav	7580.030	7580.256	0.226	18.5	1457.6	1439.1	192.0	
845	Spectrogram 1	1	AU-BS02a-120827-070000.wav	7583.978	7584.293	0.316	37.0	1559.3	1522.3	48.0	
846	Spectrogram 1	1	AU-BS02a-120827-070000.wav	7588.196	7588.421	0.226	18.5	1149.5	1131.0	168.0	
847	Spectrogram 1	1	AU-BS02a-120827-070000.wav	7592.301	7592.527	0.226	24.7	1587.1	1562.4	64.0	
848	Spectrogram 1	1	AU-BS02a-120827-070000.wav	7596.722	7596.948	0.226	43.1	1642.5	1599.4	56.0	end pattern
849	Spectrogram 1	1	AU-BS02a-120827-071000.wav	8376.970	8377.647	0.677	18.5	215.7	197.2	24.0	start pattern
850	Spectrogram 1	1	AU-BS02a-120827-071000.wav	8379.587	8380.309	0.722	27.7	228.0	200.3	32.0	
851	Spectrogram 1	1	AU-BS02a-120827-071000.wav	8381.887	8382.609	0.722	21.6	225.0	203.4	24.0	
852	Spectrogram 1	1	AU-BS02a-120827-071000.wav	8384.549	8385.136	0.586	12.3	212.6	200.3	40.0	
853	Spectrogram 1	1	AU-BS02a-120827-071000.wav	8386.850	8387.527	0.677	12.3	206.5	194.1	56.0	
854	Spectrogram 1	1	AU-BS02a-120827-071000.wav	8389.466	8390.188	0.722	9.2	200.3	191.1	64.0	
855	Spectrogram 1	1	AU-BS02a-120827-071000.wav	8392.263	8393.030	0.767	18.5	212.6	194.1	56.0	
856	Spectrogram 1	1	AU-BS02a-120827-071000.wav	8395.376	8396.098	0.722	15.4	197.2	181.8	32.0	
857	Spectrogram 1	1	AU-BS02a-120827-072000.wav	8408.504	8408.730	0.226	64.7	1984.6	1919.9	272.0	start gs
858	Spectrogram 1	1	AU-BS02a-120827-072000.wav	8412.564	8412.745	0.180	37.0	1993.8	1956.9	888.0	
859	Spectrogram 1	1	AU-BS02a-120827-072000.wav	8416.444	8416.669	0.226	67.8	1996.9	1929.1	584.0	
860	Spectrogram 1	1	AU-BS02a-120827-072000.wav	8420.324	8420.504	0.180	40.1	1990.8	1950.7	904.0	
861	Spectrogram 1	1	AU-BS02a-120827-072000.wav	8424.158	8424.339	0.180	33.9	1993.8	1959.9	704.0	
862	Spectrogram 1	1	AU-BS02a-120827-072000.wav	8428.173	8428.354	0.180	30.8	1990.8	1959.9	552.0	
863	Spectrogram 1	1	AU-BS02a-120827-072000.wav	8432.098	8432.278	0.180	24.7	1959.9	1935.3	704.0	
864	Spectrogram 1	1	AU-BS02a-120827-072000.wav	8436.023	8436.203	0.180	27.7	1821.3	1793.5	312.0	
865	Spectrogram 1	1	AU-BS02a-120827-072000.wav	8439.970	8440.196	0.226	53.9	1161.8	1107.9	192.0	
866	Spectrogram 1	1	AU-BS02a-120827-072000.wav	8443.918	8444.098	0.180	15.4	1325.1	1309.7	72.0	
867	Spectrogram 1	1	AU-BS02a-120827-072000.wav	8447.842	8448.068	0.226	30.8	1352.9	1322.0	96.0	
868	Spectrogram 1	1	AU-BS02a-120827-072000.wav	8451.677	8451.903	0.226	43.1	1577.8	1534.7	56.0	
869	Spectrogram 1	1	AU-BS02a-120827-072000.wav	8455.512	8455.692	0.180	43.1	1577.8	1534.7	192.0	
870	Spectrogram 1	1	AU-BS02a-120827-072000.wav	8459.369	8459.594	0.226	18.5	1531.6	1513.1	216.0	
871	Spectrogram 1	1	AU-BS02a-120827-072000.wav	8463.316	8463.542	0.226	33.9	1972.3	1938.4	152.0	
872	Spectrogram 1	1	AU-BS02a-120827-072000.wav	8467.331	8467.557	0.226	24.7	1910.6	1886.0	216.0	
873	Spectrogram 1	1	AU-BS02a-120827-072000.wav	8471.391	8471.617	0.226	24.7	1149.5	1124.8	216.0	
874	Spectrogram 1	1	AU-BS02a-120827-072000.wav	8475.542	8475.767	0.226	30.8	1405.2	1374.4	216.0	
875	Spectrogram 1	1	AU-BS02a-120827-072000.wav	8479.760	8479.985	0.226	27.7	1661.0	1633.3	208.0	
876	Spectrogram 1	1	AU-BS02a-120827-072000.wav	8484.068	8484.293	0.226	46.2	1580.9	1534.7	216.0	
877	Spectrogram 1	1	AU-BS02a-120827-072000.wav	8488.173	8488.399	0.226	21.6	1855.2	1833.6	216.0	
878	Spectrogram 1	1	AU-BS02a-120827-072000.wav	8492.459	8492.684	0.226	30.8	1852.1	1821.3	216.0	
879	Spectrogram 1	1	AU-BS02a-120827-072000.wav	8496.745	8496.970	0.226	27.7	1873.7	1845.9	216.0	end main phrase
880	Spectrogram 1	1	AU-BS02a-120827-072000.wav	8525.075	8525.346	0.271	37.0	1143.3	1106.3	216.0	
881	Spectrogram 1	1	AU-BS02a-120827-072000.wav	8529.136	8529.406	0.271	24.7	1879.8	1855.2	160.0	
882	Spectrogram 1	1	AU-BS02a-120827-072000.wav	8533.376	8533.647	0.271	18.5	1343.6	1325.1	216.0	end pattern
