Selection	View	Channel	Begin File	Begin Time (s)	End Time (s)	Delta Time (s)	Low Freq (Hz)	High Freq (Hz)	Delta Freq (Hz)	Peak Freq (Hz)	Notes
1	Spectrogram 1	1	AU-BS02a-120804-060000.wav	52.466	52.737	0.271	57.8	1997.0	1939.1	112.0	start pattern B
2	Spectrogram 1	1	AU-BS02a-120804-060000.wav	53.774	54.000	0.226	88.3	1923.9	1835.6	112.0	
3	Spectrogram 1	1	AU-BS02a-120804-060000.wav	55.398	55.579	0.180	48.7	1997.0	1948.2	128.0	
4	Spectrogram 1	1	AU-BS02a-120804-060000.wav	58.737	58.917	0.180	42.6	1860.0	1817.4	120.0	
5	Spectrogram 1	1	AU-BS02a-120804-060000.wav	60.135	60.316	0.180	71.5	1625.6	1554.0	136.0	
6	Spectrogram 1	1	AU-BS02a-120804-060000.wav	61.895	62.120	0.226	63.9	1923.9	1860.0	112.0	
7	Spectrogram 1	1	AU-BS02a-120804-060000.wav	63.429	63.654	0.226	60.9	1573.8	1512.9	144.0	
8	Spectrogram 1	1	AU-BS02a-120804-060000.wav	65.143	65.414	0.271	60.9	1473.4	1412.5	136.0	
9	Spectrogram 1	1	AU-BS02a-120804-060000.wav	66.722	66.947	0.226	48.7	910.2	861.5	136.0	
10	Spectrogram 1	1	AU-BS02a-120804-060000.wav	68.346	68.617	0.271	48.7	1372.9	1324.2	120.0	
11	Spectrogram 1	1	AU-BS02a-120804-060000.wav	69.835	70.015	0.180	73.1	1038.1	965.0	120.0	
12	Spectrogram 1	1	AU-BS02a-120804-060000.wav	71.526	71.752	0.226	82.2	1671.2	1589.0	120.0	
13	Spectrogram 1	1	AU-BS02a-120804-060000.wav	72.992	73.218	0.226	106.5	1196.3	1089.8	112.0	
14	Spectrogram 1	1	AU-BS02a-120804-060000.wav	74.662	74.887	0.226	76.1	949.8	873.7	144.0	
15	Spectrogram 1	1	AU-BS02a-120804-060000.wav	76.286	76.511	0.226	82.2	1646.9	1564.7	96.0	
16	Spectrogram 1	1	AU-BS02a-120804-060000.wav	77.820	78.045	0.226	45.7	1512.9	1467.3	72.0	
17	Spectrogram 1	1	AU-BS02a-120804-060000.wav	79.353	79.579	0.226	60.9	1397.3	1336.4	64.0	
18	Spectrogram 1	1	AU-BS02a-120804-060000.wav	81.000	81.226	0.226	74.6	1362.3	1287.7	80.0	
19	Spectrogram 1	1	AU-BS02a-120804-060000.wav	84.000	84.226	0.226	57.8	1671.2	1613.4	176.0	
20	Spectrogram 1	1	AU-BS02a-120804-060000.wav	87.429	87.654	0.226	60.9	1576.9	1516.0	104.0	end main phrase
21	Spectrogram 1	1	AU-BS02a-120804-060000.wav	93.970	94.195	0.226	85.2	1275.5	1190.3	136.0	
22	Spectrogram 1	1	AU-BS02a-120804-060000.wav	95.459	95.729	0.271	82.2	1035.0	952.8	496.0	
23	Spectrogram 1	1	AU-BS02a-120804-060000.wav	96.992	97.263	0.271	79.1	885.8	806.7	168.0	
24	Spectrogram 1	1	AU-BS02a-120804-060000.wav	98.526	98.752	0.226	79.1	1990.9	1911.7	176.0	
25	Spectrogram 1	1	AU-BS02a-120804-060000.wav	101.594	101.820	0.226	65.4	1828.0	1762.6	72.0	
26	Spectrogram 1	1	AU-BS02a-120804-060000.wav	104.977	105.203	0.226	106.5	1875.2	1768.6	800.0	
27	Spectrogram 1	1	AU-BS02a-120804-060000.wav	112.015	112.241	0.226	91.3	1485.5	1394.2	96.0	
28	Spectrogram 1	1	AU-BS02a-120804-060000.wav	113.684	113.910	0.226	79.1	1479.5	1400.3	208.0	
29	Spectrogram 1	1	AU-BS02a-120804-060000.wav	115.263	115.489	0.226	70.0	1719.9	1649.9	96.0	
30	Spectrogram 1	1	AU-BS02a-120804-060000.wav	116.774	117.000	0.226	57.8	1993.9	1936.1	352.0	
31	Spectrogram 1	1	AU-BS02a-120804-060000.wav	119.820	120.090	0.271	51.8	1987.8	1936.1	176.0	
32	Spectrogram 1	1	AU-BS02a-120804-060000.wav	123.564	123.835	0.271	85.2	1987.8	1902.6	592.0	
33	Spectrogram 1	1	AU-BS02a-120804-060000.wav	131.684	131.910	0.226	85.2	1619.5	1534.2	96.0	
34	Spectrogram 1	1	AU-BS02a-120804-060000.wav	133.353	133.579	0.226	109.6	1665.1	1555.6	160.0	
35	Spectrogram 1	1	AU-BS02a-120804-060000.wav	135.068	135.248	0.180	73.1	1716.9	1643.8	112.0	
36	Spectrogram 1	1	AU-BS02a-120804-060000.wav	136.511	136.737	0.226	70.0	1993.9	1923.9	440.0	
37	Spectrogram 1	1	AU-BS02a-120804-060000.wav	139.805	140.075	0.271	76.1	1920.9	1844.7	176.0	
38	Spectrogram 1	1	AU-BS02a-120804-060000.wav	143.414	143.684	0.271	76.1	1993.9	1917.8	176.0	
39	Spectrogram 1	1	AU-BS02a-120804-060000.wav	150.045	150.271	0.226	94.4	1168.9	1074.6	112.0	
40	Spectrogram 1	1	AU-BS02a-120804-060000.wav	151.759	152.030	0.271	106.5	1135.5	1028.9	112.0	
41	Spectrogram 1	1	AU-BS02a-120804-060000.wav	153.429	153.654	0.226	57.8	1747.3	1689.5	88.0	
42	Spectrogram 1	1	AU-BS02a-120804-060000.wav	154.962	155.233	0.271	76.1	1333.3	1257.2	96.0	
43	Spectrogram 1	1	AU-BS02a-120804-060000.wav	156.541	156.767	0.226	63.9	1990.9	1926.9	344.0	
44	Spectrogram 1	1	AU-BS02a-120804-060000.wav	159.880	160.150	0.271	60.9	1990.9	1930.0	176.0	
45	Spectrogram 1	1	AU-BS02a-120804-060000.wav	163.579	163.850	0.271	60.9	1997.0	1936.1	440.0	
46	Spectrogram 1	1	AU-BS02a-120804-060000.wav	169.805	169.985	0.180	60.9	1586.0	1525.1	64.0	
47	Spectrogram 1	1	AU-BS02a-120804-060000.wav	171.203	171.429	0.226	63.9	1707.8	1643.8	120.0	
48	Spectrogram 1	1	AU-BS02a-120804-060000.wav	173.008	173.233	0.226	57.8	1442.9	1385.1	112.0	
49	Spectrogram 1	1	AU-BS02a-120804-060000.wav	174.632	174.902	0.271	39.6	1567.7	1528.2	336.0	
50	Spectrogram 1	1	AU-BS02a-120804-060000.wav	176.165	176.391	0.226	54.8	1993.9	1939.1	344.0	
51	Spectrogram 1	1	AU-BS02a-120804-060000.wav	179.414	179.684	0.271	45.7	1990.9	1945.2	48.0	
52	Spectrogram 1	1	AU-BS02a-120804-060000.wav	183.023	183.248	0.226	60.9	1987.8	1926.9	104.0	
53	Spectrogram 1	1	AU-BS02a-120804-060000.wav	190.150	190.421	0.271	70.0	1701.7	1631.7	104.0	
54	Spectrogram 1	1	AU-BS02a-120804-060000.wav	191.955	192.180	0.226	76.1	1677.3	1601.2	176.0	
55	Spectrogram 1	1	AU-BS02a-120804-060000.wav	193.579	193.759	0.180	51.8	1643.8	1592.1	72.0	
56	Spectrogram 1	1	AU-BS02a-120804-060000.wav	195.113	195.338	0.226	63.9	1984.8	1920.9	352.0	
57	Spectrogram 1	1	AU-BS02a-120804-060000.wav	198.451	198.722	0.271	88.3	1997.0	1908.7	128.0	
58	Spectrogram 1	1	AU-BS02a-120804-060000.wav	202.150	202.421	0.271	70.0	1930.0	1860.0	424.0	end pattern
59	Spectrogram 1	1	AU-BS02a-120804-060000.wav	305.504	305.774	0.271	45.7	1987.8	1942.2	80.0	start pattern
60	Spectrogram 1	1	AU-BS02a-120804-060000.wav	306.857	307.038	0.180	67.0	1729.1	1662.1	72.0	
61	Spectrogram 1	1	AU-BS02a-120804-060000.wav	308.526	308.707	0.180	48.7	986.3	937.6	184.0	
62	Spectrogram 1	1	AU-BS02a-120804-060000.wav	311.955	312.180	0.226	60.9	1987.8	1926.9	192.0	
63	Spectrogram 1	1	AU-BS02a-120804-060000.wav	313.534	313.759	0.226	79.1	1022.8	943.7	208.0	
64	Spectrogram 1	1	AU-BS02a-120804-060000.wav	315.226	315.451	0.226	56.3	1015.2	958.9	72.0	
65	Spectrogram 1	1	AU-BS02a-120804-060000.wav	316.827	317.098	0.271	73.1	1589.0	1516.0	80.0	
66	Spectrogram 1	1	AU-BS02a-120804-060000.wav	318.632	318.857	0.226	36.5	1704.7	1668.2	152.0	
67	Spectrogram 1	1	AU-BS02a-120804-060000.wav	320.211	320.436	0.226	48.7	1543.4	1494.7	128.0	
68	Spectrogram 1	1	AU-BS02a-120804-060000.wav	321.880	322.060	0.180	57.8	1312.0	1254.2	128.0	
69	Spectrogram 1	1	AU-BS02a-120804-060000.wav	323.549	323.774	0.226	63.9	876.7	812.8	128.0	
70	Spectrogram 1	1	AU-BS02a-120804-060000.wav	325.218	325.444	0.226	48.7	971.1	922.4	128.0	
71	Spectrogram 1	1	AU-BS02a-120804-060000.wav	326.797	326.977	0.180	54.8	1032.0	977.2	120.0	
72	Spectrogram 1	1	AU-BS02a-120804-060000.wav	328.511	328.737	0.226	60.9	1263.3	1202.4	104.0	
73	Spectrogram 1	1	AU-BS02a-120804-060000.wav	330.135	330.361	0.226	45.7	1235.9	1190.3	48.0	
74	Spectrogram 1	1	AU-BS02a-120804-060000.wav	331.714	331.940	0.226	63.9	937.6	873.7	104.0	
75	Spectrogram 1	1	AU-BS02a-120804-060000.wav	334.624	334.850	0.226	59.4	774.7	715.4	112.0	
76	Spectrogram 1	1	AU-BS02a-120804-060000.wav	338.165	338.436	0.271	63.9	551.0	487.1	104.0	end main phrase
77	Spectrogram 1	1	AU-BS02a-120804-060000.wav	343.218	343.398	0.180	76.1	666.7	590.6	80.0	
78	Spectrogram 1	1	AU-BS02a-120804-060000.wav	344.932	345.158	0.226	73.1	1089.8	1016.7	400.0	
79	Spectrogram 1	1	AU-BS02a-120804-060000.wav	346.579	346.805	0.226	71.5	1095.9	1024.4	72.0	
80	Spectrogram 1	1	AU-BS02a-120804-060000.wav	348.180	348.406	0.226	51.8	812.8	761.0	56.0	
81	Spectrogram 1	1	AU-BS02a-120804-060000.wav	349.669	349.940	0.271	62.4	1922.4	1860.0	296.0	
82	Spectrogram 1	1	AU-BS02a-120804-060000.wav	352.827	353.098	0.271	60.9	1978.7	1917.8	112.0	
83	Spectrogram 1	1	AU-BS02a-120804-060000.wav	356.481	356.752	0.271	63.9	1598.2	1534.2	64.0	
84	Spectrogram 1	1	AU-BS02a-120804-060000.wav	365.233	365.414	0.180	70.0	1646.9	1576.9	72.0	
85	Spectrogram 1	1	AU-BS02a-120804-060000.wav	366.812	367.038	0.226	103.5	1899.5	1796.0	360.0	
86	Spectrogram 1	1	AU-BS02a-120804-060000.wav	368.256	368.481	0.226	70.0	1987.8	1917.8	360.0	
87	Spectrogram 1	1	AU-BS02a-120804-060000.wav	371.459	371.774	0.316	79.1	1990.9	1911.7	672.0	
88	Spectrogram 1	1	AU-BS02a-120804-060000.wav	374.932	375.203	0.271	54.8	1990.9	1936.1	56.0	
89	Spectrogram 1	1	AU-BS02a-120804-060000.wav	383.774	384.000	0.226	94.4	1710.8	1616.4	592.0	
90	Spectrogram 1	1	AU-BS02a-120804-060000.wav	385.579	385.805	0.226	82.2	1540.3	1458.1	120.0	
91	Spectrogram 1	1	AU-BS02a-120804-060000.wav	387.113	387.383	0.271	36.5	1993.9	1957.4	488.0	
92	Spectrogram 1	1	AU-BS02a-120804-060000.wav	390.496	390.767	0.271	44.1	1898.0	1853.9	48.0	
93	Spectrogram 1	1	AU-BS02a-120804-060000.wav	394.286	394.556	0.271	44.1	1252.7	1208.5	56.0	
94	Spectrogram 1	1	AU-BS02a-120804-060000.wav	403.444	403.624	0.180	106.5	1993.9	1887.4	112.0	
95	Spectrogram 1	1	AU-BS02a-120804-060000.wav	405.023	405.248	0.226	94.4	1421.6	1327.2	96.0	
96	Spectrogram 1	1	AU-BS02a-120804-060000.wav	406.647	406.872	0.226	24.4	1911.7	1887.4	488.0	
97	Spectrogram 1	1	AU-BS02a-120804-060000.wav	409.669	409.940	0.271	24.4	1987.8	1963.5	32.0	
98	Spectrogram 1	1	AU-BS02a-120804-060000.wav	413.459	413.684	0.226	73.1	1500.8	1427.7	520.0	
99	Spectrogram 1	1	AU-BS02a-120804-060000.wav	420.857	421.083	0.226	82.2	840.2	758.0	88.0	
100	Spectrogram 1	1	AU-BS02a-120804-060000.wav	422.684	422.910	0.226	115.7	1485.5	1369.9	120.0	
101	Spectrogram 1	1	AU-BS02a-120804-060000.wav	424.466	424.647	0.180	67.0	1732.1	1665.1	112.0	
102	Spectrogram 1	1	AU-BS02a-120804-060000.wav	426.045	426.271	0.226	21.3	1975.6	1954.3	24.0	
103	Spectrogram 1	1	AU-BS02a-120804-060000.wav	429.158	429.429	0.271	36.5	1993.9	1957.4	56.0	
104	Spectrogram 1	1	AU-BS02a-120804-060000.wav	432.902	433.218	0.316	67.0	1993.9	1926.9	440.0	
105	Spectrogram 1	1	AU-BS02a-120804-060000.wav	440.774	441.000	0.226	92.8	1704.7	1611.9	104.0	
106	Spectrogram 1	1	AU-BS02a-120804-060000.wav	442.376	442.556	0.180	111.1	1569.3	1458.1	504.0	
107	Spectrogram 1	1	AU-BS02a-120804-060000.wav	444.090	444.361	0.271	85.2	1476.4	1391.2	496.0	
108	Spectrogram 1	1	AU-BS02a-120804-060000.wav	445.714	445.985	0.271	73.1	1942.2	1869.1	496.0	
109	Spectrogram 1	1	AU-BS02a-120804-060000.wav	448.962	449.233	0.271	67.0	1990.9	1923.9	520.0	
110	Spectrogram 1	1	AU-BS02a-120804-060000.wav	452.797	452.977	0.180	100.5	1930.0	1829.5	576.0	
111	Spectrogram 1	1	AU-BS02a-120804-060000.wav	460.737	460.962	0.226	103.5	1132.4	1028.9	112.0	
112	Spectrogram 1	1	AU-BS02a-120804-060000.wav	462.496	462.677	0.180	88.3	1284.6	1196.3	144.0	
113	Spectrogram 1	1	AU-BS02a-120804-060000.wav	464.165	464.346	0.180	76.1	1436.8	1360.7	160.0	
114	Spectrogram 1	1	AU-BS02a-120804-060000.wav	465.699	465.925	0.226	73.1	1984.8	1911.7	504.0	
115	Spectrogram 1	1	AU-BS02a-120804-060000.wav	468.947	469.353	0.406	82.2	1997.0	1914.8	96.0	
116	Spectrogram 1	1	AU-BS02a-120804-060000.wav	472.872	473.188	0.316	112.6	1993.9	1881.3	800.0	end pattern
117	Spectrogram 1	1	AU-BS02a-120804-060000.wav	550.940	551.211	0.271	30.8	1312.8	1282.0	152.0	
118	Spectrogram 1	1	AU-BS02a-120804-060000.wav	552.361	552.587	0.226	89.4	1355.9	1266.6	176.0	
119	Spectrogram 1	1	AU-BS02a-120804-060000.wav	553.917	554.098	0.180	58.6	1038.5	980.0	112.0	
120	Spectrogram 1	1	AU-BS02a-120804-060000.wav	557.436	557.662	0.226	40.1	1596.3	1556.2	120.0	
121	Spectrogram 1	1	AU-BS02a-120804-060000.wav	558.880	559.105	0.226	70.9	1078.6	1007.7	208.0	
122	Spectrogram 1	1	AU-BS02a-120804-060000.wav	560.775	561.000	0.226	61.6	1633.3	1571.6	120.0	
123	Spectrogram 1	1	AU-BS02a-120804-060000.wav	562.218	562.444	0.226	61.6	681.0	619.4	72.0	
124	Spectrogram 1	1	AU-BS02a-120804-060000.wav	564.023	564.293	0.271	43.1	1744.2	1701.1	152.0	
125	Spectrogram 1	1	AU-BS02a-120804-060000.wav	565.511	565.782	0.271	80.1	1260.4	1180.3	144.0	
126	Spectrogram 1	1	AU-BS02a-120804-060000.wav	567.316	567.587	0.271	49.3	1550.1	1500.8	112.0	
127	Spectrogram 1	1	AU-BS02a-120804-060000.wav	568.827	569.053	0.226	70.9	884.4	813.6	152.0	
128	Spectrogram 1	1	AU-BS02a-120804-060000.wav	570.654	570.880	0.226	74.0	1753.5	1679.5	136.0	
129	Spectrogram 1	1	AU-BS02a-120804-060000.wav	572.233	572.414	0.180	77.0	1090.9	1013.9	120.0	
130	Spectrogram 1	1	AU-BS02a-120804-060000.wav	573.857	574.128	0.271	58.6	1547.0	1488.4	112.0	
131	Spectrogram 1	1	AU-BS02a-120804-060000.wav	575.481	575.707	0.226	86.3	1556.2	1470.0	112.0	
132	Spectrogram 1	1	AU-BS02a-120804-060000.wav	577.105	577.331	0.226	78.6	759.6	681.0	80.0	
133	Spectrogram 1	1	AU-BS02a-120804-060000.wav	578.594	578.820	0.226	83.2	1624.0	1540.8	88.0	
134	Spectrogram 1	1	AU-BS02a-120804-060000.wav	580.331	580.556	0.226	87.8	1163.3	1075.5	88.0	
135	Spectrogram 1	1	AU-BS02a-120804-060000.wav	583.196	583.466	0.271	27.7	1710.3	1682.6	40.0	
136	Spectrogram 1	1	AU-BS02a-120804-060000.wav	586.759	586.985	0.226	55.5	1488.4	1433.0	56.0	end main phrase
137	Spectrogram 1	1	AU-BS02a-120804-060000.wav	593.301	593.526	0.226	67.8	1303.5	1235.7	96.0	
138	Spectrogram 1	1	AU-BS02a-120804-060000.wav	594.880	595.060	0.180	123.3	1266.6	1143.3	504.0	
139	Spectrogram 1	1	AU-BS02a-120804-060000.wav	596.504	596.729	0.226	147.9	1436.1	1288.1	664.0	
140	Spectrogram 1	1	AU-BS02a-120804-060000.wav	598.083	598.353	0.271	74.0	1297.4	1223.4	240.0	
141	Spectrogram 1	1	AU-BS02a-120804-061000.wav	601.196	601.466	0.271	33.9	1374.4	1340.5	56.0	
142	Spectrogram 1	1	AU-BS02a-120804-061000.wav	604.714	604.940	0.226	64.7	1161.8	1097.1	424.0	
143	Spectrogram 1	1	AU-BS02a-120804-061000.wav	611.526	611.707	0.180	101.7	829.0	727.3	104.0	
144	Spectrogram 1	1	AU-BS02a-120804-061000.wav	612.925	613.150	0.226	163.3	1571.6	1408.3	496.0	
145	Spectrogram 1	1	AU-BS02a-120804-061000.wav	614.639	614.910	0.271	98.6	1442.2	1343.6	104.0	
146	Spectrogram 1	1	AU-BS02a-120804-061000.wav	616.218	616.444	0.226	55.5	1996.9	1941.4	424.0	
147	Spectrogram 1	1	AU-BS02a-120804-061000.wav	619.376	619.556	0.180	64.7	1947.6	1882.9	136.0	
148	Spectrogram 1	1	AU-BS02a-120804-061000.wav	623.075	623.301	0.226	74.0	1950.7	1876.7	424.0	
149	Spectrogram 1	1	AU-BS02a-120804-061000.wav	630.835	631.015	0.180	83.2	1987.7	1904.5	160.0	
150	Spectrogram 1	1	AU-BS02a-120804-061000.wav	632.594	632.820	0.226	83.2	1679.5	1596.3	88.0	
151	Spectrogram 1	1	AU-BS02a-120804-061000.wav	634.263	634.444	0.180	86.3	1617.9	1531.6	88.0	
152	Spectrogram 1	1	AU-BS02a-120804-061000.wav	635.797	636.023	0.226	61.6	1935.3	1873.7	424.0	
153	Spectrogram 1	1	AU-BS02a-120804-061000.wav	639.090	639.316	0.226	27.7	1926.0	1898.3	208.0	
154	Spectrogram 1	1	AU-BS02a-120804-061000.wav	642.744	642.970	0.226	58.6	1938.4	1879.8	424.0	
155	Spectrogram 1	1	AU-BS02a-120804-061000.wav	652.263	652.489	0.226	77.0	1768.9	1691.8	104.0	
156	Spectrogram 1	1	AU-BS02a-120804-061000.wav	653.842	654.113	0.271	74.0	1633.3	1559.3	80.0	
157	Spectrogram 1	1	AU-BS02a-120804-061000.wav	655.421	655.692	0.271	83.2	1987.7	1904.5	240.0	
158	Spectrogram 1	1	AU-BS02a-120804-061000.wav	658.534	658.850	0.316	64.7	1990.8	1926.0	544.0	
159	Spectrogram 1	1	AU-BS02a-120804-061000.wav	662.414	662.684	0.271	77.0	1984.6	1907.6	504.0	
160	Spectrogram 1	1	AU-BS02a-120804-061000.wav	672.068	672.293	0.226	138.7	1741.1	1602.5	200.0	
161	Spectrogram 1	1	AU-BS02a-120804-061000.wav	673.692	673.872	0.180	157.2	1728.8	1571.6	160.0	
162	Spectrogram 1	1	AU-BS02a-120804-061000.wav	675.316	675.587	0.271	80.1	1996.9	1916.8	240.0	
163	Spectrogram 1	1	AU-BS02a-120804-061000.wav	678.609	678.835	0.226	70.9	1987.7	1916.8	512.0	
164	Spectrogram 1	1	AU-BS02a-120804-061000.wav	682.263	682.579	0.316	74.0	1975.3	1901.4	160.0	
165	Spectrogram 1	1	AU-BS02a-120804-061000.wav	691.241	691.466	0.226	95.5	1075.5	980.0	144.0	
166	Spectrogram 1	1	AU-BS02a-120804-061000.wav	693.000	693.226	0.226	74.0	1109.4	1035.4	80.0	
167	Spectrogram 1	1	AU-BS02a-120804-061000.wav	694.624	694.805	0.180	67.8	1845.9	1778.1	72.0	
168	Spectrogram 1	1	AU-BS02a-120804-061000.wav	696.158	696.429	0.271	55.5	1990.8	1935.3	56.0	
169	Spectrogram 1	1	AU-BS02a-120804-061000.wav	699.451	699.677	0.226	37.0	1929.1	1892.1	40.0	
170	Spectrogram 1	1	AU-BS02a-120804-061000.wav	703.331	703.602	0.271	70.9	1901.4	1830.5	144.0	end pattern
171	Spectrogram 1	1	AU-BS02a-120804-061000.wav	829.872	830.053	0.180	67.8	1580.9	1513.1	184.0	start pattern
172	Spectrogram 1	1	AU-BS02a-120804-061000.wav	831.248	831.474	0.226	66.3	1221.9	1155.6	104.0	
173	Spectrogram 1	1	AU-BS02a-120804-061000.wav	832.805	832.985	0.180	77.0	1996.9	1919.9	112.0	
174	Spectrogram 1	1	AU-BS02a-120804-061000.wav	836.188	836.459	0.271	30.8	1445.3	1414.5	120.0	
175	Spectrogram 1	1	AU-BS02a-120804-061000.wav	837.677	837.857	0.180	55.5	1319.0	1263.5	200.0	
176	Spectrogram 1	1	AU-BS02a-120804-061000.wav	839.346	839.572	0.226	70.9	1229.6	1158.7	120.0	
177	Spectrogram 1	1	AU-BS02a-120804-061000.wav	840.880	841.060	0.180	74.0	1155.6	1081.7	88.0	
178	Spectrogram 1	1	AU-BS02a-120804-061000.wav	842.549	842.775	0.226	61.6	1519.3	1457.6	144.0	
179	Spectrogram 1	1	AU-BS02a-120804-061000.wav	844.083	844.263	0.180	49.3	647.1	597.8	144.0	
180	Spectrogram 1	1	AU-BS02a-120804-061000.wav	845.842	846.068	0.226	24.7	1651.8	1627.1	112.0	
181	Spectrogram 1	1	AU-BS02a-120804-061000.wav	847.331	847.556	0.226	70.9	613.3	542.4	120.0	
182	Spectrogram 1	1	AU-BS02a-120804-061000.wav	849.000	849.271	0.271	74.0	1882.9	1808.9	152.0	
183	Spectrogram 1	1	AU-BS02a-120804-061000.wav	850.624	850.850	0.226	67.8	1543.9	1476.1	80.0	
184	Spectrogram 1	1	AU-BS02a-120804-061000.wav	852.203	852.429	0.226	52.4	1679.5	1627.1	80.0	
185	Spectrogram 1	1	AU-BS02a-120804-061000.wav	853.782	854.008	0.226	61.6	1608.6	1547.0	80.0	
186	Spectrogram 1	1	AU-BS02a-120804-061000.wav	855.361	855.587	0.226	61.6	1870.6	1808.9	120.0	
187	Spectrogram 1	1	AU-BS02a-120804-061000.wav	856.895	857.120	0.226	83.2	1975.3	1892.1	112.0	
188	Spectrogram 1	1	AU-BS02a-120804-061000.wav	859.940	860.165	0.226	70.9	1889.1	1818.2	104.0	
189	Spectrogram 1	1	AU-BS02a-120804-061000.wav	868.353	868.534	0.180	129.4	1728.8	1599.4	168.0	
190	Spectrogram 1	1	AU-BS02a-120804-061000.wav	869.729	869.955	0.226	97.1	1992.3	1895.2	592.0	
191	Spectrogram 1	1	AU-BS02a-120804-061000.wav	871.241	871.466	0.226	110.9	1932.2	1821.3	152.0	
192	Spectrogram 1	1	AU-BS02a-120804-061000.wav	872.865	873.045	0.180	89.4	1975.3	1886.0	152.0	
193	Spectrogram 1	1	AU-BS02a-120804-061000.wav	874.399	874.669	0.271	49.3	1993.8	1944.5	320.0	
194	Spectrogram 1	1	AU-BS02a-120804-061000.wav	877.556	877.737	0.180	101.7	1993.8	1892.1	136.0	
195	Spectrogram 1	1	AU-BS02a-120804-061000.wav	881.075	881.346	0.271	101.7	1944.5	1842.8	400.0	
196	Spectrogram 1	1	AU-BS02a-120804-061000.wav	887.752	887.978	0.226	110.9	764.3	653.3	128.0	
197	Spectrogram 1	1	AU-BS02a-120804-061000.wav	889.331	889.511	0.180	110.9	1716.5	1605.5	128.0	
198	Spectrogram 1	1	AU-BS02a-120804-061000.wav	891.090	891.271	0.180	64.7	1975.3	1910.6	72.0	
199	Spectrogram 1	1	AU-BS02a-120804-061000.wav	892.579	892.850	0.271	61.6	1993.8	1932.2	832.0	
200	Spectrogram 1	1	AU-BS02a-120804-061000.wav	895.872	896.098	0.226	27.7	1990.8	1963.0	32.0	
201	Spectrogram 1	1	AU-BS02a-120804-061000.wav	899.572	899.842	0.271	46.2	1975.3	1929.1	48.0	
202	Spectrogram 1	1	AU-BS02a-120804-061000.wav	908.368	908.549	0.180	86.3	1904.5	1818.2	96.0	
203	Spectrogram 1	1	AU-BS02a-120804-061000.wav	909.993	910.218	0.226	83.2	1756.5	1673.3	88.0	
204	Spectrogram 1	1	AU-BS02a-120804-061000.wav	911.526	911.752	0.226	83.2	1990.8	1907.6	200.0	
205	Spectrogram 1	1	AU-BS02a-120804-061000.wav	914.865	915.090	0.226	30.8	1990.8	1959.9	104.0	
206	Spectrogram 1	1	AU-BS02a-120804-061000.wav	918.609	918.835	0.226	110.9	1815.1	1704.2	544.0	
207	Spectrogram 1	1	AU-BS02a-120804-061000.wav	925.060	925.286	0.226	86.3	1553.2	1466.9	128.0	
208	Spectrogram 1	1	AU-BS02a-120804-061000.wav	926.323	926.504	0.180	95.5	1534.7	1439.1	96.0	
209	Spectrogram 1	1	AU-BS02a-120804-061000.wav	928.083	928.308	0.226	70.9	1510.0	1439.1	104.0	
210	Spectrogram 1	1	AU-BS02a-120804-061000.wav	929.707	929.932	0.226	92.4	1707.2	1614.8	160.0	
211	Spectrogram 1	1	AU-BS02a-120804-061000.wav	931.376	931.602	0.226	80.1	1990.8	1910.6	360.0	
212	Spectrogram 1	1	AU-BS02a-120804-061000.wav	934.624	934.940	0.316	70.9	1676.4	1605.5	136.0	
213	Spectrogram 1	1	AU-BS02a-120804-061000.wav	938.504	938.729	0.226	74.0	1731.9	1657.9	120.0	
214	Spectrogram 1	1	AU-BS02a-120804-061000.wav	948.113	948.338	0.226	101.7	1355.9	1254.2	256.0	
215	Spectrogram 1	1	AU-BS02a-120804-061000.wav	949.872	950.098	0.226	92.4	1728.8	1636.4	136.0	
216	Spectrogram 1	1	AU-BS02a-120804-061000.wav	951.406	951.632	0.226	80.1	1987.7	1907.6	392.0	
217	Spectrogram 1	1	AU-BS02a-120804-061000.wav	954.699	954.970	0.271	24.7	1993.8	1969.2	192.0	
218	Spectrogram 1	1	AU-BS02a-120804-061000.wav	958.308	958.534	0.226	74.0	1735.0	1661.0	280.0	
219	Spectrogram 1	1	AU-BS02a-120804-061000.wav	965.797	965.978	0.180	49.3	1753.5	1704.2	96.0	
220	Spectrogram 1	1	AU-BS02a-120804-061000.wav	967.511	967.737	0.226	89.4	1750.4	1661.0	104.0	
221	Spectrogram 1	1	AU-BS02a-120804-061000.wav	969.045	969.271	0.226	98.6	1753.5	1654.9	144.0	
222	Spectrogram 1	1	AU-BS02a-120804-061000.wav	970.759	970.985	0.226	64.7	1993.8	1929.1	280.0	
223	Spectrogram 1	1	AU-BS02a-120804-061000.wav	974.098	974.323	0.226	55.5	1981.5	1926.0	496.0	
224	Spectrogram 1	1	AU-BS02a-120804-061000.wav	977.707	977.978	0.271	52.4	1993.8	1941.4	56.0	
225	Spectrogram 1	1	AU-BS02a-120804-061000.wav	986.098	986.323	0.226	70.9	1309.7	1238.8	72.0	
226	Spectrogram 1	1	AU-BS02a-120804-061000.wav	987.902	988.038	0.135	61.6	1713.4	1651.8	64.0	
227	Spectrogram 1	1	AU-BS02a-120804-061000.wav	989.617	989.797	0.180	77.0	1707.2	1630.2	80.0	
228	Spectrogram 1	1	AU-BS02a-120804-061000.wav	991.150	991.466	0.316	64.7	1987.7	1923.0	424.0	
229	Spectrogram 1	1	AU-BS02a-120804-061000.wav	994.353	994.624	0.271	77.0	1993.8	1916.8	112.0	
230	Spectrogram 1	1	AU-BS02a-120804-061000.wav	998.323	998.549	0.226	46.2	1996.9	1950.7	64.0	end pattern
231	Spectrogram 1	1	AU-BS02a-120804-061000.wav	1085.617	1085.887	0.271	40.1	1528.5	1488.4	136.0	start pattern
232	Spectrogram 1	1	AU-BS02a-120804-061000.wav	1087.015	1087.196	0.180	83.2	1417.6	1334.4	136.0	
233	Spectrogram 1	1	AU-BS02a-120804-061000.wav	1088.684	1088.910	0.226	64.7	1380.6	1315.9	152.0	
234	Spectrogram 1	1	AU-BS02a-120804-061000.wav	1092.068	1092.338	0.271	40.1	1996.9	1956.9	136.0	
235	Spectrogram 1	1	AU-BS02a-120804-061000.wav	1093.602	1093.782	0.180	69.3	1442.2	1372.9	72.0	
236	Spectrogram 1	1	AU-BS02a-120804-061000.wav	1095.316	1095.541	0.226	49.3	1596.3	1547.0	56.0	
237	Spectrogram 1	1	AU-BS02a-120804-061000.wav	1096.895	1097.120	0.226	58.6	1439.1	1380.6	64.0	
238	Spectrogram 1	1	AU-BS02a-120804-061000.wav	1098.790	1099.015	0.226	46.2	1969.2	1923.0	48.0	
239	Spectrogram 1	1	AU-BS02a-120804-061000.wav	1100.323	1100.549	0.226	55.5	1291.2	1235.7	56.0	
240	Spectrogram 1	1	AU-BS02a-120804-061000.wav	1102.038	1102.353	0.316	67.8	1513.1	1445.3	160.0	
241	Spectrogram 1	1	AU-BS02a-120804-061000.wav	1103.707	1103.978	0.271	77.0	1371.3	1294.3	152.0	
242	Spectrogram 1	1	AU-BS02a-120804-061000.wav	1105.466	1105.737	0.271	95.5	1984.6	1889.1	136.0	
243	Spectrogram 1	1	AU-BS02a-120804-061000.wav	1107.045	1107.271	0.226	74.0	1648.7	1574.7	112.0	
244	Spectrogram 1	1	AU-BS02a-120804-061000.wav	1108.579	1108.895	0.316	77.0	1876.7	1799.7	128.0	
245	Spectrogram 1	1	AU-BS02a-120804-061000.wav	1110.293	1110.519	0.226	55.5	1836.7	1781.2	120.0	
246	Spectrogram 1	1	AU-BS02a-120804-061000.wav	1111.872	1112.098	0.226	46.2	1392.9	1346.7	168.0	
247	Spectrogram 1	1	AU-BS02a-120804-061000.wav	1113.406	1113.632	0.226	95.5	1451.5	1355.9	144.0	
248	Spectrogram 1	1	AU-BS02a-120804-061000.wav	1116.384	1116.654	0.271	64.7	1525.4	1460.7	144.0	
249	Spectrogram 1	1	AU-BS02a-120804-061000.wav	1119.767	1119.993	0.226	55.5	1278.9	1223.4	136.0	end main phrase
250	Spectrogram 1	1	AU-BS02a-120804-061000.wav	1126.579	1126.850	0.271	114.0	1698.0	1584.0	120.0	
251	Spectrogram 1	1	AU-BS02a-120804-061000.wav	1127.978	1128.248	0.271	101.7	1679.5	1577.8	552.0	
252	Spectrogram 1	1	AU-BS02a-120804-061000.wav	1129.647	1129.917	0.271	67.8	1448.4	1380.6	352.0	
253	Spectrogram 1	1	AU-BS02a-120804-061000.wav	1131.181	1131.451	0.271	64.7	1993.8	1929.1	424.0	
254	Spectrogram 1	1	AU-BS02a-120804-061000.wav	1134.248	1134.474	0.226	74.0	1993.8	1919.9	208.0	
255	Spectrogram 1	1	AU-BS02a-120804-061000.wav	1137.587	1137.812	0.226	40.1	1993.8	1953.8	48.0	
256	Spectrogram 1	1	AU-BS02a-120804-061000.wav	1144.669	1144.850	0.180	64.7	1300.5	1235.7	72.0	
257	Spectrogram 1	1	AU-BS02a-120804-061000.wav	1146.248	1146.384	0.135	61.6	1315.9	1254.2	64.0	
258	Spectrogram 1	1	AU-BS02a-120804-061000.wav	1147.917	1148.188	0.271	49.3	1990.8	1941.4	56.0	
259	Spectrogram 1	1	AU-BS02a-120804-061000.wav	1149.361	1149.632	0.271	58.6	1987.7	1929.1	344.0	
260	Spectrogram 1	1	AU-BS02a-120804-061000.wav	1152.519	1152.835	0.316	70.9	1990.8	1919.9	72.0	
261	Spectrogram 1	1	AU-BS02a-120804-061000.wav	1156.128	1156.399	0.271	83.2	1966.1	1882.9	584.0	
262	Spectrogram 1	1	AU-BS02a-120804-061000.wav	1163.707	1163.932	0.226	98.6	1657.9	1559.3	128.0	
263	Spectrogram 1	1	AU-BS02a-120804-061000.wav	1165.511	1165.737	0.226	92.4	1654.9	1562.4	160.0	
264	Spectrogram 1	1	AU-BS02a-120804-061000.wav	1167.090	1167.316	0.226	86.3	1633.3	1547.0	96.0	
265	Spectrogram 1	1	AU-BS02a-120804-061000.wav	1168.669	1168.940	0.271	64.7	1981.5	1916.8	416.0	
266	Spectrogram 1	1	AU-BS02a-120804-061000.wav	1172.008	1172.278	0.271	75.5	1995.4	1919.9	568.0	
267	Spectrogram 1	1	AU-BS02a-120804-061000.wav	1175.932	1176.248	0.316	89.4	1836.7	1747.3	344.0	
268	Spectrogram 1	1	AU-BS02a-120804-061000.wav	1183.150	1183.331	0.180	120.2	1731.9	1611.7	136.0	
269	Spectrogram 1	1	AU-BS02a-120804-061000.wav	1184.865	1185.090	0.226	120.2	1510.0	1389.8	416.0	
270	Spectrogram 1	1	AU-BS02a-120804-061000.wav	1186.579	1186.805	0.226	114.0	1491.5	1377.5	120.0	
271	Spectrogram 1	1	AU-BS02a-120804-061000.wav	1188.113	1188.384	0.271	67.8	1996.9	1929.1	568.0	
272	Spectrogram 1	1	AU-BS02a-120804-061000.wav	1191.226	1191.541	0.316	40.1	1996.9	1956.9	496.0	
273	Spectrogram 1	1	AU-BS02a-120804-061000.wav	1195.196	1195.466	0.271	77.0	1919.9	1842.8	344.0	
274	Spectrogram 1	1	AU-BS02a-120804-062000.wav	1200.790	1201.015	0.226	197.2	748.8	551.6	216.0	
275	Spectrogram 1	1	AU-BS02a-120804-062000.wav	1202.549	1202.729	0.180	151.0	1451.5	1300.5	240.0	
276	Spectrogram 1	1	AU-BS02a-120804-062000.wav	1204.353	1204.579	0.226	107.9	1879.8	1772.0	160.0	
277	Spectrogram 1	1	AU-BS02a-120804-062000.wav	1206.068	1206.293	0.226	89.4	1886.0	1796.6	416.0	
278	Spectrogram 1	1	AU-BS02a-120804-062000.wav	1207.647	1207.962	0.316	126.3	1993.8	1867.5	560.0	
279	Spectrogram 1	1	AU-BS02a-120804-062000.wav	1210.850	1211.165	0.316	74.0	1990.8	1916.8	488.0	
280	Spectrogram 1	1	AU-BS02a-120804-062000.wav	1214.549	1214.775	0.226	89.4	1990.8	1901.4	464.0	
281	Spectrogram 1	1	AU-BS02a-120804-062000.wav	1223.120	1223.391	0.271	77.0	1565.5	1488.4	80.0	
282	Spectrogram 1	1	AU-BS02a-120804-062000.wav	1224.925	1225.196	0.271	126.3	1981.5	1855.2	192.0	
283	Spectrogram 1	1	AU-BS02a-120804-062000.wav	1226.662	1226.887	0.226	84.7	1955.3	1870.6	88.0	
284	Spectrogram 1	1	AU-BS02a-120804-062000.wav	1228.128	1228.444	0.316	64.7	1790.4	1725.7	576.0	
285	Spectrogram 1	1	AU-BS02a-120804-062000.wav	1231.241	1231.511	0.271	74.0	1993.8	1919.9	496.0	
286	Spectrogram 1	1	AU-BS02a-120804-062000.wav	1235.165	1235.391	0.226	92.4	1923.0	1830.5	96.0	
287	Spectrogram 1	1	AU-BS02a-120804-062000.wav	1244.594	1244.820	0.226	110.9	1010.8	899.8	112.0	
288	Spectrogram 1	1	AU-BS02a-120804-062000.wav	1246.218	1246.399	0.180	120.2	1402.2	1282.0	496.0	
289	Spectrogram 1	1	AU-BS02a-120804-062000.wav	1247.752	1247.978	0.226	95.5	1987.7	1892.1	344.0	
290	Spectrogram 1	1	AU-BS02a-120804-062000.wav	1251.000	1251.226	0.226	64.7	1993.8	1929.1	416.0	end pattern
291	Spectrogram 1	1	AU-BS02a-120804-062000.wav	1343.143	1343.414	0.271	21.6	1996.9	1975.3	120.0	start pattern
292	Spectrogram 1	1	AU-BS02a-120804-062000.wav	1344.496	1344.722	0.226	64.7	1682.6	1617.9	136.0	
293	Spectrogram 1	1	AU-BS02a-120804-062000.wav	1346.075	1346.256	0.180	70.9	1500.8	1429.9	160.0	
294	Spectrogram 1	1	AU-BS02a-120804-062000.wav	1349.436	1349.662	0.226	70.9	1343.6	1272.7	120.0	
295	Spectrogram 1	1	AU-BS02a-120804-062000.wav	1350.948	1351.173	0.226	67.8	1315.9	1248.1	128.0	
296	Spectrogram 1	1	AU-BS02a-120804-062000.wav	1352.617	1352.887	0.271	55.5	1744.2	1688.8	112.0	
297	Spectrogram 1	1	AU-BS02a-120804-062000.wav	1354.196	1354.421	0.226	70.9	810.5	739.6	152.0	
298	Spectrogram 1	1	AU-BS02a-120804-062000.wav	1355.910	1356.135	0.226	52.4	1713.4	1661.0	120.0	
299	Spectrogram 1	1	AU-BS02a-120804-062000.wav	1357.489	1357.669	0.180	63.2	1124.8	1061.6	136.0	
300	Spectrogram 1	1	AU-BS02a-120804-062000.wav	1359.158	1359.384	0.226	52.4	1331.3	1278.9	136.0	
301	Spectrogram 1	1	AU-BS02a-120804-062000.wav	1360.602	1360.827	0.226	67.8	1047.8	980.0	104.0	
302	Spectrogram 1	1	AU-BS02a-120804-062000.wav	1362.451	1362.722	0.271	52.4	1947.6	1895.2	112.0	
303	Spectrogram 1	1	AU-BS02a-120804-062000.wav	1364.098	1364.323	0.226	55.5	1208.0	1152.5	56.0	
304	Spectrogram 1	1	AU-BS02a-120804-062000.wav	1365.654	1365.880	0.226	61.6	921.4	859.8	64.0	
305	Spectrogram 1	1	AU-BS02a-120804-062000.wav	1367.278	1367.504	0.226	52.4	801.2	748.8	56.0	
306	Spectrogram 1	1	AU-BS02a-120804-062000.wav	1368.902	1369.128	0.226	67.8	613.3	545.5	72.0	
307	Spectrogram 1	1	AU-BS02a-120804-062000.wav	1370.391	1370.572	0.180	80.1	610.2	530.0	152.0	
308	Spectrogram 1	1	AU-BS02a-120804-062000.wav	1371.925	1372.105	0.180	77.0	1066.3	989.2	80.0	
309	Spectrogram 1	1	AU-BS02a-120804-062000.wav	1374.970	1375.196	0.226	55.5	1275.8	1220.3	120.0	
311	Spectrogram 1	1	AU-BS02a-120804-062000.wav	1378.557	1378.782	0.226	55.5	1115.6	1060.1	112.0	end main phrase
312	Spectrogram 1	1	AU-BS02a-120804-062000.wav	1385.323	1385.549	0.226	55.5	665.6	610.2	56.0	
313	Spectrogram 1	1	AU-BS02a-120804-062000.wav	1386.812	1386.993	0.180	52.4	1013.9	961.5	56.0	
314	Spectrogram 1	1	AU-BS02a-120804-062000.wav	1388.481	1388.707	0.226	58.6	1466.9	1408.3	416.0	
315	Spectrogram 1	1	AU-BS02a-120804-062000.wav	1389.993	1390.218	0.226	24.7	1719.6	1694.9	496.0	
316	Spectrogram 1	1	AU-BS02a-120804-062000.wav	1392.993	1393.308	0.316	67.8	1710.3	1642.5	112.0	
317	Spectrogram 1	1	AU-BS02a-120804-062000.wav	1396.602	1396.827	0.226	61.6	1735.0	1673.3	64.0	
318	Spectrogram 1	1	AU-BS02a-120804-062000.wav	1406.166	1406.391	0.226	74.0	1063.2	989.2	136.0	
319	Spectrogram 1	1	AU-BS02a-120804-062000.wav	1407.609	1407.835	0.226	126.3	1007.7	881.4	496.0	
320	Spectrogram 1	1	AU-BS02a-120804-062000.wav	1409.143	1409.369	0.226	52.4	1722.7	1670.3	432.0	
321	Spectrogram 1	1	AU-BS02a-120804-062000.wav	1412.166	1412.391	0.226	58.6	1984.6	1926.0	120.0	
322	Spectrogram 1	1	AU-BS02a-120804-062000.wav	1415.775	1416.045	0.271	92.4	1975.3	1882.9	480.0	
323	Spectrogram 1	1	AU-BS02a-120804-062000.wav	1425.248	1425.474	0.226	86.3	1266.6	1180.3	120.0	
324	Spectrogram 1	1	AU-BS02a-120804-062000.wav	1426.963	1427.188	0.226	95.5	1396.0	1300.5	128.0	
325	Spectrogram 1	1	AU-BS02a-120804-062000.wav	1428.609	1428.835	0.226	52.4	1661.0	1608.6	112.0	
326	Spectrogram 1	1	AU-BS02a-120804-062000.wav	1431.699	1431.970	0.271	70.9	1756.5	1685.7	104.0	
327	Spectrogram 1	1	AU-BS02a-120804-062000.wav	1435.308	1435.534	0.226	67.8	1953.8	1886.0	408.0	
328	Spectrogram 1	1	AU-BS02a-120804-062000.wav	1442.932	1443.113	0.180	132.5	1343.6	1211.1	144.0	
329	Spectrogram 1	1	AU-BS02a-120804-062000.wav	1444.602	1444.827	0.226	110.9	1568.6	1457.6	112.0	
330	Spectrogram 1	1	AU-BS02a-120804-062000.wav	1446.316	1446.541	0.226	114.0	1633.3	1519.3	344.0	
331	Spectrogram 1	1	AU-BS02a-120804-062000.wav	1447.895	1448.120	0.226	55.5	1987.7	1932.2	344.0	
332	Spectrogram 1	1	AU-BS02a-120804-062000.wav	1451.233	1451.459	0.226	49.3	1707.2	1657.9	56.0	
333	Spectrogram 1	1	AU-BS02a-120804-062000.wav	1454.910	1455.135	0.226	60.1	1708.8	1648.7	584.0	
334	Spectrogram 1	1	AU-BS02a-120804-062000.wav	1464.587	1464.812	0.226	98.6	1670.3	1571.6	104.0	
335	Spectrogram 1	1	AU-BS02a-120804-062000.wav	1466.369	1466.594	0.226	72.4	1332.8	1260.4	112.0	
336	Spectrogram 1	1	AU-BS02a-120804-062000.wav	1467.925	1468.196	0.271	67.8	1996.9	1929.1	352.0	
337	Spectrogram 1	1	AU-BS02a-120804-062000.wav	1471.083	1471.308	0.226	77.0	1993.8	1916.8	120.0	
338	Spectrogram 1	1	AU-BS02a-120804-062000.wav	1474.827	1475.143	0.316	55.5	1605.5	1550.1	72.0	
339	Spectrogram 1	1	AU-BS02a-120804-062000.wav	1484.008	1484.233	0.226	171.0	1517.7	1346.7	192.0	
340	Spectrogram 1	1	AU-BS02a-120804-062000.wav	1485.744	1485.925	0.180	92.4	1959.9	1867.5	112.0	
341	Spectrogram 1	1	AU-BS02a-120804-062000.wav	1487.233	1487.504	0.271	123.3	1987.7	1864.4	200.0	
342	Spectrogram 1	1	AU-BS02a-120804-062000.wav	1490.572	1490.842	0.271	58.6	1987.7	1929.1	64.0	
343	Spectrogram 1	1	AU-BS02a-120804-062000.wav	1494.316	1494.587	0.271	74.0	1990.8	1916.8	840.0	end pattern
344	Spectrogram 1	1	AU-BS02a-120804-062000.wav	1585.354	1585.579	0.226	43.1	1500.8	1457.6	152.0	
345	Spectrogram 1	1	AU-BS02a-120804-062000.wav	1586.662	1586.887	0.226	67.8	1291.2	1223.4	160.0	
346	Spectrogram 1	1	AU-BS02a-120804-062000.wav	1588.331	1588.557	0.226	70.9	1300.5	1229.6	176.0	
347	Spectrogram 1	1	AU-BS02a-120804-062000.wav	1591.760	1591.985	0.226	61.6	992.3	930.7	168.0	
348	Spectrogram 1	1	AU-BS02a-120804-062000.wav	1593.293	1593.519	0.226	49.3	548.5	499.2	184.0	
349	Spectrogram 1	1	AU-BS02a-120804-062000.wav	1595.143	1595.369	0.226	55.5	980.0	924.5	192.0	
350	Spectrogram 1	1	AU-BS02a-120804-062000.wav	1596.857	1597.128	0.271	77.0	1078.6	1001.5	80.0	
351	Spectrogram 1	1	AU-BS02a-120804-062000.wav	1598.572	1598.797	0.226	33.9	1380.6	1346.7	120.0	
352	Spectrogram 1	1	AU-BS02a-120804-062000.wav	1600.196	1600.421	0.226	52.4	449.9	397.5	192.0	
353	Spectrogram 1	1	AU-BS02a-120804-062000.wav	1602.000	1602.226	0.226	30.8	1097.1	1066.3	32.0	
354	Spectrogram 1	1	AU-BS02a-120804-062000.wav	1603.511	1603.737	0.226	53.9	735.0	681.0	56.0	
355	Spectrogram 1	1	AU-BS02a-120804-062000.wav	1605.384	1605.564	0.180	74.0	1990.8	1916.8	80.0	
356	Spectrogram 1	1	AU-BS02a-120804-062000.wav	1606.963	1607.188	0.226	58.6	1661.0	1602.5	64.0	
357	Spectrogram 1	1	AU-BS02a-120804-062000.wav	1608.587	1608.812	0.226	74.0	1910.6	1836.7	80.0	
358	Spectrogram 1	1	AU-BS02a-120804-062000.wav	1611.970	1612.151	0.180	98.6	1990.8	1892.1	112.0	
359	Spectrogram 1	1	AU-BS02a-120804-062000.wav	1613.504	1613.775	0.271	203.4	1929.1	1725.7	504.0	
360	Spectrogram 1	1	AU-BS02a-120804-062000.wav	1616.481	1616.752	0.271	46.2	961.5	915.3	112.0	
361	Spectrogram 1	1	AU-BS02a-120804-062000.wav	1620.135	1620.406	0.271	70.9	1084.7	1013.9	104.0	end main phrase
362	Spectrogram 1	1	AU-BS02a-120804-062000.wav	1626.135	1626.361	0.226	98.6	829.0	730.4	104.0	
363	Spectrogram 1	1	AU-BS02a-120804-062000.wav	1627.714	1627.940	0.226	129.4	1540.8	1411.4	512.0	
364	Spectrogram 1	1	AU-BS02a-120804-062000.wav	1629.429	1629.654	0.226	110.9	1494.6	1383.7	136.0	
365	Spectrogram 1	1	AU-BS02a-120804-062000.wav	1630.872	1631.143	0.271	64.7	1975.3	1910.6	352.0	
366	Spectrogram 1	1	AU-BS02a-120804-062000.wav	1634.075	1634.301	0.226	77.0	1728.8	1651.8	192.0	
367	Spectrogram 1	1	AU-BS02a-120804-062000.wav	1637.684	1637.955	0.271	77.0	1741.1	1664.1	512.0	
368	Spectrogram 1	1	AU-BS02a-120804-062000.wav	1644.948	1645.173	0.226	80.1	869.0	788.9	104.0	
369	Spectrogram 1	1	AU-BS02a-120804-062000.wav	1646.617	1646.842	0.226	74.0	1685.7	1611.7	80.0	
370	Spectrogram 1	1	AU-BS02a-120804-062000.wav	1648.376	1648.602	0.226	107.9	1599.4	1491.5	504.0	
371	Spectrogram 1	1	AU-BS02a-120804-062000.wav	1649.865	1650.090	0.226	49.3	1975.3	1926.0	344.0	
372	Spectrogram 1	1	AU-BS02a-120804-062000.wav	1653.158	1653.384	0.226	95.5	1993.8	1898.3	136.0	
373	Spectrogram 1	1	AU-BS02a-120804-062000.wav	1656.767	1657.038	0.271	107.9	1996.9	1889.1	512.0	
374	Spectrogram 1	1	AU-BS02a-120804-062000.wav	1664.301	1664.526	0.226	129.4	958.4	829.0	144.0	
375	Spectrogram 1	1	AU-BS02a-120804-062000.wav	1666.105	1666.331	0.226	83.2	1704.2	1621.0	104.0	
376	Spectrogram 1	1	AU-BS02a-120804-062000.wav	1667.820	1668.045	0.226	64.7	1670.3	1605.5	128.0	
377	Spectrogram 1	1	AU-BS02a-120804-062000.wav	1669.399	1669.624	0.226	49.3	1990.8	1941.4	744.0	
378	Spectrogram 1	1	AU-BS02a-120804-062000.wav	1672.602	1672.827	0.226	83.2	1993.8	1910.6	512.0	
379	Spectrogram 1	1	AU-BS02a-120804-062000.wav	1676.188	1676.414	0.226	47.8	1696.5	1648.7	512.0	
380	Spectrogram 1	1	AU-BS02a-120804-062000.wav	1683.158	1683.384	0.226	110.9	1010.8	899.8	112.0	
381	Spectrogram 1	1	AU-BS02a-120804-062000.wav	1684.872	1685.053	0.180	74.0	1987.7	1913.7	80.0	
382	Spectrogram 1	1	AU-BS02a-120804-062000.wav	1686.541	1686.767	0.226	80.1	1654.9	1574.7	112.0	
383	Spectrogram 1	1	AU-BS02a-120804-062000.wav	1688.166	1688.391	0.226	37.0	1996.9	1959.9	400.0	
384	Spectrogram 1	1	AU-BS02a-120804-062000.wav	1691.504	1691.729	0.226	74.0	1993.8	1919.9	968.0	
385	Spectrogram 1	1	AU-BS02a-120804-062000.wav	1695.181	1695.406	0.226	78.6	1986.1	1907.6	80.0	
386	Spectrogram 1	1	AU-BS02a-120804-062000.wav	1702.331	1702.557	0.226	147.9	936.8	788.9	224.0	
387	Spectrogram 1	1	AU-BS02a-120804-062000.wav	1704.271	1704.496	0.226	120.2	1389.8	1269.6	192.0	
388	Spectrogram 1	1	AU-BS02a-120804-062000.wav	1705.985	1706.211	0.226	61.6	1389.8	1328.2	88.0	
389	Spectrogram 1	1	AU-BS02a-120804-062000.wav	1707.474	1707.699	0.226	52.4	1993.8	1941.4	528.0	
390	Spectrogram 1	1	AU-BS02a-120804-062000.wav	1710.677	1710.902	0.226	46.2	1855.2	1808.9	48.0	
391	Spectrogram 1	1	AU-BS02a-120804-062000.wav	1714.421	1714.647	0.226	74.0	1981.5	1907.6	80.0	
392	Spectrogram 1	1	AU-BS02a-120804-062000.wav	1722.181	1722.406	0.226	101.7	1907.6	1805.9	496.0	
393	Spectrogram 1	1	AU-BS02a-120804-062000.wav	1723.917	1724.143	0.226	86.3	1559.3	1473.0	112.0	
394	Spectrogram 1	1	AU-BS02a-120804-062000.wav	1725.519	1725.699	0.180	101.7	1722.7	1621.0	416.0	
395	Spectrogram 1	1	AU-BS02a-120804-062000.wav	1727.053	1727.278	0.226	95.5	1990.8	1895.2	488.0	
396	Spectrogram 1	1	AU-BS02a-120804-062000.wav	1730.391	1730.617	0.226	64.7	1550.1	1485.4	168.0	
397	Spectrogram 1	1	AU-BS02a-120804-062000.wav	1734.135	1734.316	0.180	64.7	1426.8	1362.1	416.0	
398	Spectrogram 1	1	AU-BS02a-120804-062000.wav	1742.256	1742.436	0.180	120.2	1574.7	1454.5	144.0	
399	Spectrogram 1	1	AU-BS02a-120804-062000.wav	1743.880	1744.060	0.180	110.9	1516.2	1405.2	112.0	
400	Spectrogram 1	1	AU-BS02a-120804-062000.wav	1745.549	1745.729	0.180	144.8	1685.7	1540.8	400.0	
401	Spectrogram 1	1	AU-BS02a-120804-062000.wav	1747.218	1747.444	0.226	52.4	1996.9	1944.5	64.0	
402	Spectrogram 1	1	AU-BS02a-120804-062000.wav	1750.376	1750.647	0.271	57.0	1989.2	1932.2	480.0	
403	Spectrogram 1	1	AU-BS02a-120804-062000.wav	1754.256	1754.481	0.226	77.0	1984.6	1907.6	568.0	
404	Spectrogram 1	1	AU-BS02a-120804-062000.wav	1764.767	1764.993	0.226	89.4	1651.8	1562.4	96.0	
405	Spectrogram 1	1	AU-BS02a-120804-062000.wav	1766.436	1766.707	0.271	135.6	1349.8	1214.2	416.0	
406	Spectrogram 1	1	AU-BS02a-120804-062000.wav	1768.105	1768.376	0.271	58.6	1919.9	1861.3	424.0	
407	Spectrogram 1	1	AU-BS02a-120804-062000.wav	1771.263	1771.534	0.271	64.7	1975.3	1910.6	496.0	
408	Spectrogram 1	1	AU-BS02a-120804-062000.wav	1775.233	1775.504	0.271	55.5	1935.3	1879.8	352.0	end pattern
409	Spectrogram 1	1	AU-BS02a-120804-063000.wav	1902.451	1902.677	0.226	70.9	1987.7	1916.8	88.0	start pattern
410	Spectrogram 1	1	AU-BS02a-120804-063000.wav	1903.850	1904.030	0.180	110.9	1411.4	1300.5	632.0	
411	Spectrogram 1	1	AU-BS02a-120804-063000.wav	1905.338	1905.564	0.226	77.0	1097.1	1020.0	184.0	
412	Spectrogram 1	1	AU-BS02a-120804-063000.wav	1908.722	1908.948	0.226	52.4	1402.2	1349.8	232.0	
413	Spectrogram 1	1	AU-BS02a-120804-063000.wav	1910.256	1910.436	0.180	98.6	943.0	844.4	112.0	
414	Spectrogram 1	1	AU-BS02a-120804-063000.wav	1911.993	1912.218	0.226	66.3	1641.0	1574.7	224.0	
415	Spectrogram 1	1	AU-BS02a-120804-063000.wav	1913.526	1913.752	0.226	69.3	1070.9	1001.5	120.0	
416	Spectrogram 1	1	AU-BS02a-120804-063000.wav	1915.241	1915.466	0.226	52.4	1624.0	1571.6	128.0	
417	Spectrogram 1	1	AU-BS02a-120804-063000.wav	1916.842	1917.068	0.226	55.5	1500.8	1445.3	128.0	
418	Spectrogram 1	1	AU-BS02a-120804-063000.wav	1918.511	1918.782	0.271	33.9	1947.6	1913.7	120.0	
419	Spectrogram 1	1	AU-BS02a-120804-063000.wav	1920.000	1920.271	0.271	74.0	1328.2	1254.2	120.0	
420	Spectrogram 1	1	AU-BS02a-120804-063000.wav	1921.760	1922.030	0.271	30.8	1978.4	1947.6	32.0	
421	Spectrogram 1	1	AU-BS02a-120804-063000.wav	1923.316	1923.541	0.226	37.0	1245.0	1208.0	72.0	
422	Spectrogram 1	1	AU-BS02a-120804-063000.wav	1924.963	1925.233	0.271	46.2	1118.6	1072.4	72.0	
423	Spectrogram 1	1	AU-BS02a-120804-063000.wav	1926.587	1926.812	0.226	46.2	1731.9	1685.7	56.0	
424	Spectrogram 1	1	AU-BS02a-120804-063000.wav	1928.166	1928.391	0.226	46.2	1833.6	1787.4	48.0	
425	Spectrogram 1	1	AU-BS02a-120804-063000.wav	1929.699	1929.925	0.226	98.6	1688.8	1590.1	160.0	
426	Spectrogram 1	1	AU-BS02a-120804-063000.wav	1931.323	1931.549	0.226	86.3	1547.0	1460.7	352.0	
427	Spectrogram 1	1	AU-BS02a-120804-063000.wav	1934.256	1934.526	0.271	58.6	1691.8	1633.3	96.0	
428	Spectrogram 1	1	AU-BS02a-120804-063000.wav	1937.729	1938.000	0.271	61.6	1648.7	1587.1	96.0	end main phrase
429	Spectrogram 1	1	AU-BS02a-120804-063000.wav	1942.692	1942.917	0.226	95.5	1460.7	1365.2	112.0	
430	Spectrogram 1	1	AU-BS02a-120804-063000.wav	1944.406	1944.632	0.226	80.1	1996.9	1916.8	104.0	
431	Spectrogram 1	1	AU-BS02a-120804-063000.wav	1945.850	1946.120	0.271	80.1	1651.8	1571.6	120.0	
432	Spectrogram 1	1	AU-BS02a-120804-063000.wav	1947.474	1947.699	0.226	74.0	1667.2	1593.2	88.0	
433	Spectrogram 1	1	AU-BS02a-120804-063000.wav	1949.053	1949.323	0.271	43.1	1990.8	1947.6	48.0	
434	Spectrogram 1	1	AU-BS02a-120804-063000.wav	1952.075	1952.391	0.316	64.7	1990.8	1926.0	416.0	
435	Spectrogram 1	1	AU-BS02a-120804-063000.wav	1955.684	1955.910	0.226	58.6	1932.2	1873.7	64.0	
436	Spectrogram 1	1	AU-BS02a-120804-063000.wav	1964.166	1964.436	0.271	67.8	1932.2	1864.4	72.0	
437	Spectrogram 1	1	AU-BS02a-120804-063000.wav	1965.835	1966.105	0.271	101.7	1747.3	1645.6	104.0	
438	Spectrogram 1	1	AU-BS02a-120804-063000.wav	1967.414	1967.639	0.226	74.0	1993.8	1919.9	344.0	
439	Spectrogram 1	1	AU-BS02a-120804-063000.wav	1970.662	1970.932	0.271	18.5	1959.9	1941.4	24.0	
440	Spectrogram 1	1	AU-BS02a-120804-063000.wav	1974.181	1974.451	0.271	89.4	1932.2	1842.8	408.0	
441	Spectrogram 1	1	AU-BS02a-120804-063000.wav	1983.654	1983.925	0.271	92.4	1605.5	1513.1	96.0	
442	Spectrogram 1	1	AU-BS02a-120804-063000.wav	1985.188	1985.414	0.226	215.7	1818.2	1602.5	480.0	
443	Spectrogram 1	1	AU-BS02a-120804-063000.wav	1986.857	1987.128	0.271	46.2	1996.9	1950.7	480.0	
444	Spectrogram 1	1	AU-BS02a-120804-063000.wav	1989.925	1990.151	0.226	58.6	1990.8	1932.2	72.0	
445	Spectrogram 1	1	AU-BS02a-120804-063000.wav	1993.444	1993.669	0.226	67.8	1254.2	1186.4	128.0	
446	Spectrogram 1	1	AU-BS02a-120804-063000.wav	2003.278	2003.459	0.180	83.2	1392.9	1309.7	120.0	
447	Spectrogram 1	1	AU-BS02a-120804-063000.wav	2004.993	2005.218	0.226	114.0	1639.4	1525.4	128.0	
448	Spectrogram 1	1	AU-BS02a-120804-063000.wav	2006.707	2006.887	0.180	83.2	1010.8	927.6	504.0	
449	Spectrogram 1	1	AU-BS02a-120804-063000.wav	2008.286	2008.557	0.271	58.6	1993.8	1935.3	64.0	
450	Spectrogram 1	1	AU-BS02a-120804-063000.wav	2011.579	2011.805	0.226	40.1	1993.8	1953.8	256.0	end pattern
451	Spectrogram 1	1	AU-BS02a-120804-063000.wav	2160.948	2161.173	0.226	27.7	1990.8	1963.0	104.0	start pattern
452	Spectrogram 1	1	AU-BS02a-120804-063000.wav	2162.256	2162.436	0.180	64.7	1959.9	1895.2	104.0	
453	Spectrogram 1	1	AU-BS02a-120804-063000.wav	2163.744	2163.925	0.180	83.2	1577.8	1494.6	112.0	
454	Spectrogram 1	1	AU-BS02a-120804-063000.wav	2167.128	2167.308	0.180	52.4	1596.3	1543.9	104.0	
455	Spectrogram 1	1	AU-BS02a-120804-063000.wav	2168.526	2168.707	0.180	95.5	1858.2	1762.7	136.0	
456	Spectrogram 1	1	AU-BS02a-120804-063000.wav	2170.286	2170.511	0.226	49.3	1944.5	1895.2	128.0	
457	Spectrogram 1	1	AU-BS02a-120804-063000.wav	2171.820	2172.045	0.226	58.6	1522.3	1463.8	128.0	
458	Spectrogram 1	1	AU-BS02a-120804-063000.wav	2173.579	2173.805	0.226	33.9	1996.9	1963.0	120.0	
459	Spectrogram 1	1	AU-BS02a-120804-063000.wav	2175.203	2175.429	0.226	43.1	647.1	604.0	48.0	
460	Spectrogram 1	1	AU-BS02a-120804-063000.wav	2176.872	2177.098	0.226	40.1	1990.8	1950.7	112.0	
461	Spectrogram 1	1	AU-BS02a-120804-063000.wav	2178.316	2178.496	0.180	58.6	1306.6	1248.1	64.0	
462	Spectrogram 1	1	AU-BS02a-120804-063000.wav	2180.075	2180.301	0.226	49.3	1978.4	1929.1	72.0	
463	Spectrogram 1	1	AU-BS02a-120804-063000.wav	2181.609	2181.790	0.180	49.3	1713.4	1664.1	64.0	
464	Spectrogram 1	1	AU-BS02a-120804-063000.wav	2183.143	2183.369	0.226	55.5	1759.6	1704.2	56.0	
465	Spectrogram 1	1	AU-BS02a-120804-063000.wav	2184.677	2184.948	0.271	61.6	1735.0	1673.3	64.0	
466	Spectrogram 1	1	AU-BS02a-120804-063000.wav	2186.256	2186.481	0.226	58.6	1679.5	1621.0	72.0	
467	Spectrogram 1	1	AU-BS02a-120804-063000.wav	2187.925	2188.196	0.271	80.1	1676.4	1596.3	88.0	
468	Spectrogram 1	1	AU-BS02a-120804-063000.wav	2190.767	2191.038	0.271	61.6	1651.8	1590.1	80.0	
469	Spectrogram 1	1	AU-BS02a-120804-063000.wav	2194.196	2194.421	0.226	67.8	1550.1	1482.3	104.0	end main phrase
470	Spectrogram 1	1	AU-BS02a-120804-063000.wav	2198.797	2198.978	0.180	104.8	1485.4	1380.6	120.0	
471	Spectrogram 1	1	AU-BS02a-120804-063000.wav	2200.466	2200.647	0.180	64.7	1852.1	1787.4	72.0	
472	Spectrogram 1	1	AU-BS02a-120804-063000.wav	2202.045	2202.271	0.226	89.4	1827.4	1738.1	224.0	
473	Spectrogram 1	1	AU-BS02a-120804-063000.wav	2203.647	2203.872	0.226	53.9	1813.6	1759.6	56.0	
474	Spectrogram 1	1	AU-BS02a-120804-063000.wav	2205.068	2205.338	0.271	58.6	1993.8	1935.3	304.0	
475	Spectrogram 1	1	AU-BS02a-120804-063000.wav	2208.045	2208.271	0.226	77.0	1996.9	1919.9	152.0	
476	Spectrogram 1	1	AU-BS02a-120804-063000.wav	2211.609	2211.880	0.271	58.6	1969.2	1910.6	152.0	
477	Spectrogram 1	1	AU-BS02a-120804-063000.wav	2219.008	2219.233	0.226	80.1	1716.5	1636.4	96.0	
478	Spectrogram 1	1	AU-BS02a-120804-063000.wav	2220.722	2220.948	0.226	92.4	1405.2	1312.8	104.0	
479	Spectrogram 1	1	AU-BS02a-120804-063000.wav	2222.301	2222.526	0.226	80.1	1963.0	1882.9	88.0	
480	Spectrogram 1	1	AU-BS02a-120804-063000.wav	2223.925	2224.151	0.226	77.0	1898.3	1821.3	256.0	
481	Spectrogram 1	1	AU-BS02a-120804-063000.wav	2226.993	2227.263	0.271	30.8	1984.6	1953.8	32.0	
482	Spectrogram 1	1	AU-BS02a-120804-063000.wav	2230.692	2230.917	0.226	55.5	1772.0	1716.5	56.0	
483	Spectrogram 1	1	AU-BS02a-120804-063000.wav	2238.541	2238.767	0.226	89.4	1433.0	1343.6	96.0	
484	Spectrogram 1	1	AU-BS02a-120804-063000.wav	2240.211	2240.391	0.180	70.9	1158.7	1087.8	416.0	
485	Spectrogram 1	1	AU-BS02a-120804-063000.wav	2241.925	2242.105	0.180	104.8	1433.0	1328.2	120.0	
486	Spectrogram 1	1	AU-BS02a-120804-063000.wav	2243.414	2243.594	0.180	86.3	1855.2	1768.9	368.0	
487	Spectrogram 1	1	AU-BS02a-120804-063000.wav	2246.572	2246.797	0.226	67.8	1845.9	1778.1	112.0	
488	Spectrogram 1	1	AU-BS02a-120804-063000.wav	2250.406	2250.677	0.271	74.0	1214.2	1140.2	120.0	
489	Spectrogram 1	1	AU-BS02a-120804-063000.wav	2260.015	2260.241	0.226	55.5	1556.2	1500.8	56.0	
490	Spectrogram 1	1	AU-BS02a-120804-063000.wav	2261.549	2261.820	0.271	92.4	1349.8	1257.3	120.0	
491	Spectrogram 1	1	AU-BS02a-120804-063000.wav	2263.218	2263.399	0.180	67.8	1414.5	1346.7	72.0	
492	Spectrogram 1	1	AU-BS02a-120804-063000.wav	2264.865	2265.068	0.203	100.2	1983.1	1882.9	568.0	
493	Spectrogram 1	1	AU-BS02a-120804-063000.wav	2267.955	2268.226	0.271	46.2	1855.2	1808.9	120.0	
494	Spectrogram 1	1	AU-BS02a-120804-063000.wav	2271.699	2271.970	0.271	77.0	1300.5	1223.4	80.0	end pattern
495	Spectrogram 1	1	AU-BS02a-120804-070000.wav	2574.406	2574.632	0.226	49.3	1987.7	1938.4	80.0	start pattern
496	Spectrogram 1	1	AU-BS02a-120804-070000.wav	2575.805	2575.985	0.180	52.4	662.6	610.2	160.0	
497	Spectrogram 1	1	AU-BS02a-120804-070000.wav	2577.384	2577.654	0.271	55.5	1728.8	1673.3	168.0	
498	Spectrogram 1	1	AU-BS02a-120804-070000.wav	2580.677	2580.857	0.180	64.7	1587.1	1522.3	80.0	
499	Spectrogram 1	1	AU-BS02a-120804-070000.wav	2582.075	2582.301	0.226	67.8	434.5	366.7	72.0	
500	Spectrogram 1	1	AU-BS02a-120804-070000.wav	2583.902	2584.128	0.226	40.1	1001.5	961.5	112.0	
501	Spectrogram 1	1	AU-BS02a-120804-070000.wav	2585.459	2585.684	0.226	67.8	594.8	527.0	72.0	
502	Spectrogram 1	1	AU-BS02a-120804-070000.wav	2587.173	2587.444	0.271	58.6	1112.5	1053.9	112.0	
503	Spectrogram 1	1	AU-BS02a-120804-070000.wav	2588.797	2589.023	0.226	70.9	1004.6	933.7	128.0	
504	Spectrogram 1	1	AU-BS02a-120804-070000.wav	2590.489	2590.714	0.226	49.3	1781.2	1731.9	112.0	
505	Spectrogram 1	1	AU-BS02a-120804-070000.wav	2592.181	2592.361	0.180	61.6	443.8	382.1	64.0	
506	Spectrogram 1	1	AU-BS02a-120804-070000.wav	2593.850	2594.120	0.271	61.6	1090.9	1029.3	112.0	
507	Spectrogram 1	1	AU-BS02a-120804-070000.wav	2595.429	2595.699	0.271	64.7	751.9	687.2	104.0	
508	Spectrogram 1	1	AU-BS02a-120804-070000.wav	2597.098	2597.323	0.226	58.6	1322.0	1263.5	96.0	
509	Spectrogram 1	1	AU-BS02a-120804-070000.wav	2598.632	2598.902	0.271	55.5	1158.7	1103.2	96.0	
510	Spectrogram 1	1	AU-BS02a-120804-070000.wav	2600.188	2600.414	0.226	53.9	1131.0	1077.0	56.0	
511	Spectrogram 1	1	AU-BS02a-120804-070000.wav	2601.744	2602.015	0.271	46.2	1075.5	1029.3	72.0	
512	Spectrogram 1	1	AU-BS02a-120804-070000.wav	2604.677	2604.948	0.271	43.1	1383.7	1340.5	112.0	
513	Spectrogram 1	1	AU-BS02a-120804-070000.wav	2608.105	2608.331	0.226	40.1	1260.4	1220.3	128.0	end main phrase
514	Spectrogram 1	1	AU-BS02a-120804-070000.wav	2616.812	2617.038	0.226	92.4	554.7	462.2	160.0	
515	Spectrogram 1	1	AU-BS02a-120804-070000.wav	2618.436	2618.707	0.271	64.7	671.8	607.1	152.0	
516	Spectrogram 1	1	AU-BS02a-120804-070000.wav	2620.015	2620.286	0.271	74.0	1380.6	1306.6	112.0	
517	Spectrogram 1	1	AU-BS02a-120804-070000.wav	2623.128	2623.354	0.226	52.4	748.8	696.5	56.0	
518	Spectrogram 1	1	AU-BS02a-120804-070000.wav	2626.827	2627.053	0.226	49.3	893.7	844.4	56.0	
519	Spectrogram 1	1	AU-BS02a-120804-070000.wav	2634.316	2634.541	0.226	64.7	933.7	869.0	80.0	
520	Spectrogram 1	1	AU-BS02a-120804-070000.wav	2635.940	2636.120	0.180	101.7	1719.6	1617.9	104.0	
521	Spectrogram 1	1	AU-BS02a-120804-070000.wav	2637.609	2637.835	0.226	52.4	1744.2	1691.8	56.0	
522	Spectrogram 1	1	AU-BS02a-120804-070000.wav	2639.098	2639.323	0.226	43.1	1987.7	1944.5	48.0	
523	Spectrogram 1	1	AU-BS02a-120804-070000.wav	2642.211	2642.481	0.271	52.4	1377.5	1325.1	232.0	
524	Spectrogram 1	1	AU-BS02a-120804-070000.wav	2646.000	2646.181	0.180	126.3	1864.4	1738.1	304.0	
525	Spectrogram 1	1	AU-BS02a-120804-070000.wav	2656.015	2656.286	0.271	77.0	844.4	767.3	96.0	
526	Spectrogram 1	1	AU-BS02a-120804-070000.wav	2657.752	2657.978	0.226	75.5	1132.5	1057.0	152.0	
527	Spectrogram 1	1	AU-BS02a-120804-070000.wav	2659.354	2659.579	0.226	64.7	1753.5	1688.8	72.0	
528	Spectrogram 1	1	AU-BS02a-120804-070000.wav	2662.466	2662.692	0.226	49.3	1614.8	1565.5	128.0	
529	Spectrogram 1	1	AU-BS02a-120804-070000.wav	2666.120	2666.391	0.271	37.0	1765.8	1728.8	40.0	
530	Spectrogram 1	1	AU-BS02a-120804-070000.wav	2675.053	2675.278	0.226	83.2	1050.8	967.6	176.0	
531	Spectrogram 1	1	AU-BS02a-120804-070000.wav	2676.632	2676.857	0.226	58.6	1476.1	1417.6	88.0	
532	Spectrogram 1	1	AU-BS02a-120804-070000.wav	2678.346	2678.526	0.180	67.8	1710.3	1642.5	488.0	
533	Spectrogram 1	1	AU-BS02a-120804-070000.wav	2681.549	2681.820	0.271	67.8	1987.7	1919.9	104.0	
534	Spectrogram 1	1	AU-BS02a-120804-070000.wav	2685.338	2685.519	0.180	64.7	1987.7	1923.0	584.0	
535	Spectrogram 1	1	AU-BS02a-120804-070000.wav	2693.053	2693.278	0.226	61.6	1599.4	1537.8	64.0	
536	Spectrogram 1	1	AU-BS02a-120804-070000.wav	2694.790	2695.015	0.226	74.0	1580.9	1506.9	96.0	
537	Spectrogram 1	1	AU-BS02a-120804-070000.wav	2696.481	2696.662	0.180	70.9	1547.0	1476.1	72.0	
538	Spectrogram 1	1	AU-BS02a-120804-070000.wav	2698.060	2698.286	0.226	64.7	1990.8	1926.0	352.0	
539	Spectrogram 1	1	AU-BS02a-120804-070000.wav	2701.308	2701.534	0.226	67.8	1987.7	1919.9	512.0	
540	Spectrogram 1	1	AU-BS02a-120804-070000.wav	2705.008	2705.188	0.180	184.9	1993.8	1808.9	576.0	
541	Spectrogram 1	1	AU-BS02a-120804-070000.wav	2712.993	2713.173	0.180	64.7	1426.8	1362.1	120.0	
542	Spectrogram 1	1	AU-BS02a-120804-070000.wav	2714.572	2714.752	0.180	95.5	1540.8	1445.3	96.0	
543	Spectrogram 1	1	AU-BS02a-120804-070000.wav	2716.331	2716.557	0.226	98.6	1291.2	1192.6	120.0	
544	Spectrogram 1	1	AU-BS02a-120804-070000.wav	2717.910	2718.090	0.180	55.5	1956.9	1901.4	56.0	
545	Spectrogram 1	1	AU-BS02a-120804-070000.wav	2721.068	2721.338	0.271	43.1	1993.8	1950.7	184.0	end pattern
546	Spectrogram 1	1	AU-BS02a-120804-071000.wav	3242.481	3242.752	0.271	37.0	1981.5	1944.5	208.0	start pattenr
547	Spectrogram 1	1	AU-BS02a-120804-071000.wav	3243.835	3244.015	0.180	64.7	1710.3	1645.6	184.0	
548	Spectrogram 1	1	AU-BS02a-120804-071000.wav	3245.504	3245.684	0.180	58.6	1707.2	1648.7	64.0	
549	Spectrogram 1	1	AU-BS02a-120804-071000.wav	3248.842	3249.068	0.226	52.4	1466.9	1414.5	96.0	
550	Spectrogram 1	1	AU-BS02a-120804-071000.wav	3250.308	3250.534	0.226	63.2	1032.4	969.2	88.0	
551	Spectrogram 1	1	AU-BS02a-120804-071000.wav	3252.090	3252.271	0.180	57.0	1286.6	1229.6	88.0	
552	Spectrogram 1	1	AU-BS02a-120804-071000.wav	3253.602	3253.827	0.226	66.3	1263.5	1197.2	192.0	
553	Spectrogram 1	1	AU-BS02a-120804-071000.wav	3255.338	3255.564	0.226	58.6	1463.8	1405.2	136.0	
554	Spectrogram 1	1	AU-BS02a-120804-071000.wav	3256.895	3257.120	0.226	69.3	590.1	520.8	144.0	
555	Spectrogram 1	1	AU-BS02a-120804-071000.wav	3258.587	3258.857	0.271	55.5	1630.2	1574.7	112.0	
556	Spectrogram 1	1	AU-BS02a-120804-071000.wav	3260.211	3260.436	0.226	61.6	918.3	856.7	120.0	
557	Spectrogram 1	1	AU-BS02a-120804-071000.wav	3261.880	3262.105	0.226	61.6	1867.5	1805.9	120.0	
558	Spectrogram 1	1	AU-BS02a-120804-071000.wav	3263.369	3263.639	0.271	70.9	1272.7	1201.8	112.0	
559	Spectrogram 1	1	AU-BS02a-120804-071000.wav	3265.083	3265.308	0.226	80.1	1981.5	1901.4	120.0	
560	Spectrogram 1	1	AU-BS02a-120804-071000.wav	3266.662	3266.887	0.226	37.0	869.0	832.0	40.0	
561	Spectrogram 1	1	AU-BS02a-120804-071000.wav	3268.241	3268.421	0.180	58.6	1608.6	1550.1	64.0	
562	Spectrogram 1	1	AU-BS02a-120804-071000.wav	3269.820	3270.090	0.271	46.2	745.8	699.5	48.0	
563	Spectrogram 1	1	AU-BS02a-120804-071000.wav	3271.444	3271.669	0.226	64.7	1195.7	1131.0	80.0	
564	Spectrogram 1	1	AU-BS02a-120804-071000.wav	3274.331	3274.557	0.226	70.9	1060.1	989.2	96.0	
565	Spectrogram 1	1	AU-BS02a-120804-071000.wav	3277.805	3278.030	0.226	55.5	1990.8	1935.3	120.0	end main phrase
566	Spectrogram 1	1	AU-BS02a-120804-071000.wav	3283.940	3284.211	0.271	95.5	751.9	656.4	104.0	
567	Spectrogram 1	1	AU-BS02a-120804-071000.wav	3285.519	3285.699	0.180	98.6	684.1	585.5	104.0	
568	Spectrogram 1	1	AU-BS02a-120804-071000.wav	3287.188	3287.369	0.180	74.0	1248.1	1174.1	112.0	
569	Spectrogram 1	1	AU-BS02a-120804-071000.wav	3288.699	3288.925	0.226	67.8	1380.6	1312.8	152.0	
570	Spectrogram 1	1	AU-BS02a-120804-071000.wav	3291.699	3291.925	0.226	61.6	1078.6	1016.9	352.0	
571	Spectrogram 1	1	AU-BS02a-120804-071000.wav	3295.263	3295.489	0.226	86.3	1149.5	1063.2	160.0	
572	Spectrogram 1	1	AU-BS02a-120804-071000.wav	3302.098	3302.323	0.226	55.5	819.7	764.3	56.0	
573	Spectrogram 1	1	AU-BS02a-120804-071000.wav	3303.654	3303.880	0.226	74.0	1143.3	1069.3	88.0	
574	Spectrogram 1	1	AU-BS02a-120804-071000.wav	3305.188	3305.369	0.180	69.3	1046.2	976.9	72.0	
575	Spectrogram 1	1	AU-BS02a-120804-071000.wav	3306.857	3307.128	0.271	58.6	1775.0	1716.5	568.0	
576	Spectrogram 1	1	AU-BS02a-120804-071000.wav	3310.015	3310.286	0.271	43.1	1996.9	1953.8	48.0	
577	Spectrogram 1	1	AU-BS02a-120804-071000.wav	3313.669	3313.940	0.271	61.6	1753.5	1691.8	64.0	
578	Spectrogram 1	1	AU-BS02a-120804-071000.wav	3321.068	3321.293	0.226	86.3	1121.7	1035.4	120.0	
579	Spectrogram 1	1	AU-BS02a-120804-071000.wav	3322.602	3322.917	0.316	92.4	1362.1	1269.6	168.0	
580	Spectrogram 1	1	AU-BS02a-120804-071000.wav	3324.338	3324.564	0.226	72.4	1376.0	1303.5	400.0	
581	Spectrogram 1	1	AU-BS02a-120804-071000.wav	3325.850	3326.120	0.271	70.9	1966.1	1895.2	384.0	
582	Spectrogram 1	1	AU-BS02a-120804-071000.wav	3329.098	3329.369	0.271	57.0	1989.2	1932.2	608.0	
583	Spectrogram 1	1	AU-BS02a-120804-071000.wav	3332.572	3332.842	0.271	67.8	1716.5	1648.7	552.0	
584	Spectrogram 1	1	AU-BS02a-120804-071000.wav	3339.970	3340.196	0.226	138.7	1152.5	1013.9	160.0	
585	Spectrogram 1	1	AU-BS02a-120804-071000.wav	3341.639	3341.910	0.271	110.9	1494.6	1383.7	128.0	
586	Spectrogram 1	1	AU-BS02a-120804-071000.wav	3343.241	3343.466	0.226	67.8	1201.8	1134.1	88.0	
587	Spectrogram 1	1	AU-BS02a-120804-071000.wav	3344.932	3345.158	0.226	43.1	1670.3	1627.1	48.0	
588	Spectrogram 1	1	AU-BS02a-120804-071000.wav	3348.113	3348.338	0.226	53.9	1967.6	1913.7	400.0	
589	Spectrogram 1	1	AU-BS02a-120804-071000.wav	3351.835	3352.105	0.271	77.0	1226.5	1149.5	768.0	
590	Spectrogram 1	1	AU-BS02a-120804-071000.wav	3359.143	3359.414	0.271	134.1	1024.7	890.6	136.0	
591	Spectrogram 1	1	AU-BS02a-120804-071000.wav	3360.902	3361.128	0.226	120.2	1639.4	1519.3	568.0	
592	Spectrogram 1	1	AU-BS02a-120804-071000.wav	3362.572	3362.797	0.226	89.4	1713.4	1624.0	504.0	
593	Spectrogram 1	1	AU-BS02a-120804-071000.wav	3364.105	3364.376	0.271	74.0	1984.6	1910.6	400.0	
594	Spectrogram 1	1	AU-BS02a-120804-071000.wav	3367.263	3367.489	0.226	43.1	1984.6	1941.4	400.0	
595	Spectrogram 1	1	AU-BS02a-120804-071000.wav	3371.053	3371.323	0.271	70.9	1963.0	1892.1	584.0	
596	Spectrogram 1	1	AU-BS02a-120804-071000.wav	3380.572	3380.797	0.226	86.3	1636.4	1550.1	96.0	
597	Spectrogram 1	1	AU-BS02a-120804-071000.wav	3382.196	3382.421	0.226	80.1	1580.9	1500.8	408.0	
598	Spectrogram 1	1	AU-BS02a-120804-071000.wav	3383.820	3384.090	0.271	46.2	1969.2	1923.0	408.0	
599	Spectrogram 1	1	AU-BS02a-120804-071000.wav	3386.978	3387.293	0.316	77.0	1987.7	1910.6	352.0	end pattern
600	Spectrogram 1	1	AU-BS02a-120804-071000.wav	3470.481	3470.752	0.271	55.5	1975.3	1919.9	192.0	start pattern
601	Spectrogram 1	1	AU-BS02a-120804-071000.wav	3471.880	3472.060	0.180	58.6	1519.3	1460.7	64.0	
602	Spectrogram 1	1	AU-BS02a-120804-071000.wav	3473.369	3473.594	0.226	61.6	1932.2	1870.6	208.0	
603	Spectrogram 1	1	AU-BS02a-120804-071000.wav	3476.842	3477.068	0.226	46.2	1710.3	1664.1	200.0	
604	Spectrogram 1	1	AU-BS02a-120804-071000.wav	3478.286	3478.511	0.226	77.0	1282.0	1204.9	248.0	
605	Spectrogram 1	1	AU-BS02a-120804-071000.wav	3480.090	3480.316	0.226	37.0	1491.5	1454.5	120.0	
606	Spectrogram 1	1	AU-BS02a-120804-071000.wav	3481.692	3481.917	0.226	52.4	1189.5	1137.1	136.0	
607	Spectrogram 1	1	AU-BS02a-120804-071000.wav	3483.338	3483.609	0.271	55.5	1448.4	1392.9	136.0	
608	Spectrogram 1	1	AU-BS02a-120804-071000.wav	3484.895	3485.120	0.226	72.4	722.7	650.2	128.0	
609	Spectrogram 1	1	AU-BS02a-120804-071000.wav	3486.677	3486.948	0.271	52.4	1963.0	1910.6	136.0	
610	Spectrogram 1	1	AU-BS02a-120804-071000.wav	3488.120	3488.346	0.226	46.2	1580.9	1534.7	48.0	
611	Spectrogram 1	1	AU-BS02a-120804-071000.wav	3489.970	3490.241	0.271	37.0	1744.2	1707.2	112.0	
612	Spectrogram 1	1	AU-BS02a-120804-071000.wav	3491.459	3491.775	0.316	40.1	1590.1	1550.1	120.0	
613	Spectrogram 1	1	AU-BS02a-120804-071000.wav	3493.263	3493.534	0.271	64.7	1355.9	1291.2	112.0	
614	Spectrogram 1	1	AU-BS02a-120804-071000.wav	3494.775	3495.000	0.226	66.3	1480.7	1414.5	72.0	
615	Spectrogram 1	1	AU-BS02a-120804-071000.wav	3496.466	3496.692	0.226	55.5	1451.5	1396.0	56.0	
616	Spectrogram 1	1	AU-BS02a-120804-071000.wav	3498.000	3498.181	0.180	52.4	1519.3	1466.9	80.0	
617	Spectrogram 1	1	AU-BS02a-120804-071000.wav	3499.669	3499.895	0.226	61.6	1229.6	1168.0	64.0	
618	Spectrogram 1	1	AU-BS02a-120804-071000.wav	3502.624	3502.850	0.226	66.3	1542.4	1476.1	112.0	
619	Spectrogram 1	1	AU-BS02a-120804-071000.wav	3505.985	3506.211	0.226	67.8	1963.0	1895.2	120.0	end main phrase
620	Spectrogram 1	1	AU-BS02a-120804-071000.wav	3513.744	3513.970	0.226	86.3	530.0	443.8	88.0	
621	Spectrogram 1	1	AU-BS02a-120804-071000.wav	3515.459	3515.775	0.316	89.4	1303.5	1214.2	96.0	
622	Spectrogram 1	1	AU-BS02a-120804-071000.wav	3517.128	3517.399	0.271	61.6	1556.2	1494.6	192.0	
623	Spectrogram 1	1	AU-BS02a-120804-071000.wav	3520.241	3520.511	0.271	64.7	1211.1	1146.4	184.0	
624	Spectrogram 1	1	AU-BS02a-120804-071000.wav	3523.850	3524.166	0.316	61.6	1232.7	1171.0	64.0	
625	Spectrogram 1	1	AU-BS02a-120804-071000.wav	3533.008	3533.278	0.271	86.3	844.4	758.1	88.0	
626	Spectrogram 1	1	AU-BS02a-120804-071000.wav	3534.587	3534.812	0.226	104.8	1291.2	1186.4	120.0	
627	Spectrogram 1	1	AU-BS02a-120804-071000.wav	3536.166	3536.391	0.226	52.4	1990.8	1938.4	56.0	
628	Spectrogram 1	1	AU-BS02a-120804-071000.wav	3539.233	3539.459	0.226	70.9	1972.3	1901.4	424.0	
629	Spectrogram 1	1	AU-BS02a-120804-071000.wav	3542.797	3543.068	0.271	77.0	1710.3	1633.3	368.0	
630	Spectrogram 1	1	AU-BS02a-120804-071000.wav	3550.602	3550.827	0.226	110.9	881.4	770.4	112.0	
631	Spectrogram 1	1	AU-BS02a-120804-071000.wav	3552.541	3552.722	0.180	67.8	798.2	730.4	72.0	
632	Spectrogram 1	1	AU-BS02a-120804-071000.wav	3554.075	3554.301	0.226	70.9	1352.9	1282.0	104.0	
633	Spectrogram 1	1	AU-BS02a-120804-071000.wav	3555.654	3555.925	0.271	50.8	1939.9	1889.1	568.0	
634	Spectrogram 1	1	AU-BS02a-120804-071000.wav	3558.948	3559.218	0.271	58.6	1741.1	1682.6	104.0	
635	Spectrogram 1	1	AU-BS02a-120804-071000.wav	3562.647	3562.872	0.226	83.2	1710.3	1627.1	408.0	
636	Spectrogram 1	1	AU-BS02a-120804-071000.wav	3572.526	3572.797	0.271	61.6	1075.5	1013.9	64.0	
637	Spectrogram 1	1	AU-BS02a-120804-071000.wav	3574.196	3574.466	0.271	95.5	893.7	798.2	408.0	
638	Spectrogram 1	1	AU-BS02a-120804-071000.wav	3575.820	3576.135	0.316	49.3	1996.9	1947.6	104.0	
639	Spectrogram 1	1	AU-BS02a-120804-071000.wav	3579.023	3579.293	0.271	80.1	1987.7	1907.6	112.0	
640	Spectrogram 1	1	AU-BS02a-120804-071000.wav	3582.857	3583.128	0.271	67.8	1571.6	1503.9	568.0	
641	Spectrogram 1	1	AU-BS02a-120804-071000.wav	3590.526	3590.752	0.226	92.4	906.0	813.6	120.0	
642	Spectrogram 1	1	AU-BS02a-120804-071000.wav	3592.196	3592.421	0.226	67.8	1306.6	1238.8	88.0	
643	Spectrogram 1	1	AU-BS02a-120804-071000.wav	3593.865	3594.045	0.180	40.1	1457.6	1417.6	80.0	
644	Spectrogram 1	1	AU-BS02a-120804-071000.wav	3595.489	3595.714	0.226	52.4	1996.9	1944.5	56.0	
645	Spectrogram 1	1	AU-BS02a-120804-071000.wav	3598.760	3598.963	0.203	60.1	1850.5	1790.4	120.0	
646	Spectrogram 1	1	AU-BS02a-120804-072000.wav	3602.526	3602.752	0.226	52.4	1993.8	1941.4	352.0	
647	Spectrogram 1	1	AU-BS02a-120804-072000.wav	3610.872	3611.098	0.226	52.4	1500.8	1448.4	56.0	
648	Spectrogram 1	1	AU-BS02a-120804-072000.wav	3612.496	3612.677	0.180	64.7	1694.9	1630.2	408.0	
649	Spectrogram 1	1	AU-BS02a-120804-072000.wav	3614.166	3614.346	0.180	80.1	1624.0	1543.9	496.0	
650	Spectrogram 1	1	AU-BS02a-120804-072000.wav	3615.699	3616.015	0.316	80.1	1987.7	1907.6	568.0	
651	Spectrogram 1	1	AU-BS02a-120804-072000.wav	3618.677	3618.948	0.271	70.9	1993.8	1923.0	480.0	end pattern
