Selection	View	Channel	Begin File	Begin Time (s)	End Time (s)	Delta Time (s)	Low Freq (Hz)	High Freq (Hz)	Delta Freq (Hz)	Peak Freq (Hz)	Notes
1	Spectrogram 1	1	AU-BS04b-150904-200000.wav	253.381	253.588	0.206	35.5	1409.7	1374.2	96.0	start pattern
2	Spectrogram 1	1	AU-BS04b-150904-200000.wav	254.660	254.784	0.124	50.0	1162.9	1112.9	96.0	
3	Spectrogram 1	1	AU-BS04b-150904-200000.wav	256.227	256.351	0.124	61.3	777.4	716.1	192.0	
4	Spectrogram 1	1	AU-BS04b-150904-200000.wav	259.423	259.629	0.206	51.6	1483.9	1432.3	288.0	
5	Spectrogram 1	1	AU-BS04b-150904-200000.wav	260.866	260.990	0.124	61.3	448.4	387.1	64.0	
6	Spectrogram 1	1	AU-BS04b-150904-200000.wav	262.598	262.763	0.165	51.6	1300.0	1248.4	160.0	
7	Spectrogram 1	1	AU-BS04b-150904-200000.wav	264.000	264.124	0.124	64.5	580.6	516.1	144.0	
8	Spectrogram 1	1	AU-BS04b-150904-200000.wav	265.732	265.938	0.206	74.2	1709.7	1635.5	128.0	
9	Spectrogram 1	1	AU-BS04b-150904-200000.wav	267.175	267.340	0.165	77.4	635.5	558.1	144.0	
10	Spectrogram 1	1	AU-BS04b-150904-200000.wav	268.907	269.113	0.206	71.0	1867.7	1796.8	112.0	
11	Spectrogram 1	1	AU-BS04b-150904-200000.wav	270.392	270.557	0.165	74.2	729.0	654.8	112.0	
12	Spectrogram 1	1	AU-BS04b-150904-200000.wav	272.124	272.392	0.268	67.7	1825.8	1758.1	112.0	
13	Spectrogram 1	1	AU-BS04b-150904-200000.wav	273.649	273.814	0.165	74.2	712.9	638.7	112.0	
14	Spectrogram 1	1	AU-BS04b-150904-200000.wav	275.361	275.608	0.247	49.5	1709.6	1660.1	176.0	
15	Spectrogram 1	1	AU-BS04b-150904-200000.wav	276.887	277.052	0.165	69.3	805.3	736.0	176.0	
16	Spectrogram 1	1	AU-BS04b-150904-200000.wav	278.454	278.660	0.206	66.0	1584.2	1518.2	176.0	
17	Spectrogram 1	1	AU-BS04b-150904-200000.wav	279.938	280.144	0.206	49.5	1234.3	1184.8	64.0	
18	Spectrogram 1	1	AU-BS04b-150904-200000.wav	281.505	281.753	0.247	59.4	1326.7	1267.3	176.0	
19	Spectrogram 1	1	AU-BS04b-150904-200000.wav	284.598	284.804	0.206	69.3	1429.0	1359.7	96.0	
20	Spectrogram 1	1	AU-BS04b-150904-200000.wav	287.856	288.103	0.247	72.6	1029.7	957.1	192.0	
21	Spectrogram 1	1	AU-BS04b-150904-200000.wav	294.206	294.454	0.247	75.9	831.7	755.8	144.0	start terminal phrase
22	Spectrogram 1	1	AU-BS04b-150904-200000.wav	295.649	295.897	0.247	69.3	953.8	884.5	144.0	
23	Spectrogram 1	1	AU-BS04b-150904-200000.wav	297.175	297.423	0.247	79.2	1670.0	1590.8	192.0	
24	Spectrogram 1	1	AU-BS04b-150904-200000.wav	298.619	298.907	0.289	72.6	1930.7	1858.1	128.0	
25	Spectrogram 1	1	AU-BS04b-150904-200000.wav	301.711	301.959	0.247	66.0	1970.3	1904.3	208.0	
26	Spectrogram 1	1	AU-BS04b-150904-200000.wav	304.969	305.175	0.206	75.9	1795.4	1719.5	352.0	
27	Spectrogram 1	1	AU-BS04b-150904-200000.wav	311.979	312.268	0.289	85.8	1739.3	1653.5	176.0	
28	Spectrogram 1	1	AU-BS04b-150904-200000.wav	313.588	313.835	0.247	85.8	1726.1	1640.3	320.0	
29	Spectrogram 1	1	AU-BS04b-150904-200000.wav	315.113	315.402	0.289	92.4	1762.4	1670.0	208.0	
30	Spectrogram 1	1	AU-BS04b-150904-200000.wav	316.598	316.969	0.371	79.2	1755.8	1676.6	208.0	
31	Spectrogram 1	1	AU-BS04b-150904-200000.wav	319.773	320.144	0.371	105.6	1947.2	1841.6	176.0	
32	Spectrogram 1	1	AU-BS04b-150904-200000.wav	323.278	323.649	0.371	89.1	1901.0	1811.9	416.0	
33	Spectrogram 1	1	AU-BS04b-150904-200000.wav	329.072	329.443	0.371	105.6	1280.5	1174.9	112.0	
34	Spectrogram 1	1	AU-BS04b-150904-200000.wav	330.763	331.093	0.330	92.4	1901.0	1808.6	96.0	
35	Spectrogram 1	1	AU-BS04b-150904-200000.wav	332.371	332.660	0.289	102.3	1749.2	1646.9	128.0	
36	Spectrogram 1	1	AU-BS04b-150904-200000.wav	334.021	334.268	0.247	99.0	1811.9	1712.9	176.0	
37	Spectrogram 1	1	AU-BS04b-150904-200000.wav	335.443	335.814	0.371	82.5	1937.3	1854.8	416.0	
38	Spectrogram 1	1	AU-BS04b-150904-200000.wav	338.763	339.134	0.371	75.9	1970.3	1894.4	512.0	
39	Spectrogram 1	1	AU-BS04b-150904-200000.wav	342.268	342.598	0.330	89.1	1990.1	1901.0	400.0	
40	Spectrogram 1	1	AU-BS04b-150904-200000.wav	350.103	350.351	0.247	122.1	1283.8	1161.7	144.0	
41	Spectrogram 1	1	AU-BS04b-150904-200000.wav	351.794	352.041	0.247	102.3	1983.5	1881.2	416.0	
42	Spectrogram 1	1	AU-BS04b-150904-200000.wav	353.443	353.732	0.289	108.9	1947.2	1838.3	176.0	
43	Spectrogram 1	1	AU-BS04b-150904-200000.wav	354.969	355.340	0.371	89.1	1996.7	1907.6	368.0	
44	Spectrogram 1	1	AU-BS04b-150904-200000.wav	358.144	358.557	0.412	62.7	1986.8	1924.1	512.0	
45	Spectrogram 1	1	AU-BS04b-150904-200000.wav	361.691	361.979	0.289	85.8	1861.4	1775.6	368.0	
46	Spectrogram 1	1	AU-BS04b-150904-200000.wav	369.732	369.979	0.247	75.9	1976.9	1901.0	128.0	
47	Spectrogram 1	1	AU-BS04b-150904-200000.wav	371.505	371.753	0.247	92.4	1610.6	1518.2	176.0	
48	Spectrogram 1	1	AU-BS04b-150904-200000.wav	373.072	373.320	0.247	75.9	1940.6	1864.7	80.0	
49	Spectrogram 1	1	AU-BS04b-150904-200000.wav	374.557	374.887	0.330	62.7	1993.4	1930.7	176.0	
50	Spectrogram 1	1	AU-BS04b-150904-200000.wav	377.691	378.103	0.412	69.3	1996.7	1927.4	416.0	
51	Spectrogram 1	1	AU-BS04b-150904-200000.wav	381.196	381.526	0.330	66.0	1986.8	1920.8	368.0	
52	Spectrogram 1	1	AU-BS04b-150904-200000.wav	389.876	390.124	0.247	112.2	1135.3	1023.1	400.0	
53	Spectrogram 1	1	AU-BS04b-150904-200000.wav	391.443	391.732	0.289	89.1	1587.5	1498.3	128.0	
54	Spectrogram 1	1	AU-BS04b-150904-200000.wav	393.010	393.340	0.330	82.5	1729.4	1646.9	416.0	
55	Spectrogram 1	1	AU-BS04b-150904-200000.wav	394.619	395.031	0.412	75.9	1934.0	1858.1	176.0	
56	Spectrogram 1	1	AU-BS04b-150904-200000.wav	397.876	398.371	0.495	59.4	1993.4	1934.0	512.0	
57	Spectrogram 1	1	AU-BS04b-150904-200000.wav	401.505	401.835	0.330	85.8	1983.5	1897.7	368.0	
58	Spectrogram 1	1	AU-BS04b-150904-200000.wav	409.629	409.959	0.330	102.3	1762.4	1660.1	432.0	
59	Spectrogram 1	1	AU-BS04b-150904-200000.wav	411.237	411.608	0.371	89.1	1970.3	1881.2	416.0	
60	Spectrogram 1	1	AU-BS04b-150904-200000.wav	412.887	413.134	0.247	82.5	1960.4	1877.9	144.0	
61	Spectrogram 1	1	AU-BS04b-150904-200000.wav	414.454	414.784	0.330	89.1	1990.1	1901.0	352.0	
62	Spectrogram 1	1	AU-BS04b-150904-200000.wav	417.711	418.165	0.454	66.0	1986.8	1920.8	512.0	end pattern
63	Spectrogram 1	1	AU-BS04b-150904-200000.wav	526.082	526.330	0.247	66.0	920.8	854.8	80.0	start pattern
64	Spectrogram 1	1	AU-BS04b-150904-200000.wav	527.361	527.526	0.165	72.6	534.7	462.0	80.0	
65	Spectrogram 1	1	AU-BS04b-150904-200000.wav	528.969	529.134	0.165	69.3	696.4	627.1	96.0	
66	Spectrogram 1	1	AU-BS04b-150904-200000.wav	532.268	532.474	0.206	72.6	993.4	920.8	96.0	
67	Spectrogram 1	1	AU-BS04b-150904-200000.wav	533.629	533.794	0.165	69.3	604.0	534.7	80.0	
68	Spectrogram 1	1	AU-BS04b-150904-200000.wav	535.443	535.649	0.206	72.6	1006.6	934.0	80.0	
69	Spectrogram 1	1	AU-BS04b-150904-200000.wav	536.845	537.010	0.165	89.1	851.5	762.4	96.0	
70	Spectrogram 1	1	AU-BS04b-150904-200000.wav	538.660	538.948	0.289	82.5	1679.9	1597.4	128.0	
71	Spectrogram 1	1	AU-BS04b-150904-200000.wav	540.186	540.351	0.165	85.8	745.9	660.1	112.0	
72	Spectrogram 1	1	AU-BS04b-150904-200000.wav	541.835	542.124	0.289	72.6	1679.9	1607.3	128.0	
73	Spectrogram 1	1	AU-BS04b-150904-200000.wav	543.361	543.567	0.206	79.2	848.2	769.0	112.0	
74	Spectrogram 1	1	AU-BS04b-150904-200000.wav	545.113	545.443	0.330	75.9	1716.2	1640.3	128.0	
75	Spectrogram 1	1	AU-BS04b-150904-200000.wav	546.557	546.763	0.206	72.6	745.9	673.3	112.0	
76	Spectrogram 1	1	AU-BS04b-150904-200000.wav	548.289	548.495	0.206	69.3	1775.6	1706.3	176.0	
77	Spectrogram 1	1	AU-BS04b-150904-200000.wav	549.814	550.021	0.206	72.6	1283.8	1211.2	80.0	
78	Spectrogram 1	1	AU-BS04b-150904-200000.wav	551.299	551.464	0.165	75.9	1257.4	1181.5	192.0	
79	Spectrogram 1	1	AU-BS04b-150904-200000.wav	552.907	553.072	0.165	75.9	1270.6	1194.7	80.0	
80	Spectrogram 1	1	AU-BS04b-150904-200000.wav	555.835	556.165	0.330	72.6	1165.0	1092.4	96.0	
81	Spectrogram 1	1	AU-BS04b-150904-200000.wav	559.175	559.423	0.247	59.4	693.1	633.7	128.0	end main phrase
82	Spectrogram 1	1	AU-BS04b-150904-200000.wav	565.031	565.320	0.289	75.9	752.5	676.6	192.0	
83	Spectrogram 1	1	AU-BS04b-150904-200000.wav	566.598	566.804	0.206	79.2	1191.4	1112.2	176.0	
84	Spectrogram 1	1	AU-BS04b-150904-200000.wav	568.227	568.433	0.206	80.9	1054.5	973.6	176.0	
85	Spectrogram 1	1	AU-BS04b-150904-200000.wav	569.608	569.856	0.247	75.9	1214.5	1138.6	176.0	
86	Spectrogram 1	1	AU-BS04b-150904-200000.wav	572.701	572.990	0.289	79.2	1670.0	1590.8	368.0	
87	Spectrogram 1	1	AU-BS04b-150904-200000.wav	576.165	576.371	0.206	92.4	630.4	538.0	96.0	
88	Spectrogram 1	1	AU-BS04b-150904-200000.wav	582.804	583.052	0.247	92.4	617.2	524.8	176.0	
89	Spectrogram 1	1	AU-BS04b-150904-200000.wav	584.412	584.619	0.206	92.4	689.8	597.4	128.0	
90	Spectrogram 1	1	AU-BS04b-150904-200000.wav	586.021	586.309	0.289	85.8	838.3	752.5	320.0	
91	Spectrogram 1	1	AU-BS04b-150904-200000.wav	587.505	587.753	0.247	79.2	1429.0	1349.8	112.0	
92	Spectrogram 1	1	AU-BS04b-150904-200000.wav	590.722	590.969	0.247	82.5	1901.0	1818.5	192.0	
93	Spectrogram 1	1	AU-BS04b-150904-200000.wav	594.227	594.474	0.247	75.9	1633.7	1557.8	176.0	
94	Spectrogram 1	1	AU-BS04b-150904-201000.wav	602.247	602.495	0.247	79.2	1818.5	1739.3	112.0	
95	Spectrogram 1	1	AU-BS04b-150904-201000.wav	603.897	604.103	0.206	92.4	1907.6	1815.2	96.0	
96	Spectrogram 1	1	AU-BS04b-150904-201000.wav	605.546	605.753	0.206	89.1	1924.1	1835.0	352.0	
97	Spectrogram 1	1	AU-BS04b-150904-201000.wav	607.031	607.361	0.330	82.5	1934.0	1851.5	368.0	
98	Spectrogram 1	1	AU-BS04b-150904-201000.wav	610.330	610.619	0.289	99.0	1841.6	1742.6	432.0	
99	Spectrogram 1	1	AU-BS04b-150904-201000.wav	613.959	614.289	0.330	89.1	1854.8	1765.7	368.0	
100	Spectrogram 1	1	AU-BS04b-150904-201000.wav	621.361	621.649	0.289	113.9	1179.9	1066.0	368.0	
101	Spectrogram 1	1	AU-BS04b-150904-201000.wav	622.990	623.237	0.247	108.9	1250.8	1141.9	176.0	
102	Spectrogram 1	1	AU-BS04b-150904-201000.wav	624.639	624.887	0.247	122.1	1627.1	1505.0	416.0	
103	Spectrogram 1	1	AU-BS04b-150904-201000.wav	626.206	626.536	0.330	72.6	1712.9	1640.3	320.0	
104	Spectrogram 1	1	AU-BS04b-150904-201000.wav	629.340	629.629	0.289	85.8	1996.7	1910.9	480.0	
105	Spectrogram 1	1	AU-BS04b-150904-201000.wav	632.928	633.216	0.289	95.7	1993.4	1897.7	512.0	
106	Spectrogram 1	1	AU-BS04b-150904-201000.wav	641.381	641.629	0.247	108.9	1765.7	1656.8	112.0	
107	Spectrogram 1	1	AU-BS04b-150904-201000.wav	643.031	643.320	0.289	92.4	1745.9	1653.5	96.0	
108	Spectrogram 1	1	AU-BS04b-150904-201000.wav	644.804	645.134	0.330	95.7	1630.4	1534.7	96.0	
109	Spectrogram 1	1	AU-BS04b-150904-201000.wav	646.330	646.701	0.371	102.3	1993.4	1891.1	416.0	
110	Spectrogram 1	1	AU-BS04b-150904-201000.wav	649.464	649.794	0.330	92.4	1993.4	1901.0	176.0	
111	Spectrogram 1	1	AU-BS04b-150904-201000.wav	653.155	653.443	0.289	118.8	1990.1	1871.3	368.0	
112	Spectrogram 1	1	AU-BS04b-150904-201000.wav	661.485	661.773	0.289	122.1	1409.2	1287.1	192.0	
113	Spectrogram 1	1	AU-BS04b-150904-201000.wav	663.052	663.299	0.247	115.5	1986.8	1871.3	128.0	
114	Spectrogram 1	1	AU-BS04b-150904-201000.wav	664.784	664.990	0.206	135.3	1990.1	1854.8	512.0	
115	Spectrogram 1	1	AU-BS04b-150904-201000.wav	666.268	666.557	0.289	115.5	1996.7	1881.2	176.0	
116	Spectrogram 1	1	AU-BS04b-150904-201000.wav	669.567	669.856	0.289	115.5	1996.7	1881.2	368.0	
117	Spectrogram 1	1	AU-BS04b-150904-201000.wav	673.320	673.649	0.330	112.2	1990.1	1877.9	512.0	end pattern
118	Spectrogram 1	1	AU-BS04b-150904-201000.wav	816.474	816.680	0.206	56.1	1194.7	1138.6	96.0	start pattern
119	Spectrogram 1	1	AU-BS04b-150904-201000.wav	817.753	817.876	0.124	62.7	1036.3	973.6	160.0	
120	Spectrogram 1	1	AU-BS04b-150904-201000.wav	819.361	819.485	0.124	69.3	1277.2	1207.9	160.0	
121	Spectrogram 1	1	AU-BS04b-150904-201000.wav	822.660	822.907	0.247	62.7	1775.6	1712.9	160.0	
122	Spectrogram 1	1	AU-BS04b-150904-201000.wav	824.062	824.227	0.165	79.2	1297.0	1217.8	160.0	
123	Spectrogram 1	1	AU-BS04b-150904-201000.wav	825.753	826.041	0.289	59.4	1712.9	1653.5	128.0	
124	Spectrogram 1	1	AU-BS04b-150904-201000.wav	827.320	827.443	0.124	62.7	1828.4	1765.7	64.0	
125	Spectrogram 1	1	AU-BS04b-150904-201000.wav	829.093	829.340	0.247	56.1	1963.7	1907.6	128.0	
126	Spectrogram 1	1	AU-BS04b-150904-201000.wav	830.660	830.784	0.124	69.3	990.1	920.8	176.0	
127	Spectrogram 1	1	AU-BS04b-150904-201000.wav	832.351	832.557	0.206	66.0	1986.8	1920.8	112.0	
128	Spectrogram 1	1	AU-BS04b-150904-201000.wav	833.670	833.918	0.247	79.2	1237.6	1158.4	112.0	
129	Spectrogram 1	1	AU-BS04b-150904-201000.wav	835.526	835.773	0.247	72.6	1990.1	1917.5	192.0	
130	Spectrogram 1	1	AU-BS04b-150904-201000.wav	836.969	837.175	0.206	82.5	1729.4	1646.9	96.0	
131	Spectrogram 1	1	AU-BS04b-150904-201000.wav	838.701	838.990	0.289	72.6	1983.5	1910.9	512.0	
132	Spectrogram 1	1	AU-BS04b-150904-201000.wav	840.227	840.515	0.289	85.8	1788.8	1703.0	512.0	
133	Spectrogram 1	1	AU-BS04b-150904-201000.wav	841.876	842.124	0.247	69.3	1960.4	1891.1	512.0	
134	Spectrogram 1	1	AU-BS04b-150904-201000.wav	843.361	843.567	0.206	85.8	1950.5	1864.7	480.0	
135	Spectrogram 1	1	AU-BS04b-150904-201000.wav	846.371	846.619	0.247	62.7	1221.1	1158.4	96.0	
136	Spectrogram 1	1	AU-BS04b-150904-201000.wav	849.711	850.041	0.330	75.9	1221.1	1145.2	176.0	end main phrase
137	Spectrogram 1	1	AU-BS04b-150904-201000.wav	855.814	856.062	0.247	72.6	1561.1	1488.4	432.0	
138	Spectrogram 1	1	AU-BS04b-150904-201000.wav	857.340	857.588	0.247	79.2	1805.3	1726.1	480.0	
139	Spectrogram 1	1	AU-BS04b-150904-201000.wav	858.990	859.237	0.247	75.9	1993.4	1917.5	368.0	
140	Spectrogram 1	1	AU-BS04b-150904-201000.wav	860.433	860.680	0.247	92.4	1990.1	1897.7	368.0	
141	Spectrogram 1	1	AU-BS04b-150904-201000.wav	863.526	863.773	0.247	72.6	1996.7	1924.1	512.0	
142	Spectrogram 1	1	AU-BS04b-150904-201000.wav	866.866	867.072	0.206	69.3	1990.1	1920.8	192.0	
143	Spectrogram 1	1	AU-BS04b-150904-201000.wav	873.897	874.103	0.206	69.3	1861.4	1792.1	96.0	
144	Spectrogram 1	1	AU-BS04b-150904-201000.wav	875.443	875.649	0.206	64.4	1942.2	1877.9	208.0	
145	Spectrogram 1	1	AU-BS04b-150904-201000.wav	876.990	877.196	0.206	62.7	1745.9	1683.2	64.0	
146	Spectrogram 1	1	AU-BS04b-150904-201000.wav	878.515	878.763	0.247	62.7	1990.1	1927.4	416.0	
147	Spectrogram 1	1	AU-BS04b-150904-201000.wav	881.649	881.897	0.247	69.3	1990.1	1920.8	176.0	
148	Spectrogram 1	1	AU-BS04b-150904-201000.wav	885.196	885.443	0.247	62.7	1993.4	1930.7	64.0	
149	Spectrogram 1	1	AU-BS04b-150904-201000.wav	891.237	891.423	0.186	95.7	1145.2	1049.5	96.0	
150	Spectrogram 1	1	AU-BS04b-150904-201000.wav	892.866	893.155	0.289	112.2	1293.7	1181.5	128.0	
151	Spectrogram 1	1	AU-BS04b-150904-201000.wav	894.515	894.680	0.165	94.1	1430.7	1336.6	176.0	
152	Spectrogram 1	1	AU-BS04b-150904-201000.wav	896.124	896.371	0.247	82.5	1765.7	1683.2	480.0	
153	Spectrogram 1	1	AU-BS04b-150904-201000.wav	897.691	897.897	0.206	66.0	1993.4	1927.4	368.0	
154	Spectrogram 1	1	AU-BS04b-150904-201000.wav	900.907	901.196	0.289	75.9	1986.8	1910.9	512.0	
155	Spectrogram 1	1	AU-BS04b-150904-201000.wav	904.495	904.742	0.247	75.9	1917.5	1841.6	368.0	
156	Spectrogram 1	1	AU-BS04b-150904-201000.wav	910.639	910.845	0.206	102.3	759.1	656.8	144.0	
157	Spectrogram 1	1	AU-BS04b-150904-201000.wav	912.495	912.701	0.206	95.7	1920.8	1825.1	128.0	
158	Spectrogram 1	1	AU-BS04b-150904-201000.wav	914.021	914.186	0.165	89.1	1191.4	1102.3	416.0	
159	Spectrogram 1	1	AU-BS04b-150904-201000.wav	915.546	915.753	0.206	85.8	1620.5	1534.7	176.0	
160	Spectrogram 1	1	AU-BS04b-150904-201000.wav	917.155	917.402	0.247	85.8	1990.1	1904.3	368.0	
161	Spectrogram 1	1	AU-BS04b-150904-201000.wav	920.330	920.577	0.247	56.1	1986.8	1930.7	432.0	
162	Spectrogram 1	1	AU-BS04b-150904-201000.wav	923.856	924.103	0.247	61.1	1991.7	1930.7	400.0	
163	Spectrogram 1	1	AU-BS04b-150904-201000.wav	930.165	930.371	0.206	112.2	1538.0	1425.7	128.0	
164	Spectrogram 1	1	AU-BS04b-150904-201000.wav	931.814	932.062	0.247	85.8	1679.9	1594.1	416.0	
165	Spectrogram 1	1	AU-BS04b-150904-201000.wav	933.546	933.711	0.165	82.5	1379.5	1297.0	96.0	
166	Spectrogram 1	1	AU-BS04b-150904-201000.wav	935.155	935.320	0.165	99.0	1656.8	1557.8	432.0	
167	Spectrogram 1	1	AU-BS04b-150904-201000.wav	936.763	936.969	0.206	72.6	1993.4	1920.8	176.0	
168	Spectrogram 1	1	AU-BS04b-150904-201000.wav	939.979	940.227	0.247	56.1	1993.4	1937.3	480.0	
169	Spectrogram 1	1	AU-BS04b-150904-201000.wav	943.567	943.814	0.247	95.7	1953.8	1858.1	432.0	
170	Spectrogram 1	1	AU-BS04b-150904-201000.wav	951.794	952.000	0.206	99.0	1689.8	1590.8	112.0	
171	Spectrogram 1	1	AU-BS04b-150904-201000.wav	953.423	953.629	0.206	102.3	1831.7	1729.4	176.0	
172	Spectrogram 1	1	AU-BS04b-150904-201000.wav	955.072	955.278	0.206	72.6	1894.4	1821.8	176.0	
173	Spectrogram 1	1	AU-BS04b-150904-201000.wav	956.598	956.845	0.247	82.5	1986.8	1904.3	176.0	
174	Spectrogram 1	1	AU-BS04b-150904-201000.wav	959.814	960.103	0.289	69.3	1983.5	1914.2	512.0	
175	Spectrogram 1	1	AU-BS04b-150904-201000.wav	963.526	963.814	0.289	79.2	1996.7	1917.5	512.0	
176	Spectrogram 1	1	AU-BS04b-150904-201000.wav	970.577	970.742	0.165	79.2	762.4	683.2	80.0	
177	Spectrogram 1	1	AU-BS04b-150904-201000.wav	972.144	972.351	0.206	82.5	1709.6	1627.1	416.0	
178	Spectrogram 1	1	AU-BS04b-150904-201000.wav	973.711	973.959	0.247	79.2	1993.4	1914.2	384.0	
179	Spectrogram 1	1	AU-BS04b-150904-201000.wav	975.320	975.526	0.206	75.9	1980.2	1904.3	416.0	
180	Spectrogram 1	1	AU-BS04b-150904-201000.wav	976.866	977.155	0.289	56.1	1976.9	1920.8	320.0	
181	Spectrogram 1	1	AU-BS04b-150904-201000.wav	980.082	980.454	0.371	62.7	1990.1	1927.4	176.0	end pattern
182	Spectrogram 1	1	AU-BS04b-150904-202000.wav	1201.897	1202.227	0.330	62.7	1108.9	1046.2	96.0	start pattern
183	Spectrogram 1	1	AU-BS04b-150904-202000.wav	1203.258	1203.423	0.165	52.8	693.1	640.3	64.0	
184	Spectrogram 1	1	AU-BS04b-150904-202000.wav	1204.907	1205.072	0.165	49.5	1026.4	976.9	96.0	
185	Spectrogram 1	1	AU-BS04b-150904-202000.wav	1208.165	1208.412	0.247	56.1	1135.3	1079.2	224.0	
186	Spectrogram 1	1	AU-BS04b-150904-202000.wav	1209.485	1209.649	0.165	62.7	1323.4	1260.7	176.0	
187	Spectrogram 1	1	AU-BS04b-150904-202000.wav	1211.258	1211.505	0.247	62.7	1706.3	1643.6	160.0	
188	Spectrogram 1	1	AU-BS04b-150904-202000.wav	1212.742	1212.948	0.206	59.4	1742.6	1683.2	160.0	
189	Spectrogram 1	1	AU-BS04b-150904-202000.wav	1214.433	1214.763	0.330	49.5	1637.0	1587.5	144.0	
190	Spectrogram 1	1	AU-BS04b-150904-202000.wav	1216.000	1216.206	0.206	69.3	1227.7	1158.4	144.0	
191	Spectrogram 1	1	AU-BS04b-150904-202000.wav	1217.608	1217.938	0.330	46.2	1844.9	1798.7	112.0	
192	Spectrogram 1	1	AU-BS04b-150904-202000.wav	1219.175	1219.381	0.206	59.4	1485.1	1425.7	128.0	
193	Spectrogram 1	1	AU-BS04b-150904-202000.wav	1220.907	1221.196	0.289	39.6	1996.7	1957.1	176.0	
194	Spectrogram 1	1	AU-BS04b-150904-202000.wav	1222.392	1222.598	0.206	66.0	1821.8	1755.8	80.0	
195	Spectrogram 1	1	AU-BS04b-150904-202000.wav	1224.000	1224.289	0.289	59.4	1802.0	1742.6	496.0	
196	Spectrogram 1	1	AU-BS04b-150904-202000.wav	1225.485	1225.732	0.247	66.0	1815.2	1749.2	496.0	
197	Spectrogram 1	1	AU-BS04b-150904-202000.wav	1227.093	1227.381	0.289	62.7	1881.2	1818.5	432.0	
198	Spectrogram 1	1	AU-BS04b-150904-202000.wav	1230.103	1230.351	0.247	66.0	1359.7	1293.7	128.0	
199	Spectrogram 1	1	AU-BS04b-150904-202000.wav	1233.320	1233.567	0.247	66.0	1557.8	1491.7	176.0	end main phrase
200	Spectrogram 1	1	AU-BS04b-150904-202000.wav	1237.814	1238.021	0.206	85.8	1561.1	1475.2	336.0	
201	Spectrogram 1	1	AU-BS04b-150904-202000.wav	1239.340	1239.588	0.247	89.1	1696.4	1607.3	208.0	
202	Spectrogram 1	1	AU-BS04b-150904-202000.wav	1240.866	1241.113	0.247	56.1	1907.6	1851.5	176.0	
203	Spectrogram 1	1	AU-BS04b-150904-202000.wav	1242.515	1242.722	0.206	69.3	1646.9	1577.6	176.0	
204	Spectrogram 1	1	AU-BS04b-150904-202000.wav	1243.959	1244.247	0.289	69.3	1970.3	1901.0	128.0	
205	Spectrogram 1	1	AU-BS04b-150904-202000.wav	1247.072	1247.485	0.412	66.0	1953.8	1887.8	208.0	
206	Spectrogram 1	1	AU-BS04b-150904-202000.wav	1250.536	1250.784	0.247	59.4	1953.8	1894.4	352.0	
207	Spectrogram 1	1	AU-BS04b-150904-202000.wav	1257.629	1257.835	0.206	72.6	1554.5	1481.8	416.0	
208	Spectrogram 1	1	AU-BS04b-150904-202000.wav	1259.278	1259.526	0.247	59.4	1795.4	1736.0	432.0	
209	Spectrogram 1	1	AU-BS04b-150904-202000.wav	1260.845	1261.093	0.247	66.0	1356.4	1290.4	416.0	
210	Spectrogram 1	1	AU-BS04b-150904-202000.wav	1262.371	1262.660	0.289	59.4	1986.8	1927.4	352.0	
211	Spectrogram 1	1	AU-BS04b-150904-202000.wav	1265.629	1265.876	0.247	69.3	1924.1	1854.8	416.0	
212	Spectrogram 1	1	AU-BS04b-150904-202000.wav	1269.093	1269.381	0.289	102.3	1940.6	1838.3	368.0	
213	Spectrogram 1	1	AU-BS04b-150904-202000.wav	1275.196	1275.485	0.289	99.0	1231.0	1132.0	160.0	
214	Spectrogram 1	1	AU-BS04b-150904-202000.wav	1277.093	1277.381	0.289	105.6	1240.9	1135.3	416.0	
215	Spectrogram 1	1	AU-BS04b-150904-202000.wav	1278.660	1278.990	0.330	92.4	1267.3	1174.9	416.0	
216	Spectrogram 1	1	AU-BS04b-150904-202000.wav	1280.433	1280.680	0.247	92.4	1683.2	1590.8	416.0	
217	Spectrogram 1	1	AU-BS04b-150904-202000.wav	1281.959	1282.289	0.330	69.3	1957.1	1887.8	352.0	
218	Spectrogram 1	1	AU-BS04b-150904-202000.wav	1285.216	1285.588	0.371	46.2	1986.8	1940.6	176.0	end pattern
219	Spectrogram 1	1	AU-BS04b-150905-010000.wav	5030.763	5030.969	0.206	29.7	1099.0	1069.3	128.0	start pattern\
220	Spectrogram 1	1	AU-BS04b-150905-010000.wav	5032.000	5032.206	0.206	47.9	453.8	405.9	64.0	
221	Spectrogram 1	1	AU-BS04b-150905-010000.wav	5033.299	5033.546	0.247	39.6	1033.0	993.4	48.0	
222	Spectrogram 1	1	AU-BS04b-150905-010000.wav	5036.928	5037.134	0.206	42.9	679.9	637.0	112.0	
223	Spectrogram 1	1	AU-BS04b-150905-010000.wav	5038.330	5038.495	0.165	49.5	366.3	316.8	64.0	
224	Spectrogram 1	1	AU-BS04b-150905-010000.wav	5040.021	5040.268	0.247	49.5	693.1	643.6	112.0	
225	Spectrogram 1	1	AU-BS04b-150905-010000.wav	5041.505	5041.670	0.165	56.1	478.5	422.4	80.0	
226	Spectrogram 1	1	AU-BS04b-150905-010000.wav	5043.237	5043.485	0.247	59.4	785.5	726.1	112.0	
227	Spectrogram 1	1	AU-BS04b-150905-010000.wav	5044.639	5044.845	0.206	59.4	577.6	518.2	80.0	
228	Spectrogram 1	1	AU-BS04b-150905-010000.wav	5046.206	5046.577	0.371	52.8	1267.3	1214.5	64.0	
229	Spectrogram 1	1	AU-BS04b-150905-010000.wav	5047.979	5048.227	0.247	52.8	627.1	574.3	64.0	
230	Spectrogram 1	1	AU-BS04b-150905-010000.wav	5049.629	5049.918	0.289	49.5	1590.8	1541.3	144.0	
231	Spectrogram 1	1	AU-BS04b-150905-010000.wav	5051.072	5051.278	0.206	49.5	1135.3	1085.8	64.0	
232	Spectrogram 1	1	AU-BS04b-150905-010000.wav	5052.722	5053.052	0.330	62.7	1349.8	1287.1	64.0	
233	Spectrogram 1	1	AU-BS04b-150905-010000.wav	5054.165	5054.454	0.289	66.0	769.0	703.0	80.0	
234	Spectrogram 1	1	AU-BS04b-150905-010000.wav	5055.649	5055.938	0.289	59.4	795.4	736.0	64.0	
235	Spectrogram 1	1	AU-BS04b-150905-010000.wav	5057.134	5057.464	0.330	72.6	689.8	617.2	80.0	
236	Spectrogram 1	1	AU-BS04b-150905-010000.wav	5058.557	5058.763	0.206	74.3	1074.3	1000.0	80.0	
237	Spectrogram 1	1	AU-BS04b-150905-010000.wav	5061.711	5061.959	0.247	56.1	749.2	693.1	96.0	
238	Spectrogram 1	1	AU-BS04b-150905-010000.wav	5065.052	5065.258	0.206	62.7	646.9	584.2	64.0	end main phrase
239	Spectrogram 1	1	AU-BS04b-150905-010000.wav	5075.649	5075.897	0.247	36.3	511.6	475.2	144.0	
240	Spectrogram 1	1	AU-BS04b-150905-010000.wav	5078.577	5078.907	0.330	56.1	1600.7	1544.6	64.0	
241	Spectrogram 1	1	AU-BS04b-150905-010000.wav	5082.309	5082.557	0.247	72.6	950.5	877.9	144.0	
242	Spectrogram 1	1	AU-BS04b-150905-010000.wav	5092.165	5092.371	0.206	59.4	604.0	544.6	64.0	
243	Spectrogram 1	1	AU-BS04b-150905-010000.wav	5093.567	5093.814	0.247	52.8	739.3	686.5	64.0	
244	Spectrogram 1	1	AU-BS04b-150905-010000.wav	5095.134	5095.423	0.289	62.7	1947.2	1884.5	448.0	
245	Spectrogram 1	1	AU-BS04b-150905-010000.wav	5098.268	5098.557	0.289	62.7	1950.5	1887.8	224.0	
246	Spectrogram 1	1	AU-BS04b-150905-010000.wav	5101.897	5102.186	0.289	59.4	1244.2	1184.8	64.0	
247	Spectrogram 1	1	AU-BS04b-150905-010000.wav	5110.845	5111.010	0.165	75.9	914.2	838.3	96.0	
248	Spectrogram 1	1	AU-BS04b-150905-010000.wav	5112.412	5112.577	0.165	102.3	884.5	782.2	128.0	
249	Spectrogram 1	1	AU-BS04b-150905-010000.wav	5114.021	5114.351	0.330	69.3	1244.2	1174.9	160.0	
250	Spectrogram 1	1	AU-BS04b-150905-010000.wav	5117.361	5117.732	0.371	75.9	1415.8	1339.9	400.0	
251	Spectrogram 1	1	AU-BS04b-150905-010000.wav	5121.155	5121.567	0.412	59.4	1343.2	1283.8	64.0	end pattern
252	Spectrogram 1	1	AU-BS04b-150905-060000.wav	9621.093	9621.299	0.206	13.2	640.3	627.1	80.0	start pattern. skipped quite a few, too quiet.
253	Spectrogram 1	1	AU-BS04b-150905-060000.wav	9622.351	9622.515	0.165	52.8	336.6	283.8	192.0	
254	Spectrogram 1	1	AU-BS04b-150905-060000.wav	9623.876	9624.000	0.124	42.9	412.5	369.6	208.0	
255	Spectrogram 1	1	AU-BS04b-150905-060000.wav	9627.134	9627.381	0.247	36.3	1250.8	1214.5	160.0	
256	Spectrogram 1	1	AU-BS04b-150905-060000.wav	9628.557	9628.763	0.206	49.5	650.2	600.7	160.0	
257	Spectrogram 1	1	AU-BS04b-150905-060000.wav	9630.330	9630.536	0.206	38.0	721.1	683.2	144.0	
258	Spectrogram 1	1	AU-BS04b-150905-060000.wav	9631.794	9631.959	0.165	47.9	480.2	432.3	160.0	
259	Spectrogram 1	1	AU-BS04b-150905-060000.wav	9633.526	9633.732	0.206	36.3	726.1	689.8	144.0	
260	Spectrogram 1	1	AU-BS04b-150905-060000.wav	9635.093	9635.258	0.165	36.3	415.8	379.5	128.0	
261	Spectrogram 1	1	AU-BS04b-150905-060000.wav	9636.784	9636.948	0.165	23.1	706.3	683.2	128.0	
262	Spectrogram 1	1	AU-BS04b-150905-060000.wav	9638.227	9638.392	0.165	36.3	432.3	396.0	112.0	
263	Spectrogram 1	1	AU-BS04b-150905-060000.wav	9640.000	9640.206	0.206	56.1	719.5	663.4	128.0	
264	Spectrogram 1	1	AU-BS04b-150905-060000.wav	9641.361	9641.526	0.165	59.4	465.3	405.9	112.0	
265	Spectrogram 1	1	AU-BS04b-150905-060000.wav	9643.052	9643.299	0.247	52.8	788.8	736.0	160.0	
266	Spectrogram 1	1	AU-BS04b-150905-060000.wav	9644.577	9644.784	0.206	42.9	574.3	531.4	80.0	
267	Spectrogram 1	1	AU-BS04b-150905-060000.wav	9646.186	9646.392	0.206	49.5	590.8	541.3	176.0	
268	Spectrogram 1	1	AU-BS04b-150905-060000.wav	9647.629	9647.835	0.206	52.8	620.5	567.7	96.0	
269	Spectrogram 1	1	AU-BS04b-150905-060000.wav	9650.639	9650.928	0.289	46.2	640.3	594.1	96.0	
270	Spectrogram 1	1	AU-BS04b-150905-060000.wav	9653.897	9654.186	0.289	42.9	554.5	511.6	160.0	end main phrase
271	Spectrogram 1	1	AU-BS04b-150905-060000.wav	9660.330	9660.536	0.206	75.9	745.9	670.0	96.0	
272	Spectrogram 1	1	AU-BS04b-150905-060000.wav	9661.649	9661.856	0.206	72.6	990.1	917.5	80.0	
273	Spectrogram 1	1	AU-BS04b-150905-060000.wav	9663.299	9663.505	0.206	66.0	861.4	795.4	80.0	
274	Spectrogram 1	1	AU-BS04b-150905-060000.wav	9664.907	9665.113	0.206	72.6	1937.3	1864.7	192.0	
275	Spectrogram 1	1	AU-BS04b-150905-060000.wav	9667.918	9668.165	0.247	59.4	1980.2	1920.8	144.0	
276	Spectrogram 1	1	AU-BS04b-150905-060000.wav	9671.155	9671.485	0.330	66.0	1950.5	1884.5	128.0	
277	Spectrogram 1	1	AU-BS04b-150905-060000.wav	9678.062	9678.268	0.206	56.1	577.6	521.5	96.0	
278	Spectrogram 1	1	AU-BS04b-150905-060000.wav	9679.649	9679.938	0.289	56.1	587.5	531.4	176.0	
279	Spectrogram 1	1	AU-BS04b-150905-060000.wav	9681.155	9681.361	0.206	61.1	566.0	505.0	192.0	
281	Spectrogram 1	1	AU-BS04b-150905-060000.wav	9682.619	9682.907	0.289	59.4	1980.2	1920.8	192.0	
282	Spectrogram 1	1	AU-BS04b-150905-060000.wav	9685.711	9686.000	0.289	72.6	1828.4	1755.8	224.0	
283	Spectrogram 1	1	AU-BS04b-150905-060000.wav	9689.093	9689.423	0.330	61.1	757.4	696.4	224.0	
284	Spectrogram 1	1	AU-BS04b-150905-060000.wav	9698.412	9698.577	0.165	56.1	778.9	722.8	96.0	
285	Spectrogram 1	1	AU-BS04b-150905-060000.wav	9699.897	9700.103	0.206	46.2	828.4	782.2	48.0	
286	Spectrogram 1	1	AU-BS04b-150905-060000.wav	9701.423	9701.629	0.206	49.5	1967.0	1917.5	192.0	
287	Spectrogram 1	1	AU-BS04b-150905-060000.wav	9704.474	9704.680	0.206	52.8	1983.5	1930.7	224.0	
288	Spectrogram 1	1	AU-BS04b-150905-060000.wav	9707.938	9708.227	0.289	52.8	818.5	765.7	160.0	end pattern
289	Spectrogram 1	1	AU-BS04b-150905-060000.wav	9846.433	9846.680	0.247	16.5	782.2	765.7	64.0	start pattern
290	Spectrogram 1	1	AU-BS04b-150905-060000.wav	9847.794	9847.959	0.165	23.1	376.2	353.1	32.0	
291	Spectrogram 1	1	AU-BS04b-150905-060000.wav	9849.443	9849.608	0.165	33.0	442.2	409.2	144.0	
292	Spectrogram 1	1	AU-BS04b-150905-060000.wav	9852.660	9852.866	0.206	23.1	505.0	481.8	96.0	
293	Spectrogram 1	1	AU-BS04b-150905-060000.wav	9854.144	9854.268	0.124	33.0	353.1	320.1	144.0	
294	Spectrogram 1	1	AU-BS04b-150905-060000.wav	9855.753	9855.959	0.206	26.4	534.7	508.3	64.0	
295	Spectrogram 1	1	AU-BS04b-150905-060000.wav	9857.258	9857.464	0.206	36.3	485.1	448.8	80.0	
296	Spectrogram 1	1	AU-BS04b-150905-060000.wav	9858.928	9859.134	0.206	33.0	765.7	732.7	144.0	
297	Spectrogram 1	1	AU-BS04b-150905-060000.wav	9860.454	9860.577	0.124	36.3	376.2	339.9	144.0	
298	Spectrogram 1	1	AU-BS04b-150905-060000.wav	9862.082	9862.289	0.206	36.3	689.8	653.5	176.0	
299	Spectrogram 1	1	AU-BS04b-150905-060000.wav	9863.546	9863.753	0.206	42.9	465.3	422.4	144.0	
300	Spectrogram 1	1	AU-BS04b-150905-060000.wav	9865.237	9865.526	0.289	33.0	722.8	689.8	144.0	
301	Spectrogram 1	1	AU-BS04b-150905-060000.wav	9866.722	9866.887	0.165	42.9	511.6	468.6	128.0	
302	Spectrogram 1	1	AU-BS04b-150905-060000.wav	9868.330	9868.619	0.289	49.5	887.8	838.3	128.0	
303	Spectrogram 1	1	AU-BS04b-150905-060000.wav	9869.897	9870.144	0.247	34.7	519.8	485.1	48.0	
304	Spectrogram 1	1	AU-BS04b-150905-060000.wav	9871.505	9871.794	0.289	52.8	541.3	488.4	128.0	
305	Spectrogram 1	1	AU-BS04b-150905-060000.wav	9873.072	9873.278	0.206	46.2	465.3	419.1	128.0	
306	Spectrogram 1	1	AU-BS04b-150905-060000.wav	9874.474	9874.763	0.289	49.5	481.8	432.3	128.0	
307	Spectrogram 1	1	AU-BS04b-150905-060000.wav	9877.361	9877.691	0.330	39.6	887.8	848.2	80.0	
308	Spectrogram 1	1	AU-BS04b-150905-060000.wav	9880.598	9880.887	0.289	38.0	701.3	663.4	160.0	end main phrase
309	Spectrogram 1	1	AU-BS04b-150905-060000.wav	9886.454	9886.660	0.206	66.0	640.3	574.3	128.0	
310	Spectrogram 1	1	AU-BS04b-150905-060000.wav	9888.021	9888.268	0.247	56.1	848.2	792.1	144.0	
311	Spectrogram 1	1	AU-BS04b-150905-060000.wav	9889.588	9889.835	0.247	39.6	686.5	646.9	144.0	
312	Spectrogram 1	1	AU-BS04b-150905-060000.wav	9891.031	9891.320	0.289	39.6	739.3	699.7	192.0	
313	Spectrogram 1	1	AU-BS04b-150905-060000.wav	9893.938	9894.309	0.371	39.6	864.7	825.1	192.0	
314	Spectrogram 1	1	AU-BS04b-150905-060000.wav	9897.134	9897.505	0.371	52.8	887.8	835.0	80.0	
315	Spectrogram 1	1	AU-BS04b-150905-060000.wav	9904.144	9904.392	0.247	42.9	646.9	604.0	144.0	
316	Spectrogram 1	1	AU-BS04b-150905-060000.wav	9905.711	9906.000	0.289	39.6	693.1	653.5	144.0	
317	Spectrogram 1	1	AU-BS04b-150905-060000.wav	9907.155	9907.443	0.289	46.2	699.7	653.5	128.0	
318	Spectrogram 1	1	AU-BS04b-150905-060000.wav	9908.680	9908.969	0.289	46.2	729.4	683.2	192.0	
319	Spectrogram 1	1	AU-BS04b-150905-060000.wav	9911.670	9912.041	0.371	42.9	775.6	732.7	96.0	
320	Spectrogram 1	1	AU-BS04b-150905-060000.wav	9914.990	9915.278	0.289	52.8	712.9	660.1	80.0	end pattern.
321	Spectrogram 1	1	AU-BS04b-150905-064000.wav	12046.289	12046.536	0.247	33.0	617.2	584.2	64.0	start pattern
322	Spectrogram 1	1	AU-BS04b-150905-064000.wav	12047.567	12047.732	0.165	28.1	493.4	465.3	32.0	
323	Spectrogram 1	1	AU-BS04b-150905-064000.wav	12048.845	12049.052	0.206	52.8	425.7	372.9	80.0	
324	Spectrogram 1	1	AU-BS04b-150905-064000.wav	12052.392	12052.598	0.206	42.9	571.0	528.1	160.0	
325	Spectrogram 1	1	AU-BS04b-150905-064000.wav	12053.711	12053.876	0.165	39.6	382.8	343.2	48.0	
326	Spectrogram 1	1	AU-BS04b-150905-064000.wav	12055.485	12055.691	0.206	36.3	620.5	584.2	256.0	
327	Spectrogram 1	1	AU-BS04b-150905-064000.wav	12056.887	12057.093	0.206	39.6	415.8	376.2	48.0	
328	Spectrogram 1	1	AU-BS04b-150905-064000.wav	12058.701	12058.866	0.165	39.6	574.3	534.7	128.0	
329	Spectrogram 1	1	AU-BS04b-150905-064000.wav	12060.103	12060.309	0.206	52.8	448.8	396.0	160.0	
330	Spectrogram 1	1	AU-BS04b-150905-064000.wav	12061.959	12062.165	0.206	49.5	769.0	719.5	160.0	
331	Spectrogram 1	1	AU-BS04b-150905-064000.wav	12063.381	12063.608	0.227	44.6	470.3	425.7	144.0	
332	Spectrogram 1	1	AU-BS04b-150905-064000.wav	12065.093	12065.299	0.206	49.5	670.0	620.5	144.0	
333	Spectrogram 1	1	AU-BS04b-150905-064000.wav	12066.495	12066.742	0.247	52.8	481.8	429.0	64.0	
334	Spectrogram 1	1	AU-BS04b-150905-064000.wav	12068.186	12068.474	0.289	52.8	706.3	653.5	144.0	
335	Spectrogram 1	1	AU-BS04b-150905-064000.wav	12069.794	12070.000	0.206	49.5	554.5	505.0	96.0	
336	Spectrogram 1	1	AU-BS04b-150905-064000.wav	12071.278	12071.485	0.206	46.2	561.1	514.9	48.0	
337	Spectrogram 1	1	AU-BS04b-150905-064000.wav	12072.722	12072.928	0.206	52.8	561.1	508.3	96.0	
338	Spectrogram 1	1	AU-BS04b-150905-064000.wav	12074.206	12074.454	0.247	59.4	574.3	514.9	96.0	
339	Spectrogram 1	1	AU-BS04b-150905-064000.wav	12077.175	12077.423	0.247	52.8	673.3	620.5	96.0	
340	Spectrogram 1	1	AU-BS04b-150905-064000.wav	12080.330	12080.619	0.289	49.5	676.6	627.1	144.0	end main phrase
341	Spectrogram 1	1	AU-BS04b-150905-064000.wav	12086.165	12086.330	0.165	39.6	617.2	577.6	48.0	
342	Spectrogram 1	1	AU-BS04b-150905-064000.wav	12087.526	12087.732	0.206	62.7	722.8	660.1	256.0	
343	Spectrogram 1	1	AU-BS04b-150905-064000.wav	12088.928	12089.216	0.289	46.2	703.0	656.8	48.0	
344	Spectrogram 1	1	AU-BS04b-150905-064000.wav	12090.536	12090.742	0.206	52.8	1943.9	1891.1	256.0	
345	Spectrogram 1	1	AU-BS04b-150905-064000.wav	12093.629	12093.918	0.289	52.8	808.6	755.8	256.0	
346	Spectrogram 1	1	AU-BS04b-150905-064000.wav	12096.825	12097.113	0.289	64.4	767.3	703.0	144.0	
347	Spectrogram 1	1	AU-BS04b-150905-064000.wav	12103.485	12103.691	0.206	56.1	465.3	409.2	64.0	
348	Spectrogram 1	1	AU-BS04b-150905-064000.wav	12104.990	12105.155	0.165	62.7	587.5	524.8	64.0	
349	Spectrogram 1	1	AU-BS04b-150905-064000.wav	12106.474	12106.680	0.206	56.1	567.7	511.6	64.0	
350	Spectrogram 1	1	AU-BS04b-150905-064000.wav	12107.959	12108.206	0.247	42.9	1970.3	1927.4	48.0	
351	Spectrogram 1	1	AU-BS04b-150905-064000.wav	12111.093	12111.340	0.247	56.1	726.1	670.0	144.0	
352	Spectrogram 1	1	AU-BS04b-150905-064000.wav	12114.309	12114.557	0.247	49.5	637.0	587.5	144.0	
