Selection	View	Channel	Begin Time (s)	End Time (s)	Delta Time (s)	Low Freq (Hz)	High Freq (Hz)	Delta Freq (Hz)	Peak Freq (Hz)	Begin File	Notes
1	Spectrogram 1	1	252.105	252.294	0.188	31.1	591.6	560.5	240.0	AU-BS02b-131029-010000.wav	start pattern
2	Spectrogram 1	1	261.188	261.377	0.188	31.1	774.9	743.8	32.0	AU-BS02b-131029-010000.wav	
3	Spectrogram 1	1	261.641	261.791	0.151	41.5	477.4	435.9	64.0	AU-BS02b-131029-010000.wav	
4	Spectrogram 1	1	266.201	266.389	0.188	13.8	446.3	432.5	16.0	AU-BS02b-131029-010000.wav	
5	Spectrogram 1	1	266.691	266.917	0.226	24.2	435.9	411.7	64.0	AU-BS02b-131029-010000.wav	
6	Spectrogram 1	1	271.289	271.440	0.151	17.3	480.9	463.6	32.0	AU-BS02b-131029-010000.wav	
7	Spectrogram 1	1	271.760	271.948	0.188	27.7	484.3	456.6	128.0	AU-BS02b-131029-010000.wav	
8	Spectrogram 1	1	276.294	276.482	0.188	27.7	885.6	857.9	64.0	AU-BS02b-131029-010000.wav	
9	Spectrogram 1	1	276.784	277.048	0.264	17.3	626.2	608.9	160.0	AU-BS02b-131029-010000.wav	
10	Spectrogram 1	1	281.420	281.646	0.226	32.9	1037.8	1004.9	64.0	AU-BS02b-131029-010000.wav	
11	Spectrogram 1	1	281.947	282.173	0.226	34.6	422.1	387.5	64.0	AU-BS02b-131029-010000.wav	
12	Spectrogram 1	1	286.583	286.809	0.226	45.0	961.7	916.7	48.0	AU-BS02b-131029-010000.wav	
13	Spectrogram 1	1	287.224	287.487	0.264	55.4	844.1	788.7	64.0	AU-BS02b-131029-010000.wav	
14	Spectrogram 1	1	570.565	570.791	0.226	41.5	965.2	923.7	224.0	AU-BS02b-131029-010000.wav	start pattern
15	Spectrogram 1	1	571.055	571.281	0.226	50.2	657.3	607.1	64.0	AU-BS02b-131029-010000.wav	
16	Spectrogram 1	1	580.176	580.364	0.188	27.7	2027.2	1999.5	336.0	AU-BS02b-131029-010000.wav	
17	Spectrogram 1	1	580.666	580.892	0.226	31.1	743.8	712.7	272.0	AU-BS02b-131029-010000.wav	
18	Spectrogram 1	1	585.188	585.377	0.188	69.2	2027.2	1958.0	224.0	AU-BS02b-131029-010000.wav	
19	Spectrogram 1	1	585.735	585.923	0.188	62.3	553.5	491.2	192.0	AU-BS02b-131029-010000.wav	
20	Spectrogram 1	1	590.257	590.446	0.188	60.5	1241.9	1181.4	224.0	AU-BS02b-131029-010000.wav	
21	Spectrogram 1	1	590.804	591.030	0.226	65.7	446.3	380.6	272.0	AU-BS02b-131029-010000.wav	
22	Spectrogram 1	1	595.327	595.553	0.226	55.4	2020.3	1964.9	256.0	AU-BS02b-131029-010000.wav	
23	Spectrogram 1	1	595.892	596.156	0.264	51.9	581.2	529.3	256.0	AU-BS02b-131029-010000.wav	
24	Spectrogram 1	1	600.520	600.709	0.188	41.5	2037.6	1996.1	240.0	AU-BS02b-131029-011000.wav	
25	Spectrogram 1	1	601.010	601.236	0.226	65.7	626.2	560.5	272.0	AU-BS02b-131029-011000.wav	
26	Spectrogram 1	1	605.646	605.872	0.226	48.4	892.5	844.1	224.0	AU-BS02b-131029-011000.wav	
27	Spectrogram 1	1	606.173	606.399	0.226	45.0	435.9	390.9	96.0	AU-BS02b-131029-011000.wav	
28	Spectrogram 1	1	610.884	611.073	0.188	38.1	2034.2	1996.1	832.0	AU-BS02b-131029-011000.wav	
29	Spectrogram 1	1	611.412	611.600	0.188	58.8	429.0	370.2	288.0	AU-BS02b-131029-011000.wav	
30	Spectrogram 1	1	825.980	826.168	0.188	38.1	1542.9	1504.8	384.0	AU-BS02b-131029-011000.wav	start pattern
31	Spectrogram 1	1	826.508	826.734	0.226	38.1	636.5	598.4	80.0	AU-BS02b-131029-011000.wav	
32	Spectrogram 1	1	835.590	835.817	0.226	45.0	1657.1	1612.1	192.0	AU-BS02b-131029-011000.wav	
33	Spectrogram 1	1	836.118	836.457	0.339	41.5	463.6	422.1	80.0	AU-BS02b-131029-011000.wav	
34	Spectrogram 1	1	840.565	840.791	0.226	51.9	2030.7	1978.8	64.0	AU-BS02b-131029-011000.wav	
35	Spectrogram 1	1	841.093	841.319	0.226	62.3	902.9	840.6	128.0	AU-BS02b-131029-011000.wav	
36	Spectrogram 1	1	845.691	845.917	0.226	51.9	1670.9	1619.0	256.0	AU-BS02b-131029-011000.wav	
37	Spectrogram 1	1	846.256	846.482	0.226	55.4	989.4	934.0	64.0	AU-BS02b-131029-011000.wav	
38	Spectrogram 1	1	850.779	851.043	0.264	69.2	1262.7	1193.5	256.0	AU-BS02b-131029-011000.wav	
39	Spectrogram 1	1	851.344	851.570	0.226	72.6	494.7	422.1	144.0	AU-BS02b-131029-011000.wav	
40	Spectrogram 1	1	855.923	856.093	0.170	81.3	1094.9	1013.6	256.0	AU-BS02b-131029-011000.wav	
41	Spectrogram 1	1	856.470	856.696	0.226	76.1	878.7	802.6	256.0	AU-BS02b-131029-011000.wav	
42	Spectrogram 1	1	861.256	861.445	0.188	51.9	1113.9	1062.0	192.0	AU-BS02b-131029-011000.wav	
43	Spectrogram 1	1	861.746	862.010	0.264	58.8	885.6	826.8	128.0	AU-BS02b-131029-011000.wav	
44	Spectrogram 1	1	866.570	866.759	0.188	62.3	2041.1	1978.8	64.0	AU-BS02b-131029-011000.wav	
45	Spectrogram 1	1	867.079	867.268	0.188	65.7	882.2	816.5	96.0	AU-BS02b-131029-011000.wav	
46	Spectrogram 1	1	1088.461	1088.649	0.188	60.5	1530.8	1470.3	144.0	AU-BS02b-131029-011000.wav	start pattern
47	Spectrogram 1	1	1088.932	1089.158	0.226	57.1	781.8	724.7	80.0	AU-BS02b-131029-011000.wav	
48	Spectrogram 1	1	1098.090	1098.279	0.188	83.0	1497.9	1414.9	368.0	AU-BS02b-131029-011000.wav	
49	Spectrogram 1	1	1098.580	1098.769	0.188	76.1	1141.6	1065.5	80.0	AU-BS02b-131029-011000.wav	
50	Spectrogram 1	1	1103.216	1103.442	0.226	58.8	2027.2	1968.4	272.0	AU-BS02b-131029-011000.wav	
51	Spectrogram 1	1	1103.781	1104.083	0.302	58.8	934.1	875.3	64.0	AU-BS02b-131029-011000.wav	
52	Spectrogram 1	1	1108.229	1108.417	0.188	55.4	2034.2	1978.8	144.0	AU-BS02b-131029-011000.wav	
53	Spectrogram 1	1	1108.737	1108.926	0.188	57.1	1139.9	1082.8	384.0	AU-BS02b-131029-011000.wav	
54	Spectrogram 1	1	1113.392	1113.618	0.226	89.9	2006.5	1916.6	208.0	AU-BS02b-131029-011000.wav	
55	Spectrogram 1	1	1113.882	1114.146	0.264	72.6	1494.5	1421.9	368.0	AU-BS02b-131029-011000.wav	
56	Spectrogram 1	1	1118.480	1118.668	0.188	76.1	1518.7	1442.6	112.0	AU-BS02b-131029-011000.wav	
57	Spectrogram 1	1	1119.007	1119.196	0.188	131.5	878.7	747.2	272.0	AU-BS02b-131029-011000.wav	
58	Spectrogram 1	1	1123.568	1123.719	0.151	55.4	1425.3	1369.9	336.0	AU-BS02b-131029-011000.wav	
59	Spectrogram 1	1	1124.095	1124.246	0.151	46.7	1067.2	1020.5	96.0	AU-BS02b-131029-011000.wav	
60	Spectrogram 1	1	1128.844	1128.995	0.151	76.1	1176.2	1100.1	144.0	AU-BS02b-131029-011000.wav	
61	Spectrogram 1	1	1129.334	1129.485	0.151	102.1	1094.9	992.8	240.0	AU-BS02b-131029-011000.wav	
62	Spectrogram 1	1	1134.121	1134.309	0.188	103.8	2037.6	1933.8	128.0	AU-BS02b-131029-011000.wav	
63	Spectrogram 1	1	1134.610	1134.837	0.226	86.5	1380.3	1293.8	352.0	AU-BS02b-131029-011000.wav	
64	Spectrogram 1	1	1359.629	1359.818	0.188	43.2	987.7	944.5	368.0	AU-BS02b-131029-012000.wav	start pattern
65	Spectrogram 1	1	1360.063	1360.251	0.188	45.0	487.8	442.8	240.0	AU-BS02b-131029-012000.wav	
66	Spectrogram 1	1	1369.108	1369.296	0.188	62.3	2034.2	1971.9	944.0	AU-BS02b-131029-012000.wav	
67	Spectrogram 1	1	1369.598	1369.786	0.188	83.0	999.8	916.8	112.0	AU-BS02b-131029-012000.wav	
68	Spectrogram 1	1	1374.196	1374.384	0.188	76.1	1532.5	1456.4	272.0	AU-BS02b-131029-012000.wav	
69	Spectrogram 1	1	1374.648	1374.874	0.226	86.5	961.7	875.2	208.0	AU-BS02b-131029-012000.wav	
70	Spectrogram 1	1	1379.340	1379.529	0.188	67.5	1067.2	999.7	384.0	AU-BS02b-131029-012000.wav	
71	Spectrogram 1	1	1379.793	1379.981	0.188	69.2	941.0	871.8	128.0	AU-BS02b-131029-012000.wav	
72	Spectrogram 1	1	1384.485	1384.673	0.188	62.3	909.8	847.5	144.0	AU-BS02b-131029-012000.wav	
73	Spectrogram 1	1	1384.975	1385.201	0.226	51.9	591.6	539.7	64.0	AU-BS02b-131029-012000.wav	
74	Spectrogram 1	1	1389.686	1389.874	0.188	62.3	961.7	899.4	144.0	AU-BS02b-131029-012000.wav	
75	Spectrogram 1	1	1390.138	1390.327	0.188	69.2	640.0	570.8	208.0	AU-BS02b-131029-012000.wav	
76	Spectrogram 1	1	1617.350	1617.539	0.188	41.5	1695.1	1653.6	336.0	AU-BS02b-131029-012000.wav	start pattern
77	Spectrogram 1	1	1617.822	1618.048	0.226	51.9	844.1	792.2	80.0	AU-BS02b-131029-012000.wav	
78	Spectrogram 1	1	1627.010	1627.161	0.151	69.2	2030.7	1961.5	416.0	AU-BS02b-131029-012000.wav	
79	Spectrogram 1	1	1627.462	1627.651	0.188	69.2	501.6	432.4	304.0	AU-BS02b-131029-012000.wav	
80	Spectrogram 1	1	1632.173	1632.362	0.188	83.0	1864.6	1781.6	112.0	AU-BS02b-131029-012000.wav	
81	Spectrogram 1	1	1632.663	1632.889	0.226	69.2	1293.8	1224.6	80.0	AU-BS02b-131029-012000.wav	
82	Spectrogram 1	1	1637.337	1637.563	0.226	83.0	1470.3	1387.3	128.0	AU-BS02b-131029-012000.wav	
83	Spectrogram 1	1	1637.827	1638.090	0.264	86.5	1459.9	1373.4	368.0	AU-BS02b-131029-012000.wav	
84	Spectrogram 1	1	1642.425	1642.651	0.226	79.6	1608.6	1529.0	400.0	AU-BS02b-131029-012000.wav	
85	Spectrogram 1	1	1642.952	1643.178	0.226	65.7	961.7	896.0	112.0	AU-BS02b-131029-012000.wav	
86	Spectrogram 1	1	1647.588	1647.814	0.226	86.5	1643.2	1556.7	240.0	AU-BS02b-131029-012000.wav	
87	Spectrogram 1	1	1648.116	1648.417	0.302	83.0	823.4	740.4	112.0	AU-BS02b-131029-012000.wav	
88	Spectrogram 1	1	1652.714	1652.940	0.226	83.0	1356.1	1273.1	240.0	AU-BS02b-131029-012000.wav	
89	Spectrogram 1	1	1653.166	1653.354	0.188	86.5	595.0	508.5	272.0	AU-BS02b-131029-012000.wav	
90	Spectrogram 1	1	1657.896	1658.084	0.188	60.5	1440.9	1380.4	240.0	AU-BS02b-131029-012000.wav	
91	Spectrogram 1	1	1658.442	1658.631	0.188	48.4	1359.6	1311.2	128.0	AU-BS02b-131029-012000.wav	
92	Spectrogram 1	1	1850.868	1851.057	0.188	64.0	951.4	887.4	64.0	AU-BS02b-131029-013000.wav	start pattern
93	Spectrogram 1	1	1851.301	1851.603	0.302	58.8	508.5	449.7	96.0	AU-BS02b-131029-013000.wav	
94	Spectrogram 1	1	1860.573	1860.799	0.226	51.9	1518.7	1466.8	368.0	AU-BS02b-131029-013000.wav	
95	Spectrogram 1	1	1861.100	1861.289	0.188	51.9	650.4	598.5	80.0	AU-BS02b-131029-013000.wav	
96	Spectrogram 1	1	1865.548	1865.736	0.188	62.3	2041.1	1978.8	384.0	AU-BS02b-131029-013000.wav	
97	Spectrogram 1	1	1866.038	1866.264	0.226	58.8	902.9	844.1	128.0	AU-BS02b-131029-013000.wav	
98	Spectrogram 1	1	1870.636	1870.824	0.188	65.7	2041.1	1975.4	176.0	AU-BS02b-131029-013000.wav	
99	Spectrogram 1	1	1871.088	1871.352	0.264	72.6	951.4	878.8	176.0	AU-BS02b-131029-013000.wav	
100	Spectrogram 1	1	1875.799	1875.987	0.188	89.9	2020.3	1930.4	288.0	AU-BS02b-131029-013000.wav	
101	Spectrogram 1	1	1876.289	1876.477	0.188	89.9	1435.7	1345.8	368.0	AU-BS02b-131029-013000.wav	
102	Spectrogram 1	1	1880.925	1881.113	0.188	69.2	1162.4	1093.2	256.0	AU-BS02b-131029-013000.wav	
103	Spectrogram 1	1	1881.433	1881.622	0.188	70.9	774.9	704.0	160.0	AU-BS02b-131029-013000.wav	
104	Spectrogram 1	1	1886.163	1886.389	0.226	62.3	906.4	844.1	240.0	AU-BS02b-131029-013000.wav	
105	Spectrogram 1	1	1886.729	1886.879	0.151	62.3	916.8	854.5	64.0	AU-BS02b-131029-013000.wav	
106	Spectrogram 1	1	1891.345	1891.534	0.188	60.5	2029.0	1968.5	64.0	AU-BS02b-131029-013000.wav	
107	Spectrogram 1	1	1891.817	1892.043	0.226	69.2	878.7	809.5	240.0	AU-BS02b-131029-013000.wav	
108	Spectrogram 1	1	1896.671	1896.822	0.151	69.2	2041.1	1971.9	192.0	AU-BS02b-131029-013000.wav	
109	Spectrogram 1	1	1897.123	1897.274	0.151	72.6	2016.9	1944.3	160.0	AU-BS02b-131029-013000.wav	
110	Spectrogram 1	1	2295.814	2296.040	0.226	27.7	896.0	868.3	160.0	AU-BS02b-131029-013000.wav	start pattern. skipped one overlapping GS
111	Spectrogram 1	1	2296.361	2296.624	0.264	27.7	657.3	629.6	80.0	AU-BS02b-131029-013000.wav	
112	Spectrogram 1	1	2305.274	2305.462	0.188	65.7	2041.1	1975.4	304.0	AU-BS02b-131029-013000.wav	
113	Spectrogram 1	1	2305.764	2305.952	0.188	55.4	892.5	837.1	336.0	AU-BS02b-131029-013000.wav	
114	Spectrogram 1	1	2310.286	2310.513	0.226	72.6	1639.8	1567.2	304.0	AU-BS02b-131029-013000.wav	
115	Spectrogram 1	1	2310.776	2311.002	0.226	58.8	892.5	833.7	64.0	AU-BS02b-131029-013000.wav	
116	Spectrogram 1	1	2315.450	2315.676	0.226	60.5	1385.5	1325.0	144.0	AU-BS02b-131029-013000.wav	
117	Spectrogram 1	1	2315.977	2316.203	0.226	72.6	920.2	847.6	400.0	AU-BS02b-131029-013000.wav	
118	Spectrogram 1	1	2320.500	2320.726	0.226	83.0	456.6	373.6	160.0	AU-BS02b-131029-013000.wav	
119	Spectrogram 1	1	2321.028	2321.254	0.226	79.6	349.4	269.8	160.0	AU-BS02b-131029-013000.wav	
120	Spectrogram 1	1	2519.661	2519.849	0.188	34.6	961.7	927.1	112.0	AU-BS02b-131029-014000.wav	start pattern
121	Spectrogram 1	1	2520.188	2520.414	0.226	32.9	582.9	550.0	160.0	AU-BS02b-131029-014000.wav	
122	Spectrogram 1	1	2529.234	2529.422	0.188	55.4	958.3	902.9	80.0	AU-BS02b-131029-014000.wav	
123	Spectrogram 1	1	2529.761	2530.025	0.264	58.8	570.8	512.0	96.0	AU-BS02b-131029-014000.wav	
124	Spectrogram 1	1	2534.322	2534.548	0.226	51.9	913.3	861.4	160.0	AU-BS02b-131029-014000.wav	
125	Spectrogram 1	1	2534.887	2535.075	0.188	58.8	1082.8	1024.0	64.0	AU-BS02b-131029-014000.wav	
126	Spectrogram 1	1	2539.447	2539.673	0.226	48.4	930.6	882.2	96.0	AU-BS02b-131029-014000.wav	
127	Spectrogram 1	1	2539.975	2540.163	0.188	51.9	944.4	892.5	64.0	AU-BS02b-131029-014000.wav	
128	Spectrogram 1	1	2544.603	2544.791	0.188	72.6	1162.4	1089.8	208.0	AU-BS02b-131029-014000.wav	
129	Spectrogram 1	1	2545.074	2545.263	0.188	77.8	1119.1	1041.3	112.0	AU-BS02b-131029-014000.wav	
130	Spectrogram 1	1	2549.804	2549.992	0.188	69.2	1529.1	1459.9	80.0	AU-BS02b-131029-014000.wav	
131	Spectrogram 1	1	2550.294	2550.445	0.151	72.6	1131.2	1058.6	112.0	AU-BS02b-131029-014000.wav	
132	Spectrogram 1	1	2555.005	2555.231	0.226	45.0	944.4	899.4	64.0	AU-BS02b-131029-014000.wav	
133	Spectrogram 1	1	2555.495	2555.721	0.226	41.5	951.4	909.9	144.0	AU-BS02b-131029-014000.wav	
134	Spectrogram 1	1	2686.523	2686.749	0.226	27.7	840.6	812.9	352.0	AU-BS02b-131029-014000.wav	start pattern
135	Spectrogram 1	1	2687.012	2687.314	0.302	17.3	761.1	743.8	64.0	AU-BS02b-131029-014000.wav	
136	Spectrogram 1	1	2696.095	2696.322	0.226	41.5	1034.4	992.9	384.0	AU-BS02b-131029-014000.wav	
137	Spectrogram 1	1	2696.623	2696.811	0.188	38.1	1020.5	982.4	48.0	AU-BS02b-131029-014000.wav	
138	Spectrogram 1	1	2701.221	2701.409	0.188	51.9	1079.4	1027.5	352.0	AU-BS02b-131029-014000.wav	
139	Spectrogram 1	1	2701.673	2701.937	0.264	55.4	982.5	927.1	64.0	AU-BS02b-131029-014000.wav	
140	Spectrogram 1	1	2706.339	2706.565	0.226	76.1	1100.1	1024.0	160.0	AU-BS02b-131029-014000.wav	
141	Spectrogram 1	1	2706.886	2707.074	0.188	70.9	1098.4	1027.5	256.0	AU-BS02b-131029-014000.wav	
142	Spectrogram 1	1	2711.465	2711.691	0.226	86.5	1010.2	923.7	240.0	AU-BS02b-131029-014000.wav	
143	Spectrogram 1	1	2711.992	2712.181	0.188	58.8	937.5	878.7	64.0	AU-BS02b-131029-014000.wav	
144	Spectrogram 1	1	2716.666	2716.854	0.188	55.4	1013.6	958.2	240.0	AU-BS02b-131029-014000.wav	
145	Spectrogram 1	1	2717.156	2717.382	0.226	65.7	882.2	816.5	272.0	AU-BS02b-131029-014000.wav	
146	Spectrogram 1	1	2721.791	2721.980	0.188	48.4	1006.7	958.3	256.0	AU-BS02b-131029-014000.wav	
147	Spectrogram 1	1	2722.281	2722.545	0.264	48.4	958.3	909.9	208.0	AU-BS02b-131029-014000.wav	
148	Spectrogram 1	1	2904.633	2904.859	0.226	10.4	712.6	702.2	16.0	AU-BS02b-131029-014000.wav	start pattern
149	Spectrogram 1	1	2905.085	2905.311	0.226	34.6	667.7	633.1	128.0	AU-BS02b-131029-014000.wav	
150	Spectrogram 1	1	2914.244	2914.470	0.226	41.5	2027.2	1985.7	240.0	AU-BS02b-131029-014000.wav	
151	Spectrogram 1	1	2914.771	2914.960	0.188	45.0	1944.2	1899.2	128.0	AU-BS02b-131029-014000.wav	
152	Spectrogram 1	1	2919.332	2919.520	0.188	27.7	2041.1	2013.4	288.0	AU-BS02b-131029-014000.wav	
153	Spectrogram 1	1	2919.784	2920.010	0.226	43.2	1089.7	1046.5	48.0	AU-BS02b-131029-014000.wav	
154	Spectrogram 1	1	2924.374	2924.563	0.188	62.3	1169.3	1107.0	256.0	AU-BS02b-131029-014000.wav	
155	Spectrogram 1	1	2924.883	2925.072	0.188	55.4	1148.5	1093.1	64.0	AU-BS02b-131029-014000.wav	
156	Spectrogram 1	1	2929.425	2929.613	0.188	48.4	1605.2	1556.8	144.0	AU-BS02b-131029-014000.wav	
157	Spectrogram 1	1	2929.952	2930.216	0.264	48.4	1100.1	1051.7	128.0	AU-BS02b-131029-014000.wav	
158	Spectrogram 1	1	2934.588	2934.739	0.151	72.6	1636.3	1563.7	416.0	AU-BS02b-131029-014000.wav	
159	Spectrogram 1	1	2935.116	2935.304	0.188	72.6	1127.8	1055.2	144.0	AU-BS02b-131029-014000.wav	
160	Spectrogram 1	1	3095.759	3096.023	0.264	38.1	1280.0	1241.9	320.0	AU-BS02b-131029-015000.wav	start pattern
161	Spectrogram 1	1	3096.249	3096.512	0.264	34.6	435.9	401.3	160.0	AU-BS02b-131029-015000.wav	
162	Spectrogram 1	1	3105.482	3105.708	0.226	45.0	961.7	916.7	112.0	AU-BS02b-131029-015000.wav	
163	Spectrogram 1	1	3106.010	3106.274	0.264	41.5	702.3	660.8	160.0	AU-BS02b-131029-015000.wav	
164	Spectrogram 1	1	3110.721	3110.872	0.151	45.0	1034.4	989.4	160.0	AU-BS02b-131029-015000.wav	
165	Spectrogram 1	1	3111.173	3111.399	0.226	103.8	944.4	840.6	160.0	AU-BS02b-131029-015000.wav	
166	Spectrogram 1	1	3115.809	3115.997	0.188	48.4	1096.6	1048.2	80.0	AU-BS02b-131029-015000.wav	
167	Spectrogram 1	1	3116.261	3116.450	0.188	55.4	930.6	875.2	80.0	AU-BS02b-131029-015000.wav	
168	Spectrogram 1	1	3120.935	3121.161	0.226	55.4	1086.3	1030.9	160.0	AU-BS02b-131029-015000.wav	
169	Spectrogram 1	1	3121.462	3121.651	0.188	55.4	729.9	674.5	240.0	AU-BS02b-131029-015000.wav	
170	Spectrogram 1	1	3126.060	3126.249	0.188	51.9	954.8	902.9	352.0	AU-BS02b-131029-015000.wav	
171	Spectrogram 1	1	3126.588	3126.776	0.188	55.4	996.3	940.9	160.0	AU-BS02b-131029-015000.wav	
172	Spectrogram 1	1	3131.299	3131.525	0.226	51.9	906.4	854.5	272.0	AU-BS02b-131029-015000.wav	
173	Spectrogram 1	1	3131.751	3132.053	0.302	55.4	906.4	851.0	272.0	AU-BS02b-131029-015000.wav	
174	Spectrogram 1	1	3136.455	3136.643	0.188	51.9	909.8	857.9	320.0	AU-BS02b-131029-015000.wav	
175	Spectrogram 1	1	3136.907	3137.133	0.226	62.3	930.6	868.3	208.0	AU-BS02b-131029-015000.wav	
176	Spectrogram 1	1	3483.972	3484.198	0.226	38.1	1169.3	1131.2	176.0	AU-BS02b-131029-015000.wav	start pattern - skipped one bc overlapping hump and GS
177	Spectrogram 1	1	3484.425	3484.726	0.302	34.6	968.6	934.0	160.0	AU-BS02b-131029-015000.wav	
178	Spectrogram 1	1	3493.847	3493.997	0.151	65.7	778.4	712.7	160.0	AU-BS02b-131029-015000.wav	
179	Spectrogram 1	1	3494.299	3494.450	0.151	69.2	733.4	664.2	160.0	AU-BS02b-131029-015000.wav	
180	Spectrogram 1	1	3498.972	3499.161	0.188	69.2	996.3	927.1	160.0	AU-BS02b-131029-015000.wav	
181	Spectrogram 1	1	3499.425	3499.651	0.226	65.7	1048.2	982.5	304.0	AU-BS02b-131029-015000.wav	
182	Spectrogram 1	1	3504.098	3504.324	0.226	72.6	1044.8	972.2	224.0	AU-BS02b-131029-015000.wav	
183	Spectrogram 1	1	3504.588	3504.852	0.264	79.6	1034.4	954.8	288.0	AU-BS02b-131029-015000.wav	
184	Spectrogram 1	1	3509.242	3509.431	0.188	51.9	1034.4	982.5	224.0	AU-BS02b-131029-015000.wav	
185	Spectrogram 1	1	3509.713	3509.940	0.226	48.4	920.2	871.8	224.0	AU-BS02b-131029-015000.wav	
186	Spectrogram 1	1	3514.379	3514.605	0.226	38.1	1408.0	1369.9	208.0	AU-BS02b-131029-015000.wav	
187	Spectrogram 1	1	3514.945	3515.095	0.151	41.5	1065.5	1024.0	144.0	AU-BS02b-131029-015000.wav	
188	Spectrogram 1	1	3519.505	3519.656	0.151	48.4	2027.2	1978.8	160.0	AU-BS02b-131029-015000.wav	
189	Spectrogram 1	1	3520.033	3520.183	0.151	51.9	1715.9	1664.0	160.0	AU-BS02b-131029-015000.wav	
190	Spectrogram 1	1	3524.706	3524.857	0.151	58.8	2023.8	1965.0	224.0	AU-BS02b-131029-015000.wav	
191	Spectrogram 1	1	3525.196	3525.384	0.188	55.4	1432.2	1376.8	256.0	AU-BS02b-131029-015000.wav	
192	Spectrogram 1	1	3529.945	3530.133	0.188	51.9	2020.3	1968.4	160.0	AU-BS02b-131029-015000.wav	
193	Spectrogram 1	1	3530.529	3530.717	0.188	58.8	1608.6	1549.8	208.0	AU-BS02b-131029-015000.wav	
194	Spectrogram 1	1	3881.080	3881.269	0.188	27.7	1058.6	1030.9	112.0	AU-BS02b-131029-020000.wav	start pattern - skipped one
195	Spectrogram 1	1	3881.589	3881.853	0.264	27.7	857.9	830.2	80.0	AU-BS02b-131029-020000.wav	
196	Spectrogram 1	1	3890.834	3891.023	0.188	62.3	1861.2	1798.9	240.0	AU-BS02b-131029-020000.wav	
197	Spectrogram 1	1	3891.286	3891.475	0.188	48.4	875.2	826.8	160.0	AU-BS02b-131029-020000.wav	
198	Spectrogram 1	1	3895.884	3896.073	0.188	48.4	2027.2	1978.8	256.0	AU-BS02b-131029-020000.wav	
199	Spectrogram 1	1	3896.412	3896.600	0.188	38.1	695.4	657.3	112.0	AU-BS02b-131029-020000.wav	
200	Spectrogram 1	1	3901.010	3901.198	0.188	55.4	2044.5	1989.1	128.0	AU-BS02b-131029-020000.wav	
201	Spectrogram 1	1	3901.462	3901.651	0.188	55.4	802.6	747.2	64.0	AU-BS02b-131029-020000.wav	
202	Spectrogram 1	1	3906.060	3906.249	0.188	62.3	1923.5	1861.2	384.0	AU-BS02b-131029-020000.wav	
203	Spectrogram 1	1	3906.588	3906.776	0.188	51.9	1515.2	1463.3	112.0	AU-BS02b-131029-020000.wav	
204	Spectrogram 1	1	3911.224	3911.450	0.226	55.4	1473.7	1418.3	160.0	AU-BS02b-131029-020000.wav	
205	Spectrogram 1	1	3911.713	3911.940	0.226	51.9	989.4	937.5	160.0	AU-BS02b-131029-020000.wav	
206	Spectrogram 1	1	3916.387	3916.613	0.226	65.7	979.0	913.3	288.0	AU-BS02b-131029-020000.wav	
207	Spectrogram 1	1	3916.914	3917.178	0.264	58.8	996.3	937.5	288.0	AU-BS02b-131029-020000.wav	
208	Spectrogram 1	1	4071.565	4071.754	0.188	62.3	965.2	902.9	144.0	AU-BS02b-131029-020000.wav	start pattern
209	Spectrogram 1	1	4072.018	4072.206	0.188	45.0	653.8	608.8	160.0	AU-BS02b-131029-020000.wav	
210	Spectrogram 1	1	4081.251	4081.440	0.188	62.3	1141.6	1079.3	160.0	AU-BS02b-131029-020000.wav	
211	Spectrogram 1	1	4081.703	4081.892	0.188	55.4	864.9	809.5	160.0	AU-BS02b-131029-020000.wav	
212	Spectrogram 1	1	4086.301	4086.490	0.188	62.3	1082.8	1020.5	64.0	AU-BS02b-131029-020000.wav	
213	Spectrogram 1	1	4086.829	4087.055	0.226	62.3	1082.8	1020.5	208.0	AU-BS02b-131029-020000.wav	
214	Spectrogram 1	1	4091.427	4091.653	0.226	72.6	999.8	927.2	160.0	AU-BS02b-131029-020000.wav	
215	Spectrogram 1	1	4091.955	4092.181	0.226	62.3	985.9	923.6	224.0	AU-BS02b-131029-020000.wav	
216	Spectrogram 1	1	4096.515	4096.741	0.226	76.1	1113.9	1037.8	160.0	AU-BS02b-131029-020000.wav	
217	Spectrogram 1	1	4097.005	4097.231	0.226	83.0	979.0	896.0	176.0	AU-BS02b-131029-020000.wav	
218	Spectrogram 1	1	4101.678	4101.904	0.226	65.7	1044.8	979.1	160.0	AU-BS02b-131029-020000.wav	
219	Spectrogram 1	1	4102.206	4102.394	0.188	69.2	1183.1	1113.9	256.0	AU-BS02b-131029-020000.wav	
220	Spectrogram 1	1	4106.766	4106.955	0.188	96.9	2027.2	1930.3	288.0	AU-BS02b-131029-020000.wav	
221	Spectrogram 1	1	4107.294	4107.482	0.188	93.4	1854.3	1760.9	224.0	AU-BS02b-131029-020000.wav	
222	Spectrogram 1	1	4112.035	4112.224	0.188	58.8	2023.8	1965.0	160.0	AU-BS02b-131029-020000.wav	
223	Spectrogram 1	1	4112.525	4112.714	0.188	65.7	996.3	930.6	176.0	AU-BS02b-131029-020000.wav	
224	Spectrogram 1	1	4117.311	4117.538	0.226	77.8	1887.1	1809.3	208.0	AU-BS02b-131029-020000.wav	
225	Spectrogram 1	1	4117.801	4118.028	0.226	72.6	913.3	840.7	240.0	AU-BS02b-131029-020000.wav	
226	Spectrogram 1	1	4270.153	4270.342	0.188	65.7	2023.8	1958.1	368.0	AU-BS02b-131029-021000.wav	start pattern
227	Spectrogram 1	1	4270.568	4270.832	0.264	65.7	909.8	844.1	80.0	AU-BS02b-131029-021000.wav	
228	Spectrogram 1	1	4279.783	4279.971	0.188	81.3	1973.6	1892.3	208.0	AU-BS02b-131029-021000.wav	
229	Spectrogram 1	1	4280.291	4280.480	0.188	69.2	1311.1	1241.9	208.0	AU-BS02b-131029-021000.wav	
230	Spectrogram 1	1	4284.852	4285.078	0.226	62.3	1349.2	1286.9	128.0	AU-BS02b-131029-021000.wav	
231	Spectrogram 1	1	4285.379	4285.568	0.188	58.8	923.7	864.9	64.0	AU-BS02b-131029-021000.wav	
232	Spectrogram 1	1	4289.563	4289.713	0.151	10.4	1532.5	1522.1	16.0	AU-BS02b-131029-021000.wav	
233	Spectrogram 1	1	4289.902	4290.203	0.302	48.4	799.1	750.7	240.0	AU-BS02b-131029-021000.wav	
234	Spectrogram 1	1	4294.877	4295.103	0.226	41.5	1857.7	1816.2	368.0	AU-BS02b-131029-021000.wav	
235	Spectrogram 1	1	4295.404	4295.631	0.226	48.4	1027.5	979.1	368.0	AU-BS02b-131029-021000.wav	
236	Spectrogram 1	1	4300.078	4300.266	0.188	51.9	1027.5	975.6	256.0	AU-BS02b-131029-021000.wav	
237	Spectrogram 1	1	4300.530	4300.794	0.264	48.4	916.8	868.4	80.0	AU-BS02b-131029-021000.wav	
238	Spectrogram 1	1	4305.543	4305.731	0.188	48.4	896.0	847.6	128.0	AU-BS02b-131029-021000.wav	
239	Spectrogram 1	1	4305.995	4306.221	0.226	48.4	892.5	844.1	128.0	AU-BS02b-131029-021000.wav	
240	Spectrogram 1	1	4464.812	4465.018	0.206	41.5	987.9	946.5	48.0	AU-BS02b-131029-021000.wav	start pattern
241	Spectrogram 1	1	4465.389	4465.637	0.247	51.8	528.5	476.7	96.0	AU-BS02b-131029-021000.wav	
242	Spectrogram 1	1	4474.627	4474.833	0.206	34.5	1761.7	1727.1	64.0	AU-BS02b-131029-021000.wav	
243	Spectrogram 1	1	4475.060	4475.266	0.206	32.8	727.1	694.3	112.0	AU-BS02b-131029-021000.wav	
244	Spectrogram 1	1	4479.658	4479.864	0.206	31.1	1989.6	1958.5	144.0	AU-BS02b-131029-021000.wav	
245	Spectrogram 1	1	4480.152	4480.359	0.206	48.4	445.6	397.2	112.0	AU-BS02b-131029-021000.wav	
246	Spectrogram 1	1	4484.853	4485.060	0.206	44.9	1854.9	1810.0	48.0	AU-BS02b-131029-021000.wav	
247	Spectrogram 1	1	4485.328	4485.534	0.206	46.6	941.3	894.6	80.0	AU-BS02b-131029-021000.wav	
248	Spectrogram 1	1	4489.967	4490.173	0.206	17.3	1996.5	1979.3	160.0	AU-BS02b-131029-021000.wav	
249	Spectrogram 1	1	4490.544	4490.792	0.247	10.4	949.9	939.6	112.0	AU-BS02b-131029-021000.wav	
250	Spectrogram 1	1	4495.163	4495.369	0.206	41.5	1979.3	1937.8	864.0	AU-BS02b-131029-021000.wav	
251	Spectrogram 1	1	4495.658	4495.864	0.206	41.5	887.7	846.3	320.0	AU-BS02b-131029-021000.wav	
252	Spectrogram 1	1	4500.400	4500.606	0.206	38.0	1184.8	1146.8	272.0	AU-BS02b-131029-021000.wav	
253	Spectrogram 1	1	4500.874	4501.080	0.206	48.4	925.7	877.4	160.0	AU-BS02b-131029-021000.wav	
254	Spectrogram 1	1	4505.637	4505.843	0.206	41.5	1022.5	981.0	240.0	AU-BS02b-131029-021000.wav	
255	Spectrogram 1	1	4506.194	4506.441	0.247	55.3	991.4	936.1	64.0	AU-BS02b-131029-021000.wav	
256	Spectrogram 1	1	4510.977	4511.183	0.206	48.4	1934.4	1886.0	256.0	AU-BS02b-131029-021000.wav	
257	Spectrogram 1	1	4511.472	4511.719	0.247	48.4	1060.4	1012.1	224.0	AU-BS02b-131029-021000.wav	
258	Spectrogram 1	1	4846.771	4846.977	0.206	38.0	915.4	877.4	64.0	AU-BS02b-131029-022000.wav	start pattern - skipped an iteration bc overlapping GS
259	Spectrogram 1	1	4847.245	4847.451	0.206	27.6	642.5	614.9	80.0	AU-BS02b-131029-022000.wav	
260	Spectrogram 1	1	4856.091	4856.255	0.165	43.2	1274.6	1231.4	208.0	AU-BS02b-131029-022000.wav	
261	Spectrogram 1	1	4856.503	4856.750	0.247	44.9	953.4	908.5	272.0	AU-BS02b-131029-022000.wav	
262	Spectrogram 1	1	4861.575	4861.822	0.247	48.4	1212.4	1164.1	112.0	AU-BS02b-131029-022000.wav	
263	Spectrogram 1	1	4862.070	4862.317	0.247	38.0	1112.3	1074.3	64.0	AU-BS02b-131029-022000.wav	
264	Spectrogram 1	1	4866.647	4866.853	0.206	44.9	1996.5	1951.6	384.0	AU-BS02b-131029-022000.wav	
265	Spectrogram 1	1	4867.142	4867.389	0.247	41.5	1492.2	1450.8	64.0	AU-BS02b-131029-022000.wav	
266	Spectrogram 1	1	4871.843	4872.049	0.206	48.4	1993.1	1944.7	176.0	AU-BS02b-131029-022000.wav	
267	Spectrogram 1	1	4872.338	4872.544	0.206	55.3	1609.7	1554.4	256.0	AU-BS02b-131029-022000.wav	
268	Spectrogram 1	1	4876.895	4877.101	0.206	13.8	1989.6	1975.8	176.0	AU-BS02b-131029-022000.wav	
269	Spectrogram 1	1	4877.472	4877.761	0.289	17.3	1595.9	1578.6	48.0	AU-BS02b-131029-022000.wav	
270	Spectrogram 1	1	4882.132	4882.338	0.206	27.6	1564.8	1537.1	288.0	AU-BS02b-131029-022000.wav	
271	Spectrogram 1	1	4882.627	4882.915	0.289	44.9	1177.9	1133.0	304.0	AU-BS02b-131029-022000.wav	
272	Spectrogram 1	1	5033.740	5033.905	0.165	44.9	1043.2	998.3	160.0	AU-BS02b-131029-022000.wav	start pattern
273	Spectrogram 1	1	5034.214	5034.503	0.289	44.9	832.5	787.6	96.0	AU-BS02b-131029-022000.wav	
274	Spectrogram 1	1	5043.472	5043.719	0.247	41.5	1329.9	1288.4	112.0	AU-BS02b-131029-022000.wav	
275	Spectrogram 1	1	5048.627	5048.833	0.206	48.4	1996.5	1948.2	272.0	AU-BS02b-131029-022000.wav	
276	Spectrogram 1	1	5049.080	5049.286	0.206	145.1	1658.0	1513.0	192.0	AU-BS02b-131029-022000.wav	
277	Spectrogram 1	1	5053.740	5053.946	0.206	41.5	1575.1	1533.7	272.0	AU-BS02b-131029-022000.wav	
278	Spectrogram 1	1	5054.235	5054.523	0.289	48.4	1129.5	1081.2	64.0	AU-BS02b-131029-022000.wav	
279	Spectrogram 1	1	5058.812	5059.018	0.206	55.3	1475.0	1419.7	304.0	AU-BS02b-131029-022000.wav	
280	Spectrogram 1	1	5059.266	5059.554	0.289	55.3	1022.5	967.2	112.0	AU-BS02b-131029-022000.wav	
281	Spectrogram 1	1	5064.049	5064.255	0.206	41.5	1215.9	1174.4	256.0	AU-BS02b-131029-022000.wav	
282	Spectrogram 1	1	5064.585	5064.833	0.247	44.9	1098.4	1053.5	112.0	AU-BS02b-131029-022000.wav	
283	Spectrogram 1	1	5069.286	5069.493	0.206	44.9	1222.8	1177.9	224.0	AU-BS02b-131029-022000.wav	
284	Spectrogram 1	1	5069.699	5070.029	0.330	55.3	932.6	877.4	64.0	AU-BS02b-131029-022000.wav	
285	Spectrogram 1	1	5074.523	5074.730	0.206	51.8	1101.9	1050.1	160.0	AU-BS02b-131029-022000.wav	
286	Spectrogram 1	1	5075.060	5075.348	0.289	51.8	1088.1	1036.3	192.0	AU-BS02b-131029-022000.wav	
287	Spectrogram 1	1	5079.926	5080.173	0.247	41.5	1340.2	1298.8	128.0	AU-BS02b-131029-022000.wav	
288	Spectrogram 1	1	5080.462	5080.750	0.289	55.3	1143.4	1088.1	256.0	AU-BS02b-131029-022000.wav	
289	Spectrogram 1	1	5044.008	5044.255	0.247	41.5	946.5	905.0	80.0	AU-BS02b-131029-022000.wav	out of order - should be after 274.
290	Spectrogram 1	1	5574.276	5574.565	0.289	31.1	1399.0	1367.9	80.0	AU-BS02b-131029-023000.wav	start pattern. this first only has one GS
291	Spectrogram 1	1	5583.554	5583.719	0.165	65.6	1305.7	1240.1	320.0	AU-BS02b-131029-023000.wav	
292	Spectrogram 1	1	5584.049	5584.338	0.289	51.8	1212.4	1160.6	144.0	AU-BS02b-131029-023000.wav	
293	Spectrogram 1	1	5588.668	5588.833	0.165	48.4	1326.4	1278.1	240.0	AU-BS02b-131029-023000.wav	
294	Spectrogram 1	1	5589.163	5589.369	0.206	55.3	1008.6	953.4	288.0	AU-BS02b-131029-023000.wav	
295	Spectrogram 1	1	5593.699	5593.905	0.206	48.4	1433.5	1385.1	144.0	AU-BS02b-131029-023000.wav	
296	Spectrogram 1	1	5594.152	5594.400	0.247	51.8	925.7	873.9	144.0	AU-BS02b-131029-023000.wav	
297	Spectrogram 1	1	5598.771	5599.018	0.247	55.3	1126.1	1070.8	144.0	AU-BS02b-131029-023000.wav	
298	Spectrogram 1	1	5599.266	5599.554	0.289	55.3	1039.7	984.5	208.0	AU-BS02b-131029-023000.wav	
299	Spectrogram 1	1	5603.967	5604.132	0.165	38.0	1050.1	1012.1	240.0	AU-BS02b-131029-023000.wav	
300	Spectrogram 1	1	5604.462	5604.750	0.289	48.4	1029.4	981.0	192.0	AU-BS02b-131029-023000.wav	
301	Spectrogram 1	1	5609.080	5609.328	0.247	44.9	1005.2	960.3	240.0	AU-BS02b-131029-023000.wav	
302	Spectrogram 1	1	5609.575	5609.822	0.247	55.3	1008.6	953.4	224.0	AU-BS02b-131029-023000.wav	
303	Spectrogram 1	1	5614.359	5614.606	0.247	48.4	1285.0	1236.6	224.0	AU-BS02b-131029-023000.wav	
304	Spectrogram 1	1	5614.853	5615.101	0.247	48.4	1285.0	1236.6	144.0	AU-BS02b-131029-023000.wav	
305	Spectrogram 1	1	5619.719	5619.967	0.247	55.3	911.9	856.6	64.0	AU-BS02b-131029-023000.wav	
306	Spectrogram 1	1	5620.297	5620.503	0.206	55.3	905.0	849.7	256.0	AU-BS02b-131029-023000.wav	
307	Spectrogram 1	1	5742.750	5742.956	0.206	27.6	1025.9	998.3	272.0	AU-BS02b-131029-023000.wav	start pattern
308	Spectrogram 1	1	5743.245	5743.493	0.247	27.6	518.1	490.5	80.0	AU-BS02b-131029-023000.wav	
309	Spectrogram 1	1	5752.359	5752.565	0.206	82.9	1761.7	1678.8	304.0	AU-BS02b-131029-023000.wav	
310	Spectrogram 1	1	5752.895	5753.225	0.330	82.9	1364.4	1281.5	144.0	AU-BS02b-131029-023000.wav	
311	Spectrogram 1	1	5757.513	5757.761	0.247	41.5	1996.5	1955.1	256.0	AU-BS02b-131029-023000.wav	
312	Spectrogram 1	1	5758.049	5758.297	0.247	51.8	1285.0	1233.2	144.0	AU-BS02b-131029-023000.wav	
313	Spectrogram 1	1	5762.627	5762.874	0.247	55.3	1008.6	953.4	288.0	AU-BS02b-131029-023000.wav	
314	Spectrogram 1	1	5763.163	5763.410	0.247	48.4	1253.9	1205.5	336.0	AU-BS02b-131029-023000.wav	
315	Spectrogram 1	1	5767.740	5767.987	0.247	41.5	1198.6	1157.2	224.0	AU-BS02b-131029-023000.wav	
316	Spectrogram 1	1	5768.235	5768.482	0.247	44.9	1198.6	1153.7	64.0	AU-BS02b-131029-023000.wav	
317	Spectrogram 1	1	5772.853	5773.142	0.289	82.9	981.0	898.1	256.0	AU-BS02b-131029-023000.wav	
318	Spectrogram 1	1	5773.348	5773.719	0.371	69.1	987.9	918.8	96.0	AU-BS02b-131029-023000.wav	
319	Spectrogram 1	1	5778.049	5778.297	0.247	96.7	943.0	846.3	368.0	AU-BS02b-131029-023000.wav	
320	Spectrogram 1	1	5778.627	5778.915	0.289	93.3	981.0	887.7	112.0	AU-BS02b-131029-023000.wav	
321	Spectrogram 1	1	5783.410	5783.616	0.206	55.3	998.3	943.0	384.0	AU-BS02b-131029-023000.wav	
322	Spectrogram 1	1	5783.946	5784.235	0.289	51.8	908.5	856.6	80.0	AU-BS02b-131029-023000.wav	
323	Spectrogram 1	1	6774.523	6774.730	0.206	41.5	974.1	932.6	256.0	AU-BS02b-131029-025000.wav	start pattern - skipped a few iterations
324	Spectrogram 1	1	6774.977	6775.266	0.289	38.0	697.8	659.8	80.0	AU-BS02b-131029-025000.wav	
325	Spectrogram 1	1	6784.255	6784.503	0.247	44.9	1989.6	1944.7	320.0	AU-BS02b-131029-025000.wav	
326	Spectrogram 1	1	6784.792	6784.998	0.206	44.9	1070.8	1025.9	128.0	AU-BS02b-131029-025000.wav	
327	Spectrogram 1	1	6789.410	6789.616	0.206	44.9	1975.8	1930.9	368.0	AU-BS02b-131029-025000.wav	
328	Spectrogram 1	1	6789.905	6790.111	0.206	55.3	970.6	915.4	272.0	AU-BS02b-131029-025000.wav	
329	Spectrogram 1	1	6794.441	6794.647	0.206	72.5	1996.5	1924.0	368.0	AU-BS02b-131029-025000.wav	
330	Spectrogram 1	1	6795.018	6795.266	0.247	58.7	1164.1	1105.4	144.0	AU-BS02b-131029-025000.wav	
331	Spectrogram 1	1	6799.678	6799.884	0.206	24.2	1965.5	1941.3	208.0	AU-BS02b-131029-025000.wav	
332	Spectrogram 1	1	6800.132	6800.338	0.206	31.1	1537.1	1506.0	208.0	AU-BS02b-131029-025000.wav	
333	Spectrogram 1	1	6804.792	6804.998	0.206	58.7	1920.6	1861.8	224.0	AU-BS02b-131029-025000.wav	
334	Spectrogram 1	1	6805.286	6805.493	0.206	72.5	1164.1	1091.5	112.0	AU-BS02b-131029-025000.wav	
335	Spectrogram 1	1	6809.946	6810.152	0.206	27.6	1108.8	1081.2	208.0	AU-BS02b-131029-025000.wav	
336	Spectrogram 1	1	6810.441	6810.647	0.206	17.3	1119.2	1101.9	208.0	AU-BS02b-131029-025000.wav	
337	Spectrogram 1	1	6815.060	6815.307	0.247	48.4	1374.8	1326.4	192.0	AU-BS02b-131029-025000.wav	
338	Spectrogram 1	1	6815.596	6815.926	0.330	48.4	1260.8	1212.4	80.0	AU-BS02b-131029-025000.wav	
339	Spectrogram 1	1	6941.266	6941.513	0.247	48.4	1416.2	1367.9	96.0	AU-BS02b-131029-025000.wav	start pattern
340	Spectrogram 1	1	6941.761	6942.008	0.247	48.4	918.8	870.5	144.0	AU-BS02b-131029-025000.wav	
341	Spectrogram 1	1	6950.956	6951.163	0.206	55.3	1437.0	1381.7	112.0	AU-BS02b-131029-025000.wav	
342	Spectrogram 1	1	6951.451	6951.699	0.247	62.2	815.2	753.0	368.0	AU-BS02b-131029-025000.wav	
343	Spectrogram 1	1	6956.070	6956.317	0.247	44.9	1057.0	1012.1	224.0	AU-BS02b-131029-025000.wav	
344	Spectrogram 1	1	6956.606	6956.853	0.247	44.9	939.6	894.6	160.0	AU-BS02b-131029-025000.wav	
345	Spectrogram 1	1	6961.183	6961.431	0.247	72.5	963.7	891.2	128.0	AU-BS02b-131029-025000.wav	
346	Spectrogram 1	1	6961.719	6962.049	0.330	62.2	925.7	863.6	400.0	AU-BS02b-131029-025000.wav	
347	Spectrogram 1	1	6966.255	6966.544	0.289	48.4	1209.0	1160.6	176.0	AU-BS02b-131029-025000.wav	
348	Spectrogram 1	1	6966.874	6967.121	0.247	51.8	1098.4	1046.6	272.0	AU-BS02b-131029-025000.wav	
349	Spectrogram 1	1	6971.534	6971.740	0.206	55.3	1081.2	1025.9	336.0	AU-BS02b-131029-025000.wav	
350	Spectrogram 1	1	6971.987	6972.235	0.247	51.8	1077.7	1025.9	224.0	AU-BS02b-131029-025000.wav	
351	Spectrogram 1	1	6976.730	6976.977	0.247	51.8	1025.9	974.1	224.0	AU-BS02b-131029-025000.wav	
352	Spectrogram 1	1	6977.183	6977.431	0.247	62.2	1032.8	970.6	288.0	AU-BS02b-131029-025000.wav	
353	Spectrogram 1	1	6981.946	6982.152	0.206	62.2	1706.4	1644.2	208.0	AU-BS02b-131029-025000.wav	
354	Spectrogram 1	1	6982.441	6982.647	0.206	38.0	1122.6	1084.6	208.0	AU-BS02b-131029-025000.wav	
355	Spectrogram 1	1	7458.895	7459.101	0.206	58.7	991.4	932.6	128.0	AU-BS02b-131029-030000.wav	start pattern - skipped a few
356	Spectrogram 1	1	7459.389	7459.637	0.247	17.3	697.8	680.5	112.0	AU-BS02b-131029-030000.wav	
357	Spectrogram 1	1	7468.730	7468.895	0.165	44.9	1972.4	1927.5	64.0	AU-BS02b-131029-030000.wav	
358	Spectrogram 1	1	7469.225	7469.472	0.247	27.6	1975.8	1948.2	144.0	AU-BS02b-131029-030000.wav	
359	Spectrogram 1	1	7473.843	7474.049	0.206	31.1	1993.1	1962.0	368.0	AU-BS02b-131029-030000.wav	
360	Spectrogram 1	1	7474.297	7474.627	0.330	51.8	1454.2	1402.4	64.0	AU-BS02b-131029-030000.wav	
361	Spectrogram 1	1	7478.915	7479.121	0.206	41.5	1996.5	1955.1	304.0	AU-BS02b-131029-030000.wav	
362	Spectrogram 1	1	7479.410	7479.699	0.289	34.5	1136.4	1101.9	64.0	AU-BS02b-131029-030000.wav	
363	Spectrogram 1	1	7484.029	7484.317	0.289	44.9	1996.5	1951.6	192.0	AU-BS02b-131029-030000.wav	
364	Spectrogram 1	1	7484.523	7484.771	0.247	38.0	1457.7	1419.7	64.0	AU-BS02b-131029-030000.wav	
365	Spectrogram 1	1	7489.225	7489.431	0.206	55.3	1343.7	1288.4	304.0	AU-BS02b-131029-030000.wav	
366	Spectrogram 1	1	7489.719	7489.926	0.206	62.2	1177.9	1115.7	80.0	AU-BS02b-131029-030000.wav	
367	Spectrogram 1	1	7494.379	7494.627	0.247	48.4	1022.5	974.1	192.0	AU-BS02b-131029-030000.wav	
368	Spectrogram 1	1	7494.833	7495.039	0.206	44.9	911.9	867.0	144.0	AU-BS02b-131029-030000.wav	
369	Spectrogram 1	1	7499.575	7499.781	0.206	58.7	1012.1	953.4	128.0	AU-BS02b-131029-030000.wav	
370	Spectrogram 1	1	7500.029	7500.235	0.206	58.7	925.7	867.0	160.0	AU-BS02b-131029-030000.wav	
371	Spectrogram 1	1	7816.606	7816.771	0.165	38.0	1181.3	1143.4	208.0	AU-BS02b-131029-031000.wav	start pattern - skipped two
372	Spectrogram 1	1	7817.018	7817.307	0.289	51.8	687.4	635.6	128.0	AU-BS02b-131029-031000.wav	
373	Spectrogram 1	1	7826.255	7826.420	0.165	51.8	1989.6	1937.8	256.0	AU-BS02b-131029-031000.wav	
374	Spectrogram 1	1	7826.750	7826.998	0.247	58.7	1654.6	1595.9	112.0	AU-BS02b-131029-031000.wav	
375	Spectrogram 1	1	7831.328	7831.575	0.247	27.6	1989.6	1962.0	128.0	AU-BS02b-131029-031000.wav	
376	Spectrogram 1	1	7831.864	7832.111	0.247	41.5	1091.5	1050.1	144.0	AU-BS02b-131029-031000.wav	
377	Spectrogram 1	1	7836.482	7836.688	0.206	58.7	1989.6	1930.9	288.0	AU-BS02b-131029-031000.wav	
378	Spectrogram 1	1	7836.977	7837.183	0.206	55.3	1989.6	1934.4	64.0	AU-BS02b-131029-031000.wav	
379	Spectrogram 1	1	7841.596	7841.761	0.165	55.3	1996.5	1941.3	944.0	AU-BS02b-131029-031000.wav	
380	Spectrogram 1	1	7842.091	7842.297	0.206	48.4	1582.0	1533.7	144.0	AU-BS02b-131029-031000.wav	
381	Spectrogram 1	1	7846.730	7846.895	0.165	62.2	1989.6	1927.5	304.0	AU-BS02b-131029-031000.wav	
382	Spectrogram 1	1	7847.183	7847.389	0.206	62.2	984.5	922.3	272.0	AU-BS02b-131029-031000.wav	
383	Spectrogram 1	1	7851.884	7852.049	0.165	62.2	1568.2	1506.0	208.0	AU-BS02b-131029-031000.wav	
384	Spectrogram 1	1	7852.338	7852.503	0.165	44.9	1091.5	1046.6	64.0	AU-BS02b-131029-031000.wav	
385	Spectrogram 1	1	7856.998	7857.204	0.206	38.0	1057.0	1019.0	272.0	AU-BS02b-131029-031000.wav	
386	Spectrogram 1	1	7857.575	7857.781	0.206	41.5	1019.0	977.5	288.0	AU-BS02b-131029-031000.wav	
387	Spectrogram 1	1	8809.307	8809.472	0.165	27.6	1989.6	1962.0	80.0	AU-BS02b-131029-032000.wav	start pattern - skipped a few
388	Spectrogram 1	1	8809.761	8809.926	0.165	34.5	1623.5	1588.9	96.0	AU-BS02b-131029-032000.wav	
389	Spectrogram 1	1	8819.101	8819.348	0.247	65.6	1993.1	1927.5	80.0	AU-BS02b-131029-032000.wav	
390	Spectrogram 1	1	8819.637	8819.802	0.165	51.8	1989.6	1937.8	80.0	AU-BS02b-131029-032000.wav	
391	Spectrogram 1	1	8824.214	8824.420	0.206	38.0	1993.1	1955.1	944.0	AU-BS02b-131029-032000.wav	
392	Spectrogram 1	1	8824.709	8824.874	0.165	41.5	1868.7	1827.3	128.0	AU-BS02b-131029-032000.wav	
393	Spectrogram 1	1	8829.369	8829.534	0.165	41.5	1993.1	1951.6	240.0	AU-BS02b-131029-032000.wav	
394	Spectrogram 1	1	8829.905	8830.111	0.206	31.1	1457.7	1426.6	48.0	AU-BS02b-131029-032000.wav	
395	Spectrogram 1	1	8834.482	8834.647	0.165	55.3	1993.1	1937.8	448.0	AU-BS02b-131029-032000.wav	
396	Spectrogram 1	1	8834.977	8835.183	0.206	58.7	1012.1	953.4	112.0	AU-BS02b-131029-032000.wav	
397	Spectrogram 1	1	8839.678	8839.884	0.206	65.6	1585.5	1519.9	256.0	AU-BS02b-131029-032000.wav	
398	Spectrogram 1	1	8840.132	8840.297	0.165	62.2	1126.1	1063.9	64.0	AU-BS02b-131029-032000.wav	
399	Spectrogram 1	1	8844.792	8844.956	0.165	34.5	1305.7	1271.2	224.0	AU-BS02b-131029-032000.wav	
400	Spectrogram 1	1	8845.204	8845.410	0.206	41.5	1091.5	1050.1	128.0	AU-BS02b-131029-032000.wav	
401	Spectrogram 1	1	8849.864	8850.070	0.206	69.1	1153.7	1084.6	240.0	AU-BS02b-131029-032000.wav	
402	Spectrogram 1	1	8850.400	8850.606	0.206	72.5	1067.4	994.8	224.0	AU-BS02b-131029-032000.wav	
