Selection	View	Channel	Begin File	Begin Time (s)	End Time (s)	Delta Time (s)	Low Freq (Hz)	High Freq (Hz)	Delta Freq (Hz)	Peak Freq (Hz)	Notes
1	Spectrogram 1	1	AU-BS04b-140817-040000.wav	657.732	657.938	0.206	41.9	551.6	509.7	96.0	start pattern D
2	Spectrogram 1	1	AU-BS04b-140817-040000.wav	658.186	658.392	0.206	32.3	503.2	471.0	48.0	
3	Spectrogram 1	1	AU-BS04b-140817-040000.wav	667.175	667.381	0.206	35.5	548.4	512.9	48.0	
4	Spectrogram 1	1	AU-BS04b-140817-040000.wav	667.629	667.876	0.247	38.7	541.9	503.2	192.0	
5	Spectrogram 1	1	AU-BS04b-140817-040000.wav	672.165	672.371	0.206	51.6	500.0	448.4	240.0	
6	Spectrogram 1	1	AU-BS04b-140817-040000.wav	672.577	672.784	0.206	41.9	509.7	467.7	48.0	
7	Spectrogram 1	1	AU-BS04b-140817-040000.wav	677.031	677.278	0.247	41.9	571.0	529.0	160.0	
8	Spectrogram 1	1	AU-BS04b-140817-040000.wav	677.588	677.794	0.206	50.0	582.3	532.3	256.0	
9	Spectrogram 1	1	AU-BS04b-140817-040000.wav	682.062	682.309	0.247	45.2	596.8	551.6	144.0	
10	Spectrogram 1	1	AU-BS04b-140817-040000.wav	682.557	682.763	0.206	38.7	603.2	564.5	128.0	
11	Spectrogram 1	1	AU-BS04b-140817-040000.wav	687.093	687.258	0.165	38.7	490.3	451.6	64.0	
12	Spectrogram 1	1	AU-BS04b-140817-040000.wav	687.546	687.794	0.247	41.9	490.3	448.4	48.0	
13	Spectrogram 1	1	AU-BS04b-140817-040000.wav	692.062	692.268	0.206	53.2	475.8	422.6	144.0	
14	Spectrogram 1	1	AU-BS04b-140817-040000.wav	692.536	692.825	0.289	41.9	474.2	432.3	160.0	
15	Spectrogram 1	1	AU-BS04b-140817-040000.wav	697.031	697.237	0.206	58.1	532.3	474.2	64.0	
16	Spectrogram 1	1	AU-BS04b-140817-040000.wav	697.567	697.773	0.206	61.3	541.9	480.6	160.0	
17	Spectrogram 1	1	AU-BS04b-140817-040000.wav	926.206	926.412	0.206	45.2	496.8	451.6	48.0	start pattern
18	Spectrogram 1	1	AU-BS04b-140817-040000.wav	926.660	926.948	0.289	35.5	509.7	474.2	48.0	
19	Spectrogram 1	1	AU-BS04b-140817-040000.wav	935.567	935.773	0.206	32.3	503.2	471.0	48.0	
20	Spectrogram 1	1	AU-BS04b-140817-040000.wav	936.062	936.268	0.206	35.5	519.4	483.9	80.0	
21	Spectrogram 1	1	AU-BS04b-140817-040000.wav	940.515	940.722	0.206	48.4	480.6	432.3	224.0	
22	Spectrogram 1	1	AU-BS04b-140817-040000.wav	941.010	941.258	0.247	43.5	472.6	429.0	96.0	
23	Spectrogram 1	1	AU-BS04b-140817-040000.wav	945.464	945.670	0.206	51.6	487.1	435.5	64.0	
24	Spectrogram 1	1	AU-BS04b-140817-040000.wav	945.959	946.206	0.247	54.8	496.8	441.9	64.0	
25	Spectrogram 1	1	AU-BS04b-140817-040000.wav	950.536	950.784	0.247	48.4	454.8	406.5	128.0	
26	Spectrogram 1	1	AU-BS04b-140817-040000.wav	951.031	951.278	0.247	51.6	454.8	403.2	160.0	
27	Spectrogram 1	1	AU-BS04b-140817-040000.wav	955.567	955.773	0.206	51.6	509.7	458.1	128.0	
28	Spectrogram 1	1	AU-BS04b-140817-040000.wav	956.103	956.309	0.206	54.8	512.9	458.1	176.0	
29	Spectrogram 1	1	AU-BS04b-140817-040000.wav	960.289	960.577	0.289	53.2	553.2	500.0	224.0	
30	Spectrogram 1	1	AU-BS04b-140817-040000.wav	960.887	961.134	0.247	54.8	551.6	496.8	272.0	
31	Spectrogram 1	1	AU-BS04b-140817-041000.wav	1216.247	1216.454	0.206	48.4	483.9	435.5	256.0	
32	Spectrogram 1	1	AU-BS04b-140817-041000.wav	1216.742	1216.948	0.206	35.5	490.3	454.8	176.0	
33	Spectrogram 1	1	AU-BS04b-140817-041000.wav	1225.485	1225.773	0.289	41.9	529.0	487.1	240.0	
34	Spectrogram 1	1	AU-BS04b-140817-041000.wav	1226.021	1226.309	0.289	51.6	532.3	480.6	96.0	
35	Spectrogram 1	1	AU-BS04b-140817-041000.wav	1230.557	1230.804	0.247	35.5	577.4	541.9	64.0	
36	Spectrogram 1	1	AU-BS04b-140817-041000.wav	1231.093	1231.381	0.289	38.7	580.6	541.9	96.0	
37	Spectrogram 1	1	AU-BS04b-140817-041000.wav	1235.546	1235.753	0.206	38.7	561.3	522.6	64.0	
38	Spectrogram 1	1	AU-BS04b-140817-041000.wav	1236.041	1236.371	0.330	45.2	561.3	516.1	112.0	
39	Spectrogram 1	1	AU-BS04b-140817-041000.wav	1240.577	1240.825	0.247	41.9	577.4	535.5	208.0	
40	Spectrogram 1	1	AU-BS04b-140817-041000.wav	1241.031	1241.278	0.247	45.2	574.2	529.0	112.0	
41	Spectrogram 1	1	AU-BS04b-140817-041000.wav	1245.608	1245.814	0.206	54.8	603.2	548.4	128.0	
42	Spectrogram 1	1	AU-BS04b-140817-041000.wav	1246.021	1246.309	0.289	54.8	609.7	554.8	80.0	
43	Spectrogram 1	1	AU-BS04b-140817-041000.wav	1767.545	1767.834	0.289	41.9	661.3	619.4	96.0	start pattern
44	Spectrogram 1	1	AU-BS04b-140817-041000.wav	1768.040	1768.246	0.206	41.9	664.5	622.6	64.0	
45	Spectrogram 1	1	AU-BS04b-140817-041000.wav	1776.823	1777.071	0.247	58.1	629.0	571.0	208.0	
46	Spectrogram 1	1	AU-BS04b-140817-041000.wav	1777.277	1777.565	0.289	54.8	648.4	593.5	160.0	
47	Spectrogram 1	1	AU-BS04b-140817-041000.wav	1781.772	1781.978	0.206	64.5	548.4	483.9	208.0	
48	Spectrogram 1	1	AU-BS04b-140817-041000.wav	1782.267	1782.431	0.165	64.5	558.1	493.5	80.0	
49	Spectrogram 1	1	AU-BS04b-140817-041000.wav	1786.761	1786.968	0.206	77.4	493.5	416.1	208.0	
50	Spectrogram 1	1	AU-BS04b-140817-041000.wav	1787.215	1787.462	0.247	80.6	503.2	422.6	192.0	
51	Spectrogram 1	1	AU-BS04b-140817-041000.wav	1791.586	1791.792	0.206	58.1	506.5	448.4	208.0	
52	Spectrogram 1	1	AU-BS04b-140817-041000.wav	1792.040	1792.411	0.371	58.1	516.1	458.1	112.0	
53	Spectrogram 1	1	AU-BS04b-140817-041000.wav	1796.452	1796.700	0.247	71.0	564.5	493.5	208.0	
54	Spectrogram 1	1	AU-BS04b-140817-041000.wav	1796.864	1797.112	0.247	71.0	571.0	500.0	128.0	
