Selection	View	Channel	Begin File	Begin Time (s)	End Time (s)	Delta Time (s)	Low Freq (Hz)	High Freq (Hz)	Delta Freq (Hz)	Peak Freq (Hz)	Notes
1	Spectrogram 1	1	AU-BS02a-090829-000057.wav	116.855914186	117.533878908	0.678	43.2	207.0	163.7	48.0	start pattern C
2	Spectrogram 1	1	AU-BS02a-090829-000057.wav	119.652518666	120.288110593	0.636	30.9	207.0	176.1	32.0	
3	Spectrogram 1	1	AU-BS02a-090829-000057.wav	122.364377555	122.957596687	0.593	55.6	210.1	154.4	56.0	
4	Spectrogram 1	1	AU-BS02a-090829-000057.wav	125.160982035	125.796573962	0.636	30.9	225.5	194.6	32.0	
5	Spectrogram 1	1	AU-BS02a-090829-000057.wav	127.999959310	128.466060057	0.466	24.7	207.0	182.3	32.0	
6	Spectrogram 1	1	AU-BS02a-090829-000057.wav	130.584699814	131.177918946	0.593	52.5	231.7	179.2	72.0	
7	Spectrogram 1	1	AU-BS02a-090829-000057.wav	133.805032245	134.482996968	0.678	55.6	213.1	157.5	56.0	
8	Spectrogram 1	1	AU-BS02a-090829-000057.wav	148.169409800	148.338900981	0.169	68.0	1689.7	1621.7	480.0	start gs
9	Spectrogram 1	1	AU-BS02a-090829-000057.wav	152.152452544	152.321943725	0.169	68.0	1575.4	1507.4	72.0	
10	Spectrogram 1	1	AU-BS02a-090829-000057.wav	155.966004108	156.135495288	0.169	64.9	1782.3	1717.5	1008.0	
11	Spectrogram 1	1	AU-BS02a-090829-000057.wav	159.864301261	160.033792442	0.169	49.4	1708.2	1658.8	144.0	
12	Spectrogram 1	1	AU-BS02a-090829-000057.wav	163.593107234	163.762598415	0.169	58.7	1668.1	1609.4	104.0	
13	Spectrogram 1	1	AU-BS02a-090829-000057.wav	167.402531381	167.614395357	0.212	47.9	1595.5	1547.6	128.0	
14	Spectrogram 1	1	AU-BS02a-090829-000057.wav	171.237269342	171.449133318	0.212	52.5	2017.1	1964.6	120.0	
15	Spectrogram 1	1	AU-BS02a-090829-000057.wav	175.093193701	175.305057676	0.212	64.9	1936.8	1871.9	96.0	
16	Spectrogram 1	1	AU-BS02a-090829-000057.wav	178.991490854	179.203354830	0.212	58.7	1970.8	1912.1	120.0	
17	Spectrogram 1	1	AU-BS02a-090829-000057.wav	182.805042418	183.016906393	0.212	46.3	2035.6	1989.3	48.0	
18	Spectrogram 1	1	AU-BS02a-090829-000057.wav	186.745712366	186.957576342	0.212	55.6	1868.8	1813.2	112.0	
19	Spectrogram 1	1	AU-BS02a-090829-000057.wav	190.601636725	190.813500701	0.212	52.5	1340.6	1288.1	96.0	
20	Spectrogram 1	1	AU-BS02a-090829-000057.wav	194.372815493	194.584679469	0.212	71.0	1207.8	1136.7	104.0	
21	Spectrogram 1	1	AU-BS02a-090829-000057.wav	198.313485442	198.525349418	0.212	58.7	1343.7	1285.0	96.0	
22	Spectrogram 1	1	AU-BS02a-090829-000057.wav	202.296528186	202.508392162	0.212	52.5	868.0	815.5	152.0	
23	Spectrogram 1	1	AU-BS02a-090829-000057.wav	206.194825339	206.321943725	0.127	43.2	1334.4	1291.2	104.0	
24	Spectrogram 1	1	AU-BS02a-090829-000057.wav	210.177868083	210.389732059	0.212	40.2	2032.6	1992.4	88.0	
25	Spectrogram 1	1	AU-BS02a-090829-000057.wav	214.288029213	214.499893188	0.212	24.7	2032.6	2007.8	32.0	
26	Spectrogram 1	1	AU-BS02a-090829-000057.wav	218.440563137	218.610054318	0.169	55.6	2032.6	1977.0	104.0	
27	Spectrogram 1	1	AU-BS02a-090829-000057.wav	222.525410453	222.737274429	0.212	58.7	2038.7	1980.0	568.0	
28	Spectrogram 1	1	AU-BS02a-090829-000057.wav	226.889808353	227.101672329	0.212	74.1	2041.8	1967.7	624.0	end pattern
29	Spectrogram 1	1	AU-BS02a-090829-000057.wav	572.923661830	573.474508167	0.551	37.1	225.5	188.4	40.0	start pattenr
30	Spectrogram 1	1	AU-BS02a-090829-000057.wav	575.593147924	576.059248671	0.466	40.2	222.4	182.3	56.0	
31	Spectrogram 1	1	AU-BS02a-090829-000057.wav	578.220261224	578.855853151	0.636	27.8	231.7	203.9	32.0	
32	Spectrogram 1	1	AU-BS02a-090829-000057.wav	580.932120113	581.525339245	0.593	37.1	219.3	182.3	48.0	
33	Spectrogram 1	1	AU-BS02a-090829-000057.wav	583.601606207	584.194825339	0.593	21.6	237.9	216.2	32.0	
34	Spectrogram 1	1	AU-BS02a-090829-000057.wav	586.313465097	586.906684229	0.593	30.9	228.6	197.7	32.0	
35	Spectrogram 1	1	AU-BS02a-090829-000057.wav	589.321933552	589.915152684	0.593	40.2	219.3	179.2	48.0	
36	Spectrogram 1	1	AU-BS02a-090829-000057.wav	592.076165237	592.669384369	0.593	40.2	228.6	188.4	48.0	
37	Spectrogram 1	1	AU-BS02a-090829-000057.wav	612.220301914	612.432165889	0.212	43.2	1368.4	1325.2	136.0	start gs
38	Spectrogram 1	1	AU-BS02a-090829-000057.wav	615.991480682	616.203344658	0.212	80.3	1668.1	1587.7	160.0	
40	Spectrogram 1	1	AU-BS02a-090829-000057.wav	619.847405040	620.059269016	0.212	92.7	1538.3	1445.6	264.0	
41	Spectrogram 1	1	AU-BS02a-090829-000057.wav	623.639770206	623.851634182	0.212	44.8	980.8	936.0	176.0	
42	Spectrogram 1	1	AU-BS02a-090829-000057.wav	627.474508167	627.686372143	0.212	49.4	1998.6	1949.2	136.0	
43	Spectrogram 1	1	AU-BS02a-090829-000057.wav	631.330432525	631.499923706	0.169	58.7	2007.8	1949.2	64.0	
44	Spectrogram 1	1	AU-BS02a-090829-000057.wav	635.143984089	635.398220860	0.254	71.0	1980.0	1909.0	120.0	
45	Spectrogram 1	1	AU-BS02a-090829-000057.wav	638.999908447	639.169399628	0.169	49.4	2032.6	1983.1	112.0	
46	Spectrogram 1	1	AU-BS02a-090829-001200.wav	642.898205601	643.152442372	0.254	46.3	2026.4	1980.0	80.0	
47	Spectrogram 1	1	AU-BS02a-090829-001200.wav	647.008366730	647.220230706	0.212	61.8	2020.2	1958.4	72.0	end pattern
48	Spectrogram 1	1	AU-BS02a-090829-001200.wav	889.677913860	890.186387402	0.508	58.7	219.3	160.6	64.0	start pattern
49	Spectrogram 1	1	AU-BS02a-090829-001200.wav	891.754180822	892.389772749	0.636	34.0	222.4	188.4	40.0	
50	Spectrogram 1	1	AU-BS02a-090829-001200.wav	894.550785302	895.144004434	0.593	47.9	230.1	182.3	48.0	
51	Spectrogram 1	1	AU-BS02a-090829-001200.wav	897.813490528	898.449082455	0.636	58.7	207.0	148.3	64.0	
54	Spectrogram 1	1	AU-BS02a-090829-001200.wav	900.652467803	901.203314140	0.551	68.0	203.9	135.9	72.0	
55	Spectrogram 1	1	AU-BS02a-090829-001200.wav	903.449072283	904.127037005	0.678	32.4	220.9	188.4	40.0	
56	Spectrogram 1	1	AU-BS02a-090829-001200.wav	906.372795148	906.966014280	0.593	37.1	213.1	176.1	40.0	
57	Spectrogram 1	1	AU-BS02a-090829-001200.wav	909.635500374	910.271092302	0.636	30.9	213.1	182.3	32.0	
58	Spectrogram 1	1	AU-BS02a-090829-001200.wav	912.622782432	913.088883179	0.466	49.4	203.9	154.4	56.0	
59	Spectrogram 1	1	AU-BS02a-090829-001200.wav	937.152503407	937.321994588	0.169	68.0	1563.0	1495.1	464.0	start gs
60	Spectrogram 1	1	AU-BS02a-090829-001200.wav	940.987241368	941.199105344	0.212	46.3	1671.1	1624.8	56.0	
61	Spectrogram 1	1	AU-BS02a-090829-001200.wav	944.821979329	945.033843304	0.212	71.0	1631.0	1559.9	72.0	
62	Spectrogram 1	1	AU-BS02a-090829-001200.wav	948.635530892	948.805022073	0.169	80.3	1538.3	1458.0	336.0	
63	Spectrogram 1	1	AU-BS02a-090829-001200.wav	952.300777672	952.512641648	0.212	61.8	772.2	710.5	144.0	
64	Spectrogram 1	1	AU-BS02a-090829-001200.wav	956.135515633	956.305006814	0.169	95.8	1615.5	1519.8	192.0	
65	Spectrogram 1	1	AU-BS02a-090829-001200.wav	959.991439992	960.203303967	0.212	40.2	1986.2	1946.1	408.0	
66	Spectrogram 1	1	AU-BS02a-090829-001200.wav	963.762618760	963.932109941	0.169	68.0	1439.5	1371.5	416.0	
67	Spectrogram 1	1	AU-BS02a-090829-001200.wav	967.576170323	967.745661504	0.169	58.7	1689.7	1631.0	112.0	
68	Spectrogram 1	1	AU-BS02a-090829-001200.wav	971.474467477	971.643958657	0.169	58.7	1949.2	1890.5	80.0	
69	Spectrogram 1	1	AU-BS02a-090829-001200.wav	975.288019040	975.457510221	0.169	61.8	1420.9	1359.2	88.0	
70	Spectrogram 1	1	AU-BS02a-090829-001200.wav	979.161002380	979.372866356	0.212	46.3	929.8	883.5	48.0	
71	Spectrogram 1	1	AU-BS02a-090829-001200.wav	983.059299534	983.228790714	0.169	30.9	1044.1	1013.2	88.0	end pattern
72	Spectrogram 1	1	AU-BS02a-090829-002302.wav	1278.652467803	1279.245686935	0.593	43.2	231.7	188.4	56.0	start pattern
73	Spectrogram 1	1	AU-BS02a-090829-002302.wav	1281.321953897	1281.872800234	0.551	40.2	274.9	234.8	48.0	
74	Spectrogram 1	1	AU-BS02a-090829-002302.wav	1283.737203221	1284.415167943	0.678	37.1	274.9	237.9	40.0	
75	Spectrogram 1	1	AU-BS02a-090829-002302.wav	1286.321943725	1286.830417267	0.508	49.4	259.5	210.1	56.0	
76	Spectrogram 1	1	AU-BS02a-090829-002302.wav	1288.906684229	1289.415157771	0.508	54.1	273.4	219.3	56.0	
77	Spectrogram 1	1	AU-BS02a-090829-002302.wav	1291.321933552	1291.872779889	0.551	55.6	250.2	194.6	56.0	
78	Spectrogram 1	1	AU-BS02a-090829-002302.wav	1293.779555671	1294.245656418	0.466	46.3	250.2	203.9	56.0	
79	Spectrogram 1	1	AU-BS02a-090829-002302.wav	1295.855822633	1296.406668970	0.551	52.5	265.7	213.1	56.0	
80	Spectrogram 1	1	AU-BS02a-090829-002302.wav	1309.177939291	1309.389803267	0.212	71.0	864.9	793.9	72.0	start gs
81	Spectrogram 1	1	AU-BS02a-090829-002302.wav	1312.991490854	1313.160982035	0.169	61.8	1578.5	1516.7	264.0	
82	Spectrogram 1	1	AU-BS02a-090829-002302.wav	1316.720296827	1316.889788008	0.169	43.2	2035.6	1992.4	232.0	
83	Spectrogram 1	1	AU-BS02a-090829-002302.wav	1320.533848391	1320.745712366	0.212	71.0	1995.5	1924.4	128.0	
84	Spectrogram 1	1	AU-BS02a-090829-002302.wav	1324.347399954	1324.516891135	0.169	49.4	2014.0	1964.6	112.0	
85	Spectrogram 1	1	AU-BS02a-090829-002302.wav	1328.160951517	1328.372815493	0.212	43.2	2017.1	1973.9	104.0	
86	Spectrogram 1	1	AU-BS02a-090829-002302.wav	1331.974503081	1332.186367056	0.212	61.8	2014.0	1952.2	120.0	
87	Spectrogram 1	1	AU-BS02a-090829-002302.wav	1335.872800234	1336.084664210	0.212	46.3	2010.9	1964.6	48.0	
88	Spectrogram 1	1	AU-BS02a-090829-002302.wav	1339.643979003	1339.813470183	0.169	30.9	1970.8	1939.9	88.0	
89	Spectrogram 1	1	AU-BS02a-090829-002302.wav	1343.542276156	1343.754140132	0.212	52.5	1139.8	1087.3	56.0	
90	Spectrogram 1	1	AU-BS02a-090829-002302.wav	1347.355827719	1347.525318900	0.169	46.3	1797.8	1751.5	48.0	
91	Spectrogram 1	1	AU-BS02a-090829-002302.wav	1351.084633693	1351.254124873	0.169	52.5	1621.7	1569.2	80.0	
92	Spectrogram 1	1	AU-BS02a-090829-002302.wav	1354.809312249	1355.021176225	0.212	63.3	2024.8	1961.5	72.0	
93	Spectrogram 1	1	AU-BS02a-090829-002302.wav	1358.855914186	1359.067778162	0.212	27.8	2014.0	1986.2	32.0	
94	Spectrogram 1	1	AU-BS02a-090829-002302.wav	1362.754211340	1363.008448110	0.254	38.6	1975.4	1936.8	40.0	
95	Spectrogram 1	1	AU-BS02a-090829-002302.wav	1366.821999674	1367.076236445	0.254	40.2	1946.1	1905.9	48.0	end main phrase
96	Spectrogram 1	1	AU-BS02a-090829-002302.wav	1382.076205927	1382.288069903	0.212	61.8	1797.8	1736.0	88.0	terminal phrase
97	Spectrogram 1	1	AU-BS02a-090829-002302.wav	1386.101621466	1386.271112647	0.169	58.7	2017.1	1958.4	352.0	
98	Spectrogram 1	1	AU-BS02a-090829-002302.wav	1390.254155391	1390.466019366	0.212	68.0	1791.6	1723.7	72.0	
99	Spectrogram 1	1	AU-BS02a-090829-002302.wav	1394.364316520	1394.576180496	0.212	74.1	2017.1	1943.0	240.0	
100	Spectrogram 1	1	AU-BS02a-090829-002302.wav	1398.432104854	1398.643968830	0.212	71.0	2029.5	1958.4	96.0	end pattern
101	Spectrogram 1	1	AU-BS02a-090829-002302.wav	1653.389762577	1653.982981709	0.593	58.7	216.2	157.5	64.0	start pattern
102	Spectrogram 1	1	AU-BS02a-090829-002302.wav	1656.779586189	1657.415178116	0.636	55.6	225.5	169.9	56.0	
103	Spectrogram 1	1	AU-BS02a-090829-002302.wav	1659.745681849	1660.296528186	0.551	34.0	219.3	185.3	40.0	
104	Spectrogram 1	1	AU-BS02a-090829-002302.wav	1662.881268690	1663.432115027	0.551	49.4	244.0	194.6	56.0	
105	Spectrogram 1	1	AU-BS02a-090829-002302.wav	1665.338890808	1665.847364350	0.508	40.2	234.8	194.6	48.0	
106	Spectrogram 1	1	AU-BS02a-090829-002302.wav	1668.262613674	1668.855832806	0.593	40.2	244.0	203.9	56.0	
107	Spectrogram 1	1	AU-BS02a-090829-002302.wav	1671.016845358	1671.440573310	0.424	40.2	244.0	203.9	48.0	
108	Spectrogram 1	1	AU-BS02a-090829-002302.wav	1673.643958657	1674.279550585	0.636	40.2	250.2	210.1	48.0	
109	Spectrogram 1	1	AU-BS02a-090829-002302.wav	1676.525308728	1677.203273450	0.678	61.8	265.7	203.9	72.0	
110	Spectrogram 1	1	AU-BS02a-090829-002302.wav	1679.466090574	1679.974564116	0.508	55.6	253.3	197.7	56.0	
111	Spectrogram 1	1	AU-BS02a-090829-002302.wav	1696.690631802	1696.902495778	0.212	69.5	1944.5	1875.0	80.0	start gs
112	Spectrogram 1	1	AU-BS02a-090829-002302.wav	1700.652488148	1700.864352124	0.212	55.6	2017.1	1961.5	56.0	
113	Spectrogram 1	1	AU-BS02a-090829-002302.wav	1704.466039711	1704.677903687	0.212	77.2	1998.6	1921.4	88.0	
114	Spectrogram 1	1	AU-BS02a-090829-002302.wav	1708.279591275	1708.491455251	0.212	77.2	1973.9	1896.6	104.0	
115	Spectrogram 1	1	AU-BS02a-090829-002302.wav	1712.050770043	1712.262634019	0.212	43.2	2014.0	1970.8	400.0	
116	Spectrogram 1	1	AU-BS02a-090829-002302.wav	1715.737203221	1715.949067197	0.212	58.7	2029.5	1970.8	64.0	
117	Spectrogram 1	1	AU-BS02a-090829-002302.wav	1719.593127579	1719.804991555	0.212	71.0	2023.3	1952.2	808.0	
118	Spectrogram 1	1	AU-BS02a-090829-002302.wav	1723.406679143	1723.618543118	0.212	43.2	2041.8	1998.6	80.0	
119	Spectrogram 1	1	AU-BS02a-090829-002302.wav	1727.220230706	1727.432094682	0.212	61.8	1995.5	1933.7	544.0	
120	Spectrogram 1	1	AU-BS02a-090829-002302.wav	1731.008468456	1731.177959636	0.169	55.6	1859.6	1804.0	56.0	
121	Spectrogram 1	1	AU-BS02a-090829-002302.wav	1734.906765609	1735.161002380	0.254	64.9	1952.2	1887.4	80.0	
122	Spectrogram 1	1	AU-BS02a-090829-002302.wav	1738.635571582	1738.847435558	0.212	52.5	1992.4	1939.9	80.0	
123	Spectrogram 1	1	AU-BS02a-090829-002302.wav	1742.406750350	1742.660987121	0.254	68.0	1254.1	1186.2	88.0	end pattern
124	Spectrogram 1	1	AU-BS02a-090829-003405.wav	2313.254145218	2313.635500374	0.381	55.6	228.6	173.0	64.0	start pattern
125	Spectrogram 1	1	AU-BS02a-090829-003405.wav	2315.796512927	2316.304986469	0.508	34.0	228.6	194.6	40.0	
126	Spectrogram 1	1	AU-BS02a-090829-003405.wav	2318.550744612	2319.101590949	0.551	37.1	219.3	182.3	40.0	
127	Spectrogram 1	1	AU-BS02a-090829-003405.wav	2321.474467477	2322.152432199	0.678	43.2	216.2	173.0	48.0	
128	Spectrogram 1	1	AU-BS02a-090829-003405.wav	2324.143953571	2324.610054318	0.466	18.5	222.4	203.9	32.0	
129	Spectrogram 1	1	AU-BS02a-090829-003405.wav	2326.474457304	2327.025303641	0.551	40.2	234.8	194.6	48.0	
130	Spectrogram 1	1	AU-BS02a-090829-003405.wav	2329.161002380	2329.711848717	0.551	43.2	231.7	188.4	48.0	
131	Spectrogram 1	1	AU-BS02a-090829-003405.wav	2331.788115679	2332.296589221	0.508	40.2	271.8	231.7	48.0	
132	Spectrogram 1	1	AU-BS02a-090829-003405.wav	2334.796584135	2335.389803267	0.593	43.2	247.1	203.9	48.0	
133	Spectrogram 1	1	AU-BS02a-090829-003405.wav	2337.932170976	2338.525390108	0.593	52.5	253.3	200.8	56.0	
134	Spectrogram 1	1	AU-BS02a-090829-003405.wav	2357.169419973	2357.381283949	0.212	83.4	2017.1	1933.7	168.0	start gs
135	Spectrogram 1	1	AU-BS02a-090829-003405.wav	2360.982971536	2361.194835512	0.212	64.9	2001.7	1936.8	96.0	
136	Spectrogram 1	1	AU-BS02a-090829-003405.wav	2364.754150304	2364.966014280	0.212	61.8	1946.1	1884.3	64.0	
137	Spectrogram 1	1	AU-BS02a-090829-003405.wav	2368.567701868	2368.821938639	0.254	61.8	1686.6	1624.8	376.0	
138	Spectrogram 1	1	AU-BS02a-090829-003405.wav	2372.423626226	2372.635490202	0.212	68.0	1952.2	1884.3	136.0	
139	Spectrogram 1	1	AU-BS02a-090829-003405.wav	2376.279550585	2376.491414560	0.212	52.5	1970.8	1918.3	56.0	
140	Spectrogram 1	1	AU-BS02a-090829-003405.wav	2380.177847738	2380.389711714	0.212	61.8	2014.0	1952.2	136.0	
141	Spectrogram 1	1	AU-BS02a-090829-003405.wav	2384.135576668	2384.347440644	0.212	74.1	1930.6	1856.5	120.0	
142	Spectrogram 1	1	AU-BS02a-090829-003405.wav	2388.033873822	2388.245737798	0.212	61.8	2023.3	1961.5	104.0	
143	Spectrogram 1	1	AU-BS02a-090829-003405.wav	2392.016916566	2392.228780542	0.212	46.3	1634.1	1587.7	104.0	
144	Spectrogram 1	1	AU-BS02a-090829-003405.wav	2395.788095334	2396.042332105	0.254	58.7	1773.1	1714.4	96.0	
145	Spectrogram 1	1	AU-BS02a-090829-003405.wav	2399.559274102	2399.813510873	0.254	40.2	2023.3	1983.1	80.0	
146	Spectrogram 1	1	AU-BS02a-090829-003405.wav	2403.499944051	2403.754180822	0.254	27.8	1535.2	1507.4	32.0	
147	Spectrogram 1	1	AU-BS02a-090829-003405.wav	2407.355868410	2407.610105180	0.254	58.7	1884.3	1825.6	64.0	
148	Spectrogram 1	1	AU-BS02a-090829-003405.wav	2411.508402334	2411.762639105	0.254	43.2	1773.1	1729.8	72.0	
149	Spectrogram 1	1	AU-BS02a-090829-003405.wav	2415.533817873	2415.703309054	0.169	40.2	1909.0	1868.8	72.0	
150	Spectrogram 1	1	AU-BS02a-090829-003405.wav	2419.516860617	2419.728724593	0.212	71.0	1905.9	1834.9	72.0	end main phrase
151	Spectrogram 1	1	AU-BS02a-090829-003405.wav	2457.987180290	2458.241417060	0.254	74.1	1442.6	1368.4	80.0	terminal phrase
152	Spectrogram 1	1	AU-BS02a-090829-003405.wav	2462.139714214	2462.351578190	0.212	61.8	1977.0	1915.2	96.0	
153	Spectrogram 1	1	AU-BS02a-090829-003405.wav	2466.419366524	2466.631230500	0.212	55.6	2014.0	1958.4	56.0	
154	Spectrogram 1	1	AU-BS02a-090829-003405.wav	2470.826137219	2471.080373990	0.254	37.1	2017.1	1980.0	40.0	
155	Spectrogram 1	1	AU-BS02a-090829-003405.wav	2474.893925554	2475.105789529	0.212	61.8	2023.3	1961.5	88.0	
156	Spectrogram 1	1	AU-BS02a-090829-003405.wav	2496.037950333	2496.249814308	0.212	43.2	2017.1	1973.9	224.0	
157	Spectrogram 1	1	AU-BS02a-090829-003405.wav	2500.020993076	2500.232857052	0.212	55.6	1958.4	1902.8	64.0	end pattern
158	Spectrogram 1	1	AU-BS02a-090829-004508.wav	2686.910882810	2687.461729147	0.551	37.1	210.1	173.0	40.0	start pattern
159	Spectrogram 1	1	AU-BS02a-090829-004508.wav	2689.749860085	2690.427824807	0.678	24.7	216.2	191.5	32.0	
160	Spectrogram 1	1	AU-BS02a-090829-004508.wav	2692.970192516	2693.436293263	0.466	40.2	207.0	166.8	48.0	
161	Spectrogram 1	1	AU-BS02a-090829-004508.wav	2695.639678610	2696.105779357	0.466	40.2	213.1	173.0	56.0	
162	Spectrogram 1	1	AU-BS02a-090829-004508.wav	2698.182046319	2698.775265451	0.593	24.7	228.6	203.9	32.0	
163	Spectrogram 1	1	AU-BS02a-090829-004508.wav	2700.936278004	2701.487124341	0.551	40.2	213.1	173.0	48.0	
164	Spectrogram 1	1	AU-BS02a-090829-004508.wav	2703.521018508	2704.029492050	0.508	40.2	219.3	179.2	56.0	
165	Spectrogram 1	1	AU-BS02a-090829-004508.wav	2706.105759012	2706.698978144	0.593	49.4	240.9	191.5	56.0	
166	Spectrogram 1	1	AU-BS02a-090829-004508.wav	2719.470248465	2719.724485236	0.254	61.8	2004.8	1943.0	464.0	start gs
167	Spectrogram 1	1	AU-BS02a-090829-004508.wav	2723.368545618	2723.580409594	0.212	80.3	1998.6	1918.3	296.0	
168	Spectrogram 1	1	AU-BS02a-090829-004508.wav	2727.139724387	2727.351588362	0.212	74.1	2014.0	1939.9	768.0	
169	Spectrogram 1	1	AU-BS02a-090829-004508.wav	2730.910903155	2731.080394335	0.169	64.9	1946.1	1881.2	168.0	
170	Spectrogram 1	1	AU-BS02a-090829-004508.wav	2734.724454718	2734.978691489	0.254	52.5	1563.0	1510.5	136.0	
171	Spectrogram 1	1	AU-BS02a-090829-004508.wav	2738.538006281	2738.792243052	0.254	55.6	1550.7	1495.1	256.0	
172	Spectrogram 1	1	AU-BS02a-090829-004508.wav	2742.309185050	2742.521049025	0.212	74.1	1986.2	1912.1	128.0	
173	Spectrogram 1	1	AU-BS02a-090829-004508.wav	2746.165109408	2746.376973384	0.212	58.7	1980.0	1921.4	184.0	
174	Spectrogram 1	1	AU-BS02a-090829-004508.wav	2750.063406562	2750.275270537	0.212	46.3	2029.5	1983.1	80.0	
175	Spectrogram 1	1	AU-BS02a-090829-004508.wav	2753.749839740	2754.004076510	0.254	64.9	1782.3	1717.5	88.0	
176	Spectrogram 1	1	AU-BS02a-090829-004508.wav	2757.521018508	2757.732882484	0.212	55.6	1495.1	1439.5	88.0	
177	Spectrogram 1	1	AU-BS02a-090829-004508.wav	2761.165078891	2761.419315661	0.254	46.3	1214.0	1167.6	96.0	
178	Spectrogram 1	1	AU-BS02a-090829-004508.wav	2765.063376044	2765.317612815	0.254	52.5	1405.5	1353.0	96.0	
179	Spectrogram 1	1	AU-BS02a-090829-004508.wav	2769.004045993	2769.215909969	0.212	52.5	1303.6	1251.0	88.0	
180	Spectrogram 1	1	AU-BS02a-090829-004508.wav	2773.088893308	2773.343130079	0.254	60.2	1978.5	1918.3	88.0	
181	Spectrogram 1	1	AU-BS02a-090829-004508.wav	2776.944817667	2777.156681643	0.212	55.6	1402.4	1346.8	88.0	
182	Spectrogram 1	1	AU-BS02a-090829-004508.wav	2780.885487616	2781.097351591	0.212	64.9	2007.8	1943.0	96.0	
183	Spectrogram 1	1	AU-BS02a-090829-004508.wav	2785.165139926	2785.377003901	0.212	46.3	2020.2	1973.9	368.0	
184	Spectrogram 1	1	AU-BS02a-090829-004508.wav	2789.275301055	2789.487165031	0.212	68.0	2026.4	1958.4	96.0	
185	Spectrogram 1	1	AU-BS02a-090829-004508.wav	2793.470207775	2793.682071750	0.212	52.5	2035.6	1983.1	56.0	end pattern
186	Spectrogram 1	1	AU-BS02a-090829-004508.wav	3002.351578190	3003.029542912	0.678	30.9	203.9	173.0	32.0	start pattenr
187	Spectrogram 1	1	AU-BS02a-090829-004508.wav	3005.783774597	3006.419366524	0.636	43.2	213.1	169.9	56.0	
188	Spectrogram 1	1	AU-BS02a-090829-004508.wav	3008.749870257	3009.343089389	0.593	27.8	216.2	188.4	32.0	
189	Spectrogram 1	1	AU-BS02a-090829-004508.wav	3011.334610761	3011.970202688	0.636	34.0	222.4	188.4	40.0	
190	Spectrogram 1	1	AU-BS02a-090829-004508.wav	3013.919351265	3014.554943192	0.636	30.9	228.6	197.7	32.0	
191	Spectrogram 1	1	AU-BS02a-090829-004508.wav	3016.334600589	3016.885446926	0.551	34.0	210.1	176.1	40.0	
192	Spectrogram 1	1	AU-BS02a-090829-004508.wav	3018.834595502	3019.512560225	0.678	34.0	210.1	176.1	40.0	
193	Spectrogram 1	1	AU-BS02a-090829-004508.wav	3021.504081597	3022.139673524	0.636	34.0	225.5	191.5	40.0	
194	Spectrogram 1	1	AU-BS02a-090829-004508.wav	3024.215940486	3024.851532413	0.636	43.2	240.9	197.7	48.0	
195	Spectrogram 1	1	AU-BS02a-090829-004508.wav	3027.097290556	3027.690509688	0.593	47.9	236.3	188.4	56.0	
196	Spectrogram 1	1	AU-BS02a-090829-004508.wav	3044.995669090	3045.249905861	0.254	60.2	1811.7	1751.5	64.0	start gs
197	Spectrogram 1	1	AU-BS02a-090829-004508.wav	3048.872779846	3049.084643822	0.212	66.4	1824.0	1757.6	72.0	
198	Spectrogram 1	1	AU-BS02a-090829-004508.wav	3052.813449795	3053.025313771	0.212	63.3	1685.0	1621.7	64.0	
199	Spectrogram 1	1	AU-BS02a-090829-004508.wav	3056.563442166	3056.775306141	0.212	77.2	1890.5	1813.2	80.0	
200	Spectrogram 1	1	AU-BS02a-090829-004508.wav	3060.334620934	3060.588857705	0.254	75.7	1969.2	1893.6	336.0	
201	Spectrogram 1	1	AU-BS02a-090829-004508.wav	3064.275290883	3064.487154858	0.212	74.1	2014.0	1939.9	808.0	
202	Spectrogram 1	1	AU-BS02a-090829-004508.wav	3068.173588036	3068.385452012	0.212	74.1	1986.2	1912.1	152.0	
203	Spectrogram 1	1	AU-BS02a-090829-004508.wav	3071.944766804	3072.156630780	0.212	83.4	1658.8	1575.4	112.0	
204	Spectrogram 1	1	AU-BS02a-090829-004508.wav	3075.885436753	3076.097300729	0.212	64.9	1946.1	1881.2	120.0	
205	Spectrogram 1	1	AU-BS02a-090829-004508.wav	3079.741361112	3079.953225087	0.212	49.4	1912.1	1862.7	96.0	
206	Spectrogram 1	1	AU-BS02a-090829-004508.wav	3083.639658265	3083.809149446	0.169	74.1	1708.2	1634.1	104.0	
207	Spectrogram 1	1	AU-BS02a-090829-004508.wav	3087.453209829	3087.622701009	0.169	71.0	1868.8	1797.8	88.0	
208	Spectrogram 1	1	AU-BS02a-090829-004508.wav	3091.224388597	3091.478625368	0.254	58.7	1813.2	1754.5	96.0	
209	Spectrogram 1	1	AU-BS02a-090829-004508.wav	3095.037940160	3095.292176931	0.254	49.4	1819.4	1770.0	80.0	
210	Spectrogram 1	1	AU-BS02a-090829-004508.wav	3098.932109897	3099.165160271	0.233	46.3	1986.2	1939.9	72.0	
211	Spectrogram 1	1	AU-BS02a-090829-004508.wav	3102.766847858	3103.021084629	0.254	57.1	1845.7	1788.5	72.0	
212	Spectrogram 1	1	AU-BS02a-090829-004508.wav	3106.919381783	3107.131245759	0.212	49.4	1983.1	1933.7	72.0	
213	Spectrogram 1	1	AU-BS02a-090829-004508.wav	3110.860051732	3111.156661298	0.297	46.3	1973.9	1927.5	56.0	
214	Spectrogram 1	1	AU-BS02a-090829-004508.wav	3114.970212861	3115.182076837	0.212	64.9	1977.0	1912.1	88.0	
215	Spectrogram 1	1	AU-BS02a-090829-004508.wav	3118.995628400	3119.249865171	0.254	41.7	2027.9	1986.2	344.0	
216	Spectrogram 1	1	AU-BS02a-090829-004508.wav	3123.232907915	3123.487144686	0.254	64.9	1995.5	1930.6	72.0	end main phrase
217	Spectrogram 1	1	AU-BS02a-090829-004508.wav	3139.122706095	3139.334570071	0.212	77.2	1825.6	1748.4	96.0	terminal hprase
218	Spectrogram 1	1	AU-BS02a-090829-004508.wav	3143.487103996	3143.698967971	0.212	68.0	2017.1	1949.2	72.0	
219	Spectrogram 1	1	AU-BS02a-090829-004508.wav	3147.783815287	3147.995679263	0.212	83.4	2001.7	1918.3	296.0	
220	Spectrogram 1	1	AU-BS02a-090829-004508.wav	3151.936349211	3152.190585982	0.254	64.9	2029.5	1964.6	72.0	
221	Spectrogram 1	1	AU-BS02a-090829-004508.wav	3171.978681316	3172.232918087	0.254	27.8	2035.6	2007.8	32.0	tp2
222	Spectrogram 1	1	AU-BS02a-090829-004508.wav	3176.046469651	3176.300706422	0.254	77.2	1856.5	1779.3	80.0	
223	Spectrogram 1	1	AU-BS02a-090829-004508.wav	3179.860021214	3180.071885190	0.212	58.7	1912.1	1853.4	256.0	end pattern
224	Spectrogram 1	1	AU-BS02a-090829-005611.wav	3362.639749818	3363.190596155	0.551	27.8	191.5	163.7	32.0	start pattern
225	Spectrogram 1	1	AU-BS02a-090829-005611.wav	3365.393981503	3365.987200635	0.593	34.0	222.4	188.4	40.0	
226	Spectrogram 1	1	AU-BS02a-090829-005611.wav	3368.105840392	3368.656686729	0.551	21.6	207.0	185.3	32.0	
227	Spectrogram 1	1	AU-BS02a-090829-005611.wav	3370.987190462	3371.622782389	0.636	30.9	213.1	182.3	32.0	
228	Spectrogram 1	1	AU-BS02a-090829-005611.wav	3373.571930966	3374.249895689	0.678	27.8	222.4	194.6	32.0	
229	Spectrogram 1	1	AU-BS02a-090829-005611.wav	3375.944807494	3376.453281036	0.508	46.3	234.8	188.4	48.0	
230	Spectrogram 1	1	AU-BS02a-090829-005611.wav	3378.699039179	3379.207512721	0.508	37.1	231.7	194.6	40.0	
231	Spectrogram 1	1	AU-BS02a-090829-005611.wav	3381.665134839	3382.173608381	0.508	34.0	234.8	200.8	40.0	
232	Spectrogram 1	1	AU-BS02a-090829-005611.wav	3384.419366524	3385.054958451	0.636	40.2	234.8	194.6	48.0	
233	Spectrogram 1	1	AU-BS02a-090829-005611.wav	3387.385462184	3387.893935726	0.508	38.6	233.2	194.6	40.0	
234	Spectrogram 1	1	AU-BS02a-090829-005611.wav	3402.851532413	3403.105769184	0.254	58.7	2017.1	1958.4	600.0	start gs
235	Spectrogram 1	1	AU-BS02a-090829-005611.wav	3406.749829567	3406.961693543	0.212	58.7	1955.3	1896.6	64.0	
236	Spectrogram 1	1	AU-BS02a-090829-005611.wav	3410.605753926	3410.817617901	0.212	80.3	1736.0	1655.7	88.0	
237	Spectrogram 1	1	AU-BS02a-090829-005611.wav	3414.419305489	3414.631169465	0.212	68.0	1918.3	1850.3	200.0	
238	Spectrogram 1	1	AU-BS02a-090829-005611.wav	3418.232857052	3418.444721028	0.212	55.6	1961.5	1905.9	56.0	
239	Spectrogram 1	1	AU-BS02a-090829-005611.wav	3421.978722007	3422.190585982	0.212	58.7	2038.7	1980.0	96.0	
240	Spectrogram 1	1	AU-BS02a-090829-005611.wav	3425.749900775	3426.004137546	0.254	46.3	1973.9	1927.5	200.0	
241	Spectrogram 1	1	AU-BS02a-090829-005611.wav	3429.732943519	3429.944807494	0.212	52.5	2001.7	1949.2	104.0	
242	Spectrogram 1	1	AU-BS02a-090829-005611.wav	3433.546495082	3433.843104648	0.297	52.5	2010.9	1958.4	56.0	
243	Spectrogram 1	1	AU-BS02a-090829-005611.wav	3437.402419440	3437.656656211	0.254	46.3	1155.3	1108.9	80.0	
244	Spectrogram 1	1	AU-BS02a-090829-005611.wav	3441.173598209	3441.385462184	0.212	55.6	1071.9	1016.3	88.0	
245	Spectrogram 1	1	AU-BS02a-090829-005611.wav	3444.944776977	3445.156640953	0.212	55.6	1093.5	1037.9	96.0	
246	Spectrogram 1	1	AU-BS02a-090829-005611.wav	3448.800701335	3449.012565311	0.212	64.9	1047.2	982.3	88.0	
247	Spectrogram 1	1	AU-BS02a-090829-005611.wav	3452.783744079	3452.995608055	0.212	57.1	888.1	830.9	88.0	
248	Spectrogram 1	1	AU-BS02a-090829-005611.wav	3456.724414028	3456.936278004	0.212	64.9	1013.2	948.3	88.0	
249	Spectrogram 1	1	AU-BS02a-090829-005611.wav	3460.537965591	3460.792202362	0.254	34.0	954.5	920.5	40.0	
250	Spectrogram 1	1	AU-BS02a-090829-005611.wav	3464.563381130	3464.817617901	0.254	52.5	1078.1	1025.5	64.0	
251	Spectrogram 1	1	AU-BS02a-090829-005611.wav	3468.419305489	3468.631169465	0.212	52.5	1102.8	1050.3	72.0	
252	Spectrogram 1	1	AU-BS02a-090829-005611.wav	3472.275229847	3472.529466618	0.254	61.8	1989.3	1927.5	64.0	
253	Spectrogram 1	1	AU-BS02a-090829-005611.wav	3476.529568344	3476.741432319	0.212	37.1	1028.6	991.6	40.0	
254	Spectrogram 1	1	AU-BS02a-090829-005611.wav	3480.512611087	3480.766847858	0.254	71.0	2035.6	1964.6	80.0	
255	Spectrogram 1	1	AU-BS02a-090829-005611.wav	3484.877008988	3485.131245759	0.254	68.0	2038.7	1970.8	296.0	end main phrase
256	Spectrogram 1	1	AU-BS02a-090829-005611.wav	3517.715925227	3517.927789203	0.212	95.8	1967.7	1871.9	128.0	terminal phrase
257	Spectrogram 1	1	AU-BS02a-090829-005611.wav	3521.868459152	3522.122695923	0.254	55.6	1961.5	1905.9	272.0	
258	Spectrogram 1	1	AU-BS02a-090829-005611.wav	3526.148111462	3526.402348233	0.254	92.7	1943.0	1850.3	112.0	
259	Spectrogram 1	1	AU-BS02a-090829-005611.wav	3530.487195548	3530.741432319	0.254	80.3	1995.5	1915.2	272.0	end pattern
260	Spectrogram 1	1	AU-BS02a-090829-005611.wav	3711.131225414	3711.639698955	0.508	34.0	216.2	182.3	40.0	start pattern
261	Spectrogram 1	1	AU-BS02a-090829-005611.wav	3714.182066664	3714.775285796	0.593	27.8	219.3	191.5	32.0	
262	Spectrogram 1	1	AU-BS02a-090829-005611.wav	3717.444771891	3718.037991023	0.593	40.2	203.9	163.7	48.0	
263	Spectrogram 1	1	AU-BS02a-090829-005611.wav	3720.410867551	3721.004086683	0.593	34.0	219.3	185.3	40.0	
264	Spectrogram 1	1	AU-BS02a-090829-005611.wav	3723.165099236	3723.758318368	0.593	37.1	231.7	194.6	40.0	
265	Spectrogram 1	1	AU-BS02a-090829-005611.wav	3725.749839740	3726.258313281	0.508	34.0	225.5	191.5	40.0	
266	Spectrogram 1	1	AU-BS02a-090829-005611.wav	3728.673562605	3729.182036147	0.508	21.6	197.7	176.1	40.0	
267	Spectrogram 1	1	AU-BS02a-090829-005611.wav	3730.961693543	3731.597285470	0.636	21.6	213.1	191.5	32.0	
268	Spectrogram 1	1	AU-BS02a-090829-005611.wav	3733.419315661	3734.012534793	0.593	34.0	216.2	182.3	40.0	
269	Spectrogram 1	1	AU-BS02a-090829-005611.wav	3736.258292936	3736.851512068	0.593	46.3	231.7	185.3	56.0	
270	Spectrogram 1	1	AU-BS02a-090829-005611.wav	3740.029471705	3740.537945246	0.508	37.1	222.4	185.3	40.0	
271	Spectrogram 1	1	AU-BS02a-090829-005611.wav	3754.749890602	3755.004127373	0.254	74.1	1813.2	1739.1	80.0	start gs
272	Spectrogram 1	1	AU-BS02a-090829-005611.wav	3758.648187756	3758.860051732	0.212	64.9	1575.4	1510.5	104.0	
273	Spectrogram 1	1	AU-BS02a-090829-005611.wav	3762.419366524	3762.631230500	0.212	108.1	1973.9	1865.7	232.0	
274	Spectrogram 1	1	AU-BS02a-090829-005611.wav	3766.190545292	3766.360036473	0.169	61.8	1797.8	1736.0	256.0	
275	Spectrogram 1	1	AU-BS02a-090829-005611.wav	3769.961724060	3770.131215241	0.169	58.7	1983.1	1924.4	440.0	
276	Spectrogram 1	1	AU-BS02a-090829-005611.wav	3773.732902829	3773.944766804	0.212	74.1	1909.0	1834.9	128.0	
277	Spectrogram 1	1	AU-BS02a-090829-005611.wav	3777.546454392	3777.758318368	0.212	80.3	1810.1	1729.8	120.0	
278	Spectrogram 1	1	AU-BS02a-090829-005611.wav	3781.360005955	3781.571869931	0.212	83.4	1912.1	1828.7	128.0	
279	Spectrogram 1	1	AU-BS02a-090829-005611.wav	3785.131184723	3785.343048699	0.212	68.0	1989.3	1921.4	136.0	
280	Spectrogram 1	1	AU-BS02a-090829-005611.wav	3788.944736287	3789.198973058	0.254	77.2	2014.0	1936.8	128.0	
281	Spectrogram 1	1	AU-BS02a-090829-005611.wav	3792.800660645	3793.012524621	0.212	64.9	1634.1	1569.2	112.0	
282	Spectrogram 1	1	AU-BS02a-090829-005611.wav	3796.588898395	3796.800762370	0.212	61.8	1847.2	1785.4	104.0	
283	Spectrogram 1	1	AU-BS02a-090829-005611.wav	3800.296517970	3800.508381946	0.212	44.8	1592.4	1547.6	48.0	
284	Spectrogram 1	1	AU-BS02a-090829-005611.wav	3804.131255931	3804.343119907	0.212	43.2	1436.4	1393.1	48.0	
285	Spectrogram 1	1	AU-BS02a-090829-005611.wav	3807.860061904	3808.071925880	0.212	52.5	1856.5	1804.0	88.0	
286	Spectrogram 1	1	AU-BS02a-090829-005611.wav	3811.800731853	3812.054968624	0.254	46.3	1408.6	1362.2	48.0	
287	Spectrogram 1	1	AU-BS02a-090829-005611.wav	3815.741401802	3815.995638573	0.254	52.5	1519.8	1467.3	80.0	
288	Spectrogram 1	1	AU-BS02a-090829-005611.wav	3819.809190136	3820.021054112	0.212	61.8	1766.9	1705.1	88.0	
289	Spectrogram 1	1	AU-BS02a-090829-005611.wav	3823.665114494	3823.919351265	0.254	58.7	642.5	583.8	64.0	
290	Spectrogram 1	1	AU-BS02a-090829-005611.wav	3827.732902829	3827.987139599	0.254	52.5	1986.2	1933.7	80.0	
291	Spectrogram 1	1	AU-BS02a-090829-005611.wav	3831.906623151	3832.118487126	0.212	60.2	1206.3	1146.0	64.0	
292	Spectrogram 1	1	AU-BS02a-090829-005611.wav	3835.974411485	3836.186275461	0.212	66.4	1930.6	1864.2	72.0	end main phrase
293	Spectrogram 1	1	AU-BS02a-090829-010713.wav	3845.614222381	3845.868459152	0.254	89.6	1884.3	1794.7	128.0	terminal hprase
294	Spectrogram 1	1	AU-BS02a-090829-010713.wav	3849.893874691	3850.105738667	0.212	61.8	1989.3	1927.5	64.0	
295	Spectrogram 1	1	AU-BS02a-090829-010713.wav	3854.021094802	3854.232958777	0.212	64.9	1983.1	1918.3	352.0	
296	Spectrogram 1	1	AU-BS02a-090829-010713.wav	3858.088883136	3858.385492702	0.297	49.4	1915.2	1865.7	56.0	end pattern
297	Spectrogram 1	1	AU-BS02a-090829-010713.wav	4055.766776651	4056.275250192	0.508	27.8	210.1	182.3	32.0	start pattern
298	Spectrogram 1	1	AU-BS02a-090829-010713.wav	4058.648126721	4059.156600262	0.508	38.6	214.7	176.1	40.0	
299	Spectrogram 1	1	AU-BS02a-090829-010713.wav	4062.037950333	4062.546423874	0.508	24.7	228.6	203.9	32.0	
300	Spectrogram 1	1	AU-BS02a-090829-010713.wav	4065.173537174	4065.724383510	0.551	37.1	219.3	182.3	40.0	
301	Spectrogram 1	1	AU-BS02a-090829-010713.wav	4067.800650473	4068.351496810	0.551	43.2	219.3	176.1	48.0	
302	Spectrogram 1	1	AU-BS02a-090829-010713.wav	4070.232958777	4070.699059524	0.466	40.2	213.1	173.0	48.0	
303	Spectrogram 1	1	AU-BS02a-090829-010713.wav	4072.690580896	4073.199054438	0.508	43.2	207.0	163.7	48.0	
304	Spectrogram 1	1	AU-BS02a-090829-010713.wav	4074.978711834	4075.571930966	0.593	46.3	203.9	157.5	48.0	
305	Spectrogram 1	1	AU-BS02a-090829-010713.wav	4078.156671470	4078.749890602	0.593	46.3	203.9	157.5	56.0	
306	Spectrogram 1	1	AU-BS02a-090829-010713.wav	4081.038021540	4081.673613467	0.636	24.7	185.3	160.6	32.0	
307	Spectrogram 1	1	AU-BS02a-090829-010713.wav	4084.004117201	4084.554963538	0.551	34.0	207.0	173.0	40.0	
308	Spectrogram 1	1	AU-BS02a-090829-010713.wav	4098.199003575	4098.410867551	0.212	58.7	1705.1	1646.4	64.0	start gs
309	Spectrogram 1	1	AU-BS02a-090829-010713.wav	4102.139673524	4102.393910295	0.254	46.3	1399.3	1353.0	48.0	
310	Spectrogram 1	1	AU-BS02a-090829-010713.wav	4105.932038690	4106.143902665	0.212	47.9	1323.6	1275.8	48.0	
311	Spectrogram 1	1	AU-BS02a-090829-010713.wav	4109.724403855	4109.936267831	0.212	58.7	1887.4	1828.7	64.0	
312	Spectrogram 1	1	AU-BS02a-090829-010713.wav	4113.537955419	4113.749819395	0.212	40.2	1671.1	1631.0	264.0	
313	Spectrogram 1	1	AU-BS02a-090829-010713.wav	4117.309134187	4117.520998163	0.212	58.7	1674.2	1615.5	184.0	
314	Spectrogram 1	1	AU-BS02a-090829-010713.wav	4121.122685750	4121.334549726	0.212	61.8	1121.3	1059.5	224.0	
315	Spectrogram 1	1	AU-BS02a-090829-010713.wav	4124.910923500	4125.165160271	0.254	55.6	1884.3	1828.7	368.0	
316	Spectrogram 1	1	AU-BS02a-090829-010713.wav	4128.809220653	4129.063457424	0.254	58.7	1192.3	1133.7	104.0	
317	Spectrogram 1	1	AU-BS02a-090829-010713.wav	4132.601585819	4132.813449795	0.212	66.4	965.3	898.9	104.0	
318	Spectrogram 1	1	AU-BS02a-090829-010713.wav	4136.372764587	4136.584628563	0.212	60.2	1150.6	1090.4	88.0	
319	Spectrogram 1	1	AU-BS02a-090829-010713.wav	4140.165129753	4140.419366524	0.254	51.0	1722.1	1671.1	96.0	
320	Spectrogram 1	1	AU-BS02a-090829-010713.wav	4143.957494919	4144.169358895	0.212	60.2	1816.3	1756.1	80.0	
321	Spectrogram 1	1	AU-BS02a-090829-010713.wav	4147.961724060	4148.173588036	0.212	37.1	778.4	741.4	40.0	
322	Spectrogram 1	1	AU-BS02a-090829-010713.wav	4151.838834816	4152.050698792	0.212	51.0	919.0	868.0	56.0	
323	Spectrogram 1	1	AU-BS02a-090829-010713.wav	4155.779504765	4155.991368741	0.212	52.5	1356.1	1303.6	72.0	
324	Spectrogram 1	1	AU-BS02a-090829-010713.wav	4159.783733907	4160.080343473	0.297	55.6	2023.3	1967.7	56.0	end pattern
325	Spectrogram 1	1	AU-BS02a-090829-011816.wav	4788.758348885	4789.393940812	0.636	27.8	231.7	203.9	32.0	start pattern
326	Spectrogram 1	1	AU-BS02a-090829-011816.wav	4791.724444546	4792.402409268	0.678	46.3	222.4	176.1	48.0	
327	Spectrogram 1	1	AU-BS02a-090829-011816.wav	4794.648167411	4795.241386543	0.593	46.3	231.7	185.3	48.0	
328	Spectrogram 1	1	AU-BS02a-090829-011816.wav	4797.105789529	4797.699008661	0.593	52.5	219.3	166.8	56.0	
329	Spectrogram 1	1	AU-BS02a-090829-011816.wav	4799.775275624	4800.495613141	0.720	46.3	228.6	182.3	48.0	
330	Spectrogram 1	1	AU-BS02a-090829-011816.wav	4802.402388923	4802.953235260	0.551	52.5	228.6	176.1	56.0	
331	Spectrogram 1	1	AU-BS02a-090829-011816.wav	4804.860011042	4805.707466944	0.847	46.3	231.7	185.3	48.0	
332	Spectrogram 1	1	AU-BS02a-090829-011816.wav	4807.444751546	4808.080343473	0.636	74.1	234.8	160.6	88.0	
333	Spectrogram 1	1	AU-BS02a-090829-011816.wav	4809.690509688	4810.283728820	0.593	61.8	240.9	179.2	64.0	
334	Spectrogram 1	1	AU-BS02a-090829-011816.wav	4823.966014237	4824.177878213	0.212	72.6	1471.9	1399.3	192.0	start gs
335	Spectrogram 1	1	AU-BS02a-090829-011816.wav	4827.885497788	4828.054988969	0.169	71.0	1773.1	1702.0	448.0	
336	Spectrogram 1	1	AU-BS02a-090829-011816.wav	4831.614303761	4831.826167737	0.212	43.2	2017.1	1973.9	56.0	
337	Spectrogram 1	1	AU-BS02a-090829-011816.wav	4835.385482529	4835.554973710	0.169	58.7	1671.1	1612.5	64.0	
338	Spectrogram 1	1	AU-BS02a-090829-011816.wav	4839.156661298	4839.410898069	0.254	52.5	1717.5	1665.0	136.0	
339	Spectrogram 1	1	AU-BS02a-090829-011816.wav	4842.970212861	4843.224449632	0.254	55.6	1887.4	1831.8	56.0	
340	Spectrogram 1	1	AU-BS02a-090829-011816.wav	4846.783764424	4847.038001195	0.254	64.9	2035.6	1970.8	104.0	
341	Spectrogram 1	1	AU-BS02a-090829-011816.wav	4850.597315988	4850.809179963	0.212	49.4	1816.3	1766.9	280.0	
342	Spectrogram 1	1	AU-BS02a-090829-011816.wav	4854.537985936	4854.749849912	0.212	71.0	1319.0	1248.0	72.0	
343	Spectrogram 1	1	AU-BS02a-090829-011816.wav	4858.393910295	4858.605774271	0.212	46.3	1550.7	1504.3	88.0	
344	Spectrogram 1	1	AU-BS02a-090829-011816.wav	4862.249834653	4862.419325834	0.169	58.7	1600.1	1541.4	64.0	
345	Spectrogram 1	1	AU-BS02a-090829-011816.wav	4866.063386217	4866.275250192	0.212	64.9	898.9	834.0	80.0	
346	Spectrogram 1	1	AU-BS02a-090829-011816.wav	4869.834564985	4870.046428961	0.212	55.6	1186.2	1130.6	56.0	
347	Spectrogram 1	1	AU-BS02a-090829-011816.wav	4873.626930151	4873.838794126	0.212	43.2	1192.3	1149.1	80.0	
348	Spectrogram 1	1	AU-BS02a-090829-011816.wav	4877.436354298	4877.648218273	0.212	49.4	1192.3	1142.9	96.0	
349	Spectrogram 1	1	AU-BS02a-090829-011816.wav	4881.334651451	4881.504142632	0.169	34.0	1510.5	1476.5	40.0	
350	Spectrogram 1	1	AU-BS02a-090829-011816.wav	4885.275321400	4885.444812581	0.169	34.0	1353.0	1319.0	72.0	
351	Spectrogram 1	1	AU-BS02a-090829-011816.wav	4889.258364144	4889.512600915	0.254	40.2	1210.9	1170.7	56.0	
352	Spectrogram 1	1	AU-BS02a-090829-011816.wav	4893.326152478	4893.580389249	0.254	46.3	1281.9	1235.6	72.0	end pattern
353	Spectrogram 1	1	AU-BS02a-090829-012919.wav	5141.826086357	5142.419305489	0.593	43.2	191.5	148.3	184.0	start pattern
354	Spectrogram 1	1	AU-BS02a-090829-012919.wav	5144.241335680	5144.834554812	0.593	37.1	219.3	182.3	40.0	
355	Spectrogram 1	1	AU-BS02a-090829-012919.wav	5146.826076184	5147.334549726	0.508	30.9	200.8	169.9	32.0	
356	Spectrogram 1	1	AU-BS02a-090829-012919.wav	5149.216011694	5149.809230826	0.593	37.1	207.0	169.9	40.0	
357	Spectrogram 1	1	AU-BS02a-090829-012919.wav	5151.716006608	5152.436344125	0.720	24.7	210.1	185.3	32.0	
358	Spectrogram 1	1	AU-BS02a-090829-012919.wav	5154.258374317	5155.021084629	0.763	30.9	225.5	194.6	32.0	
359	Spectrogram 1	1	AU-BS02a-090829-012919.wav	5157.054978796	5157.648197928	0.593	32.4	239.4	207.0	40.0	
360	Spectrogram 1	1	AU-BS02a-090829-012919.wav	5159.131245759	5159.682092095	0.551	52.5	228.6	176.1	56.0	
361	Spectrogram 1	1	AU-BS02a-090829-012919.wav	5161.207512721	5161.800731853	0.593	40.2	231.7	191.5	56.0	
362	Spectrogram 1	1	AU-BS02a-090829-012919.wav	5164.046489996	5164.639709128	0.593	40.2	231.7	191.5	48.0	
363	Spectrogram 1	1	AU-BS02a-090829-012919.wav	5178.368494756	5178.580358732	0.212	55.6	1927.5	1871.9	56.0	start gs
364	Spectrogram 1	1	AU-BS02a-090829-012919.wav	5182.309164705	5182.478655885	0.169	68.0	1881.2	1813.2	72.0	
365	Spectrogram 1	1	AU-BS02a-090829-012919.wav	5186.249834653	5186.461698629	0.212	80.3	1652.6	1572.3	144.0	
366	Spectrogram 1	1	AU-BS02a-090829-012919.wav	5189.978640626	5190.190504602	0.212	58.7	1745.3	1686.6	160.0	
367	Spectrogram 1	1	AU-BS02a-090829-012919.wav	5193.728632997	5193.940496973	0.212	51.0	1271.1	1220.2	56.0	
368	Spectrogram 1	1	AU-BS02a-090829-012919.wav	5197.520998163	5197.732862138	0.212	74.1	1995.5	1921.4	256.0	
369	Spectrogram 1	1	AU-BS02a-090829-012919.wav	5201.376922521	5201.588786497	0.212	46.3	2026.4	1980.0	120.0	
370	Spectrogram 1	1	AU-BS02a-090829-012919.wav	5205.207533066	5205.461769837	0.254	61.8	2017.1	1955.3	104.0	
371	Spectrogram 1	1	AU-BS02a-090829-012919.wav	5209.021084629	5209.275321400	0.254	80.3	2023.3	1943.0	592.0	
372	Spectrogram 1	1	AU-BS02a-090829-012919.wav	5212.792263397	5213.046500168	0.254	64.9	1998.6	1933.7	96.0	
373	Spectrogram 1	1	AU-BS02a-090829-012919.wav	5216.563442166	5216.775306141	0.212	55.6	1983.1	1927.5	56.0	
374	Spectrogram 1	1	AU-BS02a-090829-012919.wav	5220.334620934	5220.546484909	0.212	49.4	1992.4	1943.0	56.0	
375	Spectrogram 1	1	AU-BS02a-090829-012919.wav	5224.190545292	5224.360036473	0.169	46.3	1319.0	1272.7	96.0	
376	Spectrogram 1	1	AU-BS02a-090829-012919.wav	5228.088842446	5228.258333626	0.169	55.6	1220.2	1164.5	56.0	
377	Spectrogram 1	1	AU-BS02a-090829-012919.wav	5232.071885190	5232.283749166	0.212	58.7	1952.2	1893.6	64.0	
378	Spectrogram 1	1	AU-BS02a-090829-012919.wav	5236.054927934	5236.309164705	0.254	40.2	1998.6	1958.4	72.0	
379	Spectrogram 1	1	AU-BS02a-090829-012919.wav	5240.186275461	5240.482885027	0.297	64.9	2004.8	1939.9	88.0	end pattern
380	Spectrogram 1	1	AU-BS02a-090829-012919.wav	5464.215920141	5464.851512068	0.636	24.7	207.0	182.3	32.0	sart pattern
381	Spectrogram 1	1	AU-BS02a-090829-012919.wav	5467.393879777	5468.029471705	0.636	27.8	203.9	176.1	32.0	
382	Spectrogram 1	1	AU-BS02a-090829-012919.wav	5470.232857052	5470.910821775	0.678	24.7	219.3	194.6	32.0	
383	Spectrogram 1	1	AU-BS02a-090829-012919.wav	5472.622792562	5473.470248465	0.847	46.3	194.6	148.3	48.0	
384	Spectrogram 1	1	AU-BS02a-090829-012919.wav	5475.546515427	5476.139734559	0.593	30.9	210.1	179.2	32.0	
385	Spectrogram 1	1	AU-BS02a-090829-012919.wav	5478.385492702	5478.978711834	0.593	24.7	210.1	185.3	32.0	
386	Spectrogram 1	1	AU-BS02a-090829-012919.wav	5480.970233206	5481.648197928	0.678	37.1	228.6	191.5	40.0	
387	Spectrogram 1	1	AU-BS02a-090829-012919.wav	5484.021074457	5484.699039179	0.678	34.0	228.6	194.6	40.0	
388	Spectrogram 1	1	AU-BS02a-090829-012919.wav	5503.936288176	5504.275270537	0.339	83.4	1201.6	1118.2	248.0	start pattenr
389	Spectrogram 1	1	AU-BS02a-090829-012919.wav	5507.834585330	5508.046449306	0.212	74.1	1865.7	1791.6	104.0	
390	Spectrogram 1	1	AU-BS02a-090829-012919.wav	5511.648136893	5511.860000869	0.212	64.9	1346.8	1281.9	160.0	
391	Spectrogram 1	1	AU-BS02a-090829-012919.wav	5515.461688457	5515.715925227	0.254	71.0	1556.9	1485.8	280.0	
392	Spectrogram 1	1	AU-BS02a-090829-012919.wav	5519.254053622	5519.465917598	0.212	71.0	1522.9	1451.8	192.0	
393	Spectrogram 1	1	AU-BS02a-090829-012919.wav	5523.109977981	5523.300655559	0.191	55.6	1637.2	1581.6	144.0	
394	Spectrogram 1	1	AU-BS02a-090829-012919.wav	5526.877029333	5527.131266104	0.254	58.7	2032.6	1973.9	80.0	
395	Spectrogram 1	1	AU-BS02a-090829-012919.wav	5530.605835306	5530.817699282	0.212	40.2	1504.3	1464.2	48.0	
396	Spectrogram 1	1	AU-BS02a-090829-012919.wav	5534.419386869	5534.631250845	0.212	43.2	1130.6	1087.3	96.0	
397	Spectrogram 1	1	AU-BS02a-090829-012919.wav	5538.211752035	5538.423616011	0.212	43.2	1161.5	1118.2	56.0	
398	Spectrogram 1	1	AU-BS02a-090829-012919.wav	5542.088862791	5542.343099562	0.254	43.2	1220.2	1176.9	48.0	
399	Spectrogram 1	1	AU-BS02a-090829-012919.wav	5545.860041559	5546.114278330	0.254	34.0	855.7	821.7	40.0	
400	Spectrogram 1	1	AU-BS02a-090829-012919.wav	5549.588847532	5549.843084303	0.254	27.8	855.7	827.8	32.0	
401	Spectrogram 1	1	AU-BS02a-090829-012919.wav	5553.317653505	5553.571890276	0.254	30.9	1238.7	1207.8	32.0	
402	Spectrogram 1	1	AU-BS02a-090829-012919.wav	5557.173577864	5557.427814635	0.254	46.3	1099.7	1053.3	56.0	
403	Spectrogram 1	1	AU-BS02a-090829-012919.wav	5561.029502222	5561.283738993	0.254	38.6	1135.2	1096.6	56.0	end pattern
405	Spectrogram 1	1	AU-BS02a-090829-014022.wav	5819.207549014	5819.843140942	0.636	43.2	213.1	169.9	48.0	star tpattern
406	Spectrogram 1	1	AU-BS02a-090829-014022.wav	5822.639745421	5823.317710144	0.678	37.1	222.4	185.3	40.0	
407	Spectrogram 1	1	AU-BS02a-090829-014022.wav	5826.199060214	5826.792279346	0.593	37.1	228.6	191.5	40.0	
408	Spectrogram 1	1	AU-BS02a-090829-014022.wav	5829.588883826	5830.224475753	0.636	27.8	234.8	207.0	32.0	
409	Spectrogram 1	1	AU-BS02a-090829-014022.wav	5832.639725076	5833.317689799	0.678	43.2	222.4	179.2	48.0	
410	Spectrogram 1	1	AU-BS02a-090829-014022.wav	5835.648193532	5836.156667074	0.508	46.3	237.9	191.5	48.0	
411	Spectrogram 1	1	AU-BS02a-090829-014022.wav	5838.360052421	5838.953271553	0.593	40.2	231.7	191.5	48.0	
412	Spectrogram 1	1	AU-BS02a-090829-014022.wav	5840.860047335	5841.410893672	0.551	49.4	256.4	207.0	56.0	
413	Spectrogram 1	1	AU-BS02a-090829-014022.wav	5843.444787839	5843.910888586	0.466	55.6	253.3	197.7	56.0	
414	Spectrogram 1	1	AU-BS02a-090829-014022.wav	5845.860037162	5846.410883499	0.551	58.7	244.0	185.3	184.0	
415	Spectrogram 1	1	AU-BS02a-090829-014022.wav	5848.571896052	5849.207487979	0.636	49.4	237.9	188.4	56.0	
416	Spectrogram 1	1	AU-BS02a-090829-014022.wav	5851.961719664	5852.597311591	0.636	61.8	265.7	203.9	64.0	
417	Spectrogram 1	1	AU-BS02a-090829-014022.wav	5870.919418076	5871.131282052	0.212	27.8	2004.8	1977.0	32.0	start gs
418	Spectrogram 1	1	AU-BS02a-090829-014022.wav	5874.732969640	5874.987206411	0.254	55.6	2035.6	1980.0	56.0	
419	Spectrogram 1	1	AU-BS02a-090829-014022.wav	5878.546521203	5878.758385179	0.212	46.3	2026.4	1980.0	280.0	
420	Spectrogram 1	1	AU-BS02a-090829-014022.wav	5882.360072766	5882.614309537	0.254	43.2	2007.8	1964.6	48.0	
421	Spectrogram 1	1	AU-BS02a-090829-014022.wav	5886.131251534	5886.343115510	0.212	89.6	1977.0	1887.4	392.0	
422	Spectrogram 1	1	AU-BS02a-090829-014022.wav	5890.008362291	5890.220226266	0.212	51.0	2031.0	1980.0	64.0	
423	Spectrogram 1	1	AU-BS02a-090829-014022.wav	5894.012591432	5894.224455408	0.212	64.9	1946.1	1881.2	80.0	
424	Spectrogram 1	1	AU-BS02a-090829-014022.wav	5897.614279020	5897.826142995	0.212	68.0	1445.6	1377.7	128.0	
425	Spectrogram 1	1	AU-BS02a-090829-014022.wav	5901.554948968	5901.766812944	0.212	68.0	1214.0	1146.0	120.0	
426	Spectrogram 1	1	AU-BS02a-090829-014022.wav	5905.368500532	5905.622737303	0.254	64.9	1146.0	1081.1	104.0	
427	Spectrogram 1	1	AU-BS02a-090829-014022.wav	5909.139679300	5909.393916071	0.254	69.5	1011.6	942.1	112.0	
428	Spectrogram 1	1	AU-BS02a-090829-014022.wav	5913.266899411	5913.478763386	0.212	49.4	1149.1	1099.7	56.0	
429	Spectrogram 1	1	AU-BS02a-090829-014022.wav	5916.868586998	5917.122823769	0.254	55.6	1467.3	1411.7	56.0	
430	Spectrogram 1	1	AU-BS02a-090829-014022.wav	5920.766884152	5920.978748128	0.212	55.6	1698.9	1643.3	56.0	
431	Spectrogram 1	1	AU-BS02a-090829-014022.wav	5924.622808510	5924.792299691	0.169	68.0	1930.6	1862.7	80.0	
432	Spectrogram 1	1	AU-BS02a-090829-014022.wav	5928.605851254	5928.902460820	0.297	58.7	1359.2	1300.5	80.0	
433	Spectrogram 1	1	AU-BS02a-090829-014022.wav	5932.673639588	5932.885503564	0.212	43.2	1841.0	1797.8	48.0	end pattern
434	Spectrogram 1	1	AU-BS02a-090829-015124.wav	6535.063453028	6535.571926570	0.508	37.1	203.9	166.8	40.0	start pattern
435	Spectrogram 1	1	AU-BS02a-090829-015124.wav	6537.732939122	6538.241412664	0.508	44.8	220.9	176.1	56.0	
436	Spectrogram 1	1	AU-BS02a-090829-015124.wav	6540.360052421	6540.910898758	0.551	43.2	216.2	173.0	48.0	
437	Spectrogram 1	1	AU-BS02a-090829-015124.wav	6543.114284106	6543.707503238	0.593	30.9	200.8	169.9	32.0	
438	Spectrogram 1	1	AU-BS02a-090829-015124.wav	6545.614279020	6546.207498152	0.593	49.4	222.4	173.0	64.0	
439	Spectrogram 1	1	AU-BS02a-090829-015124.wav	6548.093087536	6548.643933873	0.551	52.5	231.7	179.2	56.0	
440	Spectrogram 1	1	AU-BS02a-090829-015124.wav	6550.412998070	6550.985030805	0.572	54.1	230.1	176.1	56.0	
441	Spectrogram 1	1	AU-BS02a-090829-015124.wav	6553.071890966	6553.580364507	0.508	52.5	203.9	151.4	56.0	
442	Spectrogram 1	1	AU-BS02a-090829-015124.wav	6555.741377060	6556.292223397	0.551	52.5	210.1	157.5	184.0	
443	Spectrogram 1	1	AU-BS02a-090829-015124.wav	6559.088827877	6559.639674214	0.551	43.2	203.9	160.6	56.0	
444	Spectrogram 1	1	AU-BS02a-090829-015124.wav	6573.512637208	6573.724501184	0.212	101.9	1331.4	1229.4	216.0	start gs
445	Spectrogram 1	1	AU-BS02a-090829-015124.wav	6577.410934362	6577.580425543	0.169	64.9	2026.4	1961.5	896.0	
446	Spectrogram 1	1	AU-BS02a-090829-015124.wav	6581.224485925	6581.436349901	0.212	83.4	2044.9	1961.5	112.0	
447	Spectrogram 1	1	AU-BS02a-090829-015124.wav	6584.953291898	6585.165155874	0.212	58.7	2020.2	1961.5	376.0	
448	Spectrogram 1	1	AU-BS02a-090829-015124.wav	6588.724470667	6588.936334642	0.212	71.0	2017.1	1946.1	424.0	
449	Spectrogram 1	1	AU-BS02a-090829-015124.wav	6592.538022230	6592.749886206	0.212	77.2	2017.1	1939.9	88.0	
450	Spectrogram 1	1	AU-BS02a-090829-015124.wav	6596.393946588	6596.648183359	0.254	74.1	1983.1	1909.0	144.0	
451	Spectrogram 1	1	AU-BS02a-090829-015124.wav	6600.207498152	6600.419362127	0.212	52.5	1961.5	1909.0	56.0	
452	Spectrogram 1	1	AU-BS02a-090829-015124.wav	6604.105795305	6604.317659281	0.212	52.5	1977.0	1924.4	136.0	
453	Spectrogram 1	1	AU-BS02a-090829-015124.wav	6607.876974074	6608.046465254	0.169	83.4	2014.0	1930.6	104.0	
454	Spectrogram 1	1	AU-BS02a-090829-015124.wav	6611.669339239	6611.881203215	0.212	72.6	1960.0	1887.4	96.0	
455	Spectrogram 1	1	AU-BS02a-090829-015124.wav	6615.652381983	6615.864245959	0.212	54.1	1978.5	1924.4	80.0	
456	Spectrogram 1	1	AU-BS02a-090829-015124.wav	6619.249942155	6619.419433335	0.169	52.5	1958.4	1905.9	56.0	
457	Spectrogram 1	1	AU-BS02a-090829-015124.wav	6623.105866513	6623.317730489	0.212	46.3	1303.6	1257.2	48.0	
458	Spectrogram 1	1	AU-BS02a-090829-015124.wav	6627.088909257	6627.300773233	0.212	55.6	1572.3	1516.7	80.0	
460	Spectrogram 1	1	AU-BS02a-090829-015124.wav	6938.737283480	6939.330502612	0.593	37.1	228.6	191.5	40.0	start pattern
461	Spectrogram 1	1	AU-BS02a-090829-015124.wav	6941.364396780	6941.872870321	0.508	41.7	224.0	182.3	48.0	
462	Spectrogram 1	1	AU-BS02a-090829-015124.wav	6944.118628464	6944.627102006	0.508	52.5	225.5	173.0	56.0	
464	Spectrogram 1	1	AU-BS02a-090829-015124.wav	6947.381333691	6947.932180028	0.551	52.5	213.1	160.6	56.0	
465	Spectrogram 1	1	AU-BS02a-090829-015124.wav	6950.432174941	6950.771157302	0.339	52.5	207.0	154.4	56.0	
466	Spectrogram 1	1	AU-BS02a-090829-015124.wav	6953.144033831	6953.694880168	0.551	43.2	219.3	176.1	48.0	
467	Spectrogram 1	1	AU-BS02a-090829-015124.wav	6955.601655949	6956.194875081	0.593	52.5	210.1	157.5	56.0	
468	Spectrogram 1	1	AU-BS02a-090829-015124.wav	6957.974532478	6958.610124405	0.636	61.8	225.5	163.7	176.0	
469	Spectrogram 1	1	AU-BS02a-090829-015124.wav	6960.516900186	6961.110119319	0.593	52.5	247.1	194.6	56.0	
470	Spectrogram 1	1	AU-BS02a-090829-015124.wav	6963.355877461	6963.821978208	0.466	71.0	250.2	179.2	72.0	
471	Spectrogram 1	1	AU-BS02a-090829-015124.wav	6965.898245170	6966.364345917	0.466	83.4	265.7	182.3	104.0	
472	Spectrogram 1	1	AU-BS02a-090829-015124.wav	6968.271121699	6968.737222445	0.466	83.4	247.1	163.7	144.0	
473	Spectrogram 1	1	AU-BS02a-090829-015124.wav	6970.008406300	6970.432134251	0.424	68.0	247.1	179.2	176.0	
474	Spectrogram 1	1	AU-BS02a-090829-015124.wav	6984.474588426	6984.644079607	0.169	52.5	1998.6	1946.1	64.0	start gs
475	Spectrogram 1	1	AU-BS02a-090829-015124.wav	6988.457631170	6988.627122351	0.169	58.7	2020.2	1961.5	88.0	
476	Spectrogram 1	1	AU-BS02a-090829-015124.wav	6992.228809939	6992.440673914	0.212	58.7	2026.4	1967.7	592.0	
477	Spectrogram 1	1	AU-BS02a-090829-015124.wav	6995.999988707	6996.211852683	0.212	52.5	2038.7	1986.2	56.0	
478	Spectrogram 1	1	AU-BS02a-090829-015124.wav	6999.728794680	6999.940658656	0.212	46.3	2032.6	1986.2	48.0	
479	Spectrogram 1	1	AU-BS02a-090829-015124.wav	7003.627091833	7003.838955809	0.212	74.1	2041.8	1967.7	88.0	
480	Spectrogram 1	1	AU-BS02a-090829-015124.wav	7007.398270602	7007.567761782	0.169	64.9	2032.6	1967.7	584.0	
481	Spectrogram 1	1	AU-BS02a-090829-015124.wav	7011.338940550	7011.550804526	0.212	43.2	2035.6	1992.4	48.0	
482	Spectrogram 1	1	AU-BS02a-090829-015124.wav	7015.110119319	7015.321983294	0.212	49.4	1841.0	1791.6	64.0	
483	Spectrogram 1	1	AU-BS02a-090829-015124.wav	7018.966043677	7019.177907653	0.212	58.7	2029.5	1970.8	72.0	
484	Spectrogram 1	1	AU-BS02a-090829-015124.wav	7022.821968036	7022.991459216	0.169	64.9	2023.3	1958.4	80.0	
485	Spectrogram 1	1	AU-BS02a-090829-015124.wav	7026.635519599	7026.847383575	0.212	46.3	2020.2	1973.9	80.0	
486	Spectrogram 1	1	AU-BS02a-090829-015124.wav	7030.381384553	7030.635621324	0.254	46.3	2041.8	1995.5	80.0	end main phrase
487	Spectrogram 1	1	AU-BS02a-090829-020227.wav	7045.805081987	7046.016945963	0.212	55.6	988.5	932.9	56.0	terminal phrase
488	Spectrogram 1	1	AU-BS02a-090829-020227.wav	7049.915243116	7050.169479887	0.254	40.2	1865.7	1825.6	72.0	
489	Spectrogram 1	1	AU-BS02a-090829-020227.wav	7054.110149836	7054.364386607	0.254	58.7	1927.5	1868.8	288.0	
490	Spectrogram 1	1	AU-BS02a-090829-020227.wav	7075.042310639	7075.296547410	0.254	52.5	2010.9	1958.4	464.0	tp2
491	Spectrogram 1	1	AU-BS02a-090829-020227.wav	7079.025353383	7079.194844564	0.169	77.2	2007.8	1930.6	88.0	
492	Spectrogram 1	1	AU-BS02a-090829-020227.wav	7083.389751283	7083.643988054	0.254	43.2	1977.0	1933.7	48.0	end pattern
493	Spectrogram 1	1	AU-BS02a-090829-020227.wav	7251.974593513	7252.525439850	0.551	68.0	219.3	151.4	72.0	start pattenr
494	Spectrogram 1	1	AU-BS02a-090829-020227.wav	7254.686452402	7255.110180354	0.424	43.2	225.5	182.3	48.0	
495	Spectrogram 1	1	AU-BS02a-090829-020227.wav	7256.974583340	7257.483056882	0.508	37.1	225.5	188.4	40.0	
496	Spectrogram 1	1	AU-BS02a-090829-020227.wav	7259.559323844	7260.110170181	0.551	24.7	231.7	207.0	32.0	
497	Spectrogram 1	1	AU-BS02a-090829-020227.wav	7262.059318758	7262.483046709	0.424	38.6	245.6	207.0	40.0	
498	Spectrogram 1	1	AU-BS02a-090829-020227.wav	7264.474568081	7264.983041623	0.508	49.4	247.1	197.7	56.0	
499	Spectrogram 1	1	AU-BS02a-090829-020227.wav	7266.762699019	7267.355918152	0.593	43.2	210.1	166.8	48.0	
500	Spectrogram 1	1	AU-BS02a-090829-020227.wav	7269.813540270	7270.279641017	0.466	49.4	216.2	166.8	56.0	
501	Spectrogram 1	1	AU-BS02a-090829-020227.wav	7272.822008726	7273.330482267	0.508	55.6	207.0	151.4	56.0	
502	Spectrogram 1	1	AU-BS02a-090829-020227.wav	7287.525368642	7287.737232618	0.212	83.4	1930.6	1847.2	160.0	start gs
503	Spectrogram 1	1	AU-BS02a-090829-020227.wav	7291.466038591	7291.677902567	0.212	80.3	2038.7	1958.4	96.0	
504	Spectrogram 1	1	AU-BS02a-090829-020227.wav	7295.194844564	7295.364335744	0.169	64.9	2035.6	1970.8	72.0	
505	Spectrogram 1	1	AU-BS02a-090829-020227.wav	7298.966023332	7299.135514513	0.169	68.0	2032.6	1964.6	424.0	
506	Spectrogram 1	1	AU-BS02a-090829-020227.wav	7302.737202100	7302.949066076	0.212	68.0	2041.8	1973.9	520.0	
507	Spectrogram 1	1	AU-BS02a-090829-020227.wav	7306.525439850	7306.779676621	0.254	64.9	2035.6	1970.8	424.0	
508	Spectrogram 1	1	AU-BS02a-090829-020227.wav	7310.317805015	7310.529668991	0.212	55.6	2032.6	1977.0	384.0	
509	Spectrogram 1	1	AU-BS02a-090829-020227.wav	7314.152542976	7314.279661362	0.127	71.0	2026.4	1955.3	256.0	
510	Spectrogram 1	1	AU-BS02a-090829-020227.wav	7318.008467335	7318.220331311	0.212	61.8	1946.1	1884.3	128.0	
511	Spectrogram 1	1	AU-BS02a-090829-020227.wav	7321.779646103	7321.991510079	0.212	64.9	1890.5	1825.6	272.0	
512	Spectrogram 1	1	AU-BS02a-090829-020227.wav	7325.317774498	7325.529638474	0.212	55.6	1186.2	1130.6	424.0	
513	Spectrogram 1	1	AU-BS02a-090829-020227.wav	7329.237258049	7329.449122025	0.212	61.8	1254.1	1192.3	72.0	
514	Spectrogram 1	1	AU-BS02a-090829-020227.wav	7333.262673588	7333.516910359	0.254	55.6	1288.1	1232.5	152.0	
515	Spectrogram 1	1	AU-BS02a-090829-020227.wav	7336.949106766	7337.203343537	0.254	40.2	1380.8	1340.6	112.0	
516	Spectrogram 1	1	AU-BS02a-090829-020227.wav	7341.016895100	7341.228759076	0.212	49.4	1210.9	1161.5	64.0	
517	Spectrogram 1	1	AU-BS02a-090829-020227.wav	7344.576209893	7344.830446664	0.254	52.5	809.3	756.8	56.0	end paTTERN
518	Spectrogram 1	1	AU-BS02a-090829-021330.wav	7898.406800092	7899.042392019	0.636	49.4	207.0	157.5	56.0	start pattern
519	Spectrogram 1	1	AU-BS02a-090829-021330.wav	7901.372895753	7902.050860475	0.678	43.2	210.1	166.8	48.0	
520	Spectrogram 1	1	AU-BS02a-090829-021330.wav	7904.805092160	7905.398311292	0.593	43.2	225.5	182.3	56.0	
521	Spectrogram 1	1	AU-BS02a-090829-021330.wav	7907.686442230	7908.279661362	0.593	27.8	216.2	188.4	32.0	
522	Spectrogram 1	1	AU-BS02a-090829-021330.wav	7910.313555529	7910.991520251	0.678	37.1	213.1	176.1	40.0	
523	Spectrogram 1	1	AU-BS02a-090829-021330.wav	7912.940668828	7913.661006346	0.720	37.1	219.3	182.3	40.0	
524	Spectrogram 1	1	AU-BS02a-090829-021330.wav	7915.610154922	7916.288119645	0.678	37.1	231.7	194.6	40.0	
525	Spectrogram 1	1	AU-BS02a-090829-021330.wav	7918.025404246	7918.703368968	0.678	46.3	216.2	169.9	56.0	
526	Spectrogram 1	1	AU-BS02a-090829-021330.wav	7920.737263135	7921.372855063	0.636	30.9	219.3	188.4	32.0	
527	Spectrogram 1	1	AU-BS02a-090829-021330.wav	7923.576240410	7924.042341157	0.466	34.0	234.8	200.8	40.0	
528	Spectrogram 1	1	AU-BS02a-090829-021330.wav	7925.949116939	7926.457590480	0.508	49.4	234.8	185.3	56.0	
529	Spectrogram 1	1	AU-BS02a-090829-021330.wav	7941.627051143	7941.838915119	0.212	68.0	2041.8	1973.9	1096.0	start gs
530	Spectrogram 1	1	AU-BS02a-090829-021330.wav	7945.906703453	7946.118567429	0.212	71.0	1896.6	1825.6	136.0	
531	Spectrogram 1	1	AU-BS02a-090829-021330.wav	7949.720255017	7949.974491787	0.254	80.3	2014.0	1933.7	272.0	
532	Spectrogram 1	1	AU-BS02a-090829-021330.wav	7953.508492766	7953.762729537	0.254	52.5	1995.5	1943.0	272.0	
533	Spectrogram 1	1	AU-BS02a-090829-021330.wav	7957.322044329	7957.533908305	0.212	86.5	2007.8	1921.4	272.0	
534	Spectrogram 1	1	AU-BS02a-090829-021330.wav	7961.008477507	7961.220341483	0.212	64.9	1921.4	1856.5	272.0	
535	Spectrogram 1	1	AU-BS02a-090829-021330.wav	7964.949147456	7965.118638637	0.169	58.7	1967.7	1909.0	160.0	
536	Spectrogram 1	1	AU-BS02a-090829-021330.wav	7968.762699019	7968.932190200	0.169	58.7	2017.1	1958.4	272.0	
537	Spectrogram 1	1	AU-BS02a-090829-021330.wav	7972.576250583	7972.788114559	0.212	68.0	2023.3	1955.3	120.0	
538	Spectrogram 1	1	AU-BS02a-090829-021330.wav	7976.389802146	7976.559293327	0.169	49.4	1677.3	1627.9	56.0	
539	Spectrogram 1	1	AU-BS02a-090829-021330.wav	7980.160980914	7980.372844890	0.212	43.2	2007.8	1964.6	80.0	
540	Spectrogram 1	1	AU-BS02a-090829-021330.wav	7984.144023658	7984.355887634	0.212	46.3	1831.8	1785.4	96.0	
541	Spectrogram 1	1	AU-BS02a-090829-021330.wav	7988.042320812	7988.211811992	0.169	49.4	2004.8	1955.3	88.0	
542	Spectrogram 1	1	AU-BS02a-090829-021330.wav	7991.982990761	7992.237227531	0.254	64.9	1606.3	1541.4	72.0	
543	Spectrogram 1	1	AU-BS02a-090829-021330.wav	7996.008406300	7996.220270275	0.212	49.4	1930.6	1881.2	72.0	
544	Spectrogram 1	1	AU-BS02a-090829-021330.wav	8000.203313019	8000.457549790	0.254	71.0	1834.9	1763.8	72.0	
545	Spectrogram 1	1	AU-BS02a-090829-021330.wav	8004.355846944	8004.610083715	0.254	46.3	1695.9	1649.5	56.0	
546	Spectrogram 1	1	AU-BS02a-090829-021330.wav	8008.652558235	8008.906795006	0.254	61.8	1961.5	1899.7	72.0	
547	Spectrogram 1	1	AU-BS02a-090829-021330.wav	8012.762719364	8013.059328931	0.297	49.4	1998.6	1949.2	280.0	
548	Spectrogram 1	1	AU-BS02a-090829-021330.wav	8016.788134904	8016.999998879	0.212	55.6	2026.4	1970.8	56.0	
549	Spectrogram 1	1	AU-BS02a-090829-021330.wav	8020.940668828	8021.237278394	0.297	34.0	1881.2	1847.2	40.0	end pattern
550	Spectrogram 1	1	AU-BS02a-090829-025741.wav	10575.805041297	10576.355887634	0.551	18.5	216.2	197.7	32.0	start pattern
551	Spectrogram 1	1	AU-BS02a-090829-025741.wav	10578.855882548	10579.449101680	0.593	40.2	207.0	166.8	48.0	
552	Spectrogram 1	1	AU-BS02a-090829-025741.wav	10582.118587774	10582.796552496	0.678	40.2	207.0	166.8	48.0	
553	Spectrogram 1	1	AU-BS02a-090829-025741.wav	10585.084683434	10585.677902567	0.593	27.8	216.2	188.4	32.0	
554	Spectrogram 1	1	AU-BS02a-090829-025741.wav	10587.966033505	10588.601625432	0.636	34.0	216.2	182.3	40.0	
555	Spectrogram 1	1	AU-BS02a-090829-025741.wav	10590.974501960	10591.652466682	0.678	34.0	197.7	163.7	40.0	
556	Spectrogram 1	1	AU-BS02a-090829-025741.wav	10593.728733645	10594.364325572	0.636	24.7	213.1	188.4	32.0	
557	Spectrogram 1	1	AU-BS02a-090829-025741.wav	10596.525338124	10597.033811666	0.508	34.0	216.2	182.3	104.0	
558	Spectrogram 1	1	AU-BS02a-090829-025741.wav	10599.423747176	10600.101711898	0.678	27.8	231.7	203.9	32.0	
559	Spectrogram 1	1	AU-BS02a-090829-025741.wav	10617.961845053	10618.173709029	0.212	55.6	2007.8	1952.2	56.0	start gs
560	Spectrogram 1	1	AU-BS02a-090829-025741.wav	10621.881328604	10622.050819785	0.169	46.3	1980.0	1933.7	112.0	
561	Spectrogram 1	1	AU-BS02a-090829-025741.wav	10625.694880168	10625.864371348	0.169	58.7	2004.8	1946.1	168.0	
562	Spectrogram 1	1	AU-BS02a-090829-025741.wav	10629.466058936	10629.677922912	0.212	40.2	1973.9	1933.7	48.0	
563	Spectrogram 1	1	AU-BS02a-090829-025741.wav	10633.279610499	10633.449101680	0.169	68.0	2026.4	1958.4	520.0	
564	Spectrogram 1	1	AU-BS02a-090829-025741.wav	10637.008416472	10637.177907653	0.169	46.3	1992.4	1946.1	248.0	
565	Spectrogram 1	1	AU-BS02a-090829-025741.wav	10640.991459216	10641.245695987	0.254	58.7	2017.1	1958.4	96.0	
566	Spectrogram 1	1	AU-BS02a-090829-025741.wav	10644.910942767	10645.122806743	0.212	49.4	2007.8	1958.4	128.0	
567	Spectrogram 1	1	AU-BS02a-090829-025741.wav	10648.533816752	10648.745680728	0.212	30.9	2004.8	1973.9	72.0	
568	Spectrogram 1	1	AU-BS02a-090829-025741.wav	10652.237308912	10652.449172887	0.212	52.5	2035.6	1983.1	96.0	
569	Spectrogram 1	1	AU-BS02a-090829-025741.wav	10656.135606065	10656.305097246	0.169	40.2	2010.9	1970.8	88.0	
570	Spectrogram 1	1	AU-BS02a-090829-025741.wav	10660.161021604	10660.415258375	0.254	40.2	1865.7	1825.6	88.0	
571	Spectrogram 1	1	AU-BS02a-090829-025741.wav	10664.101691553	10664.313555529	0.212	24.7	1902.8	1878.1	32.0	
572	Spectrogram 1	1	AU-BS02a-090829-025741.wav	10668.127107092	10668.381343863	0.254	61.8	1936.8	1875.0	88.0	
573	Spectrogram 1	1	AU-BS02a-090829-025741.wav	10672.279641017	10672.491504992	0.212	40.2	1977.0	1936.8	72.0	
574	Spectrogram 1	1	AU-BS02a-090829-025741.wav	10676.177938170	10676.389802146	0.212	40.2	2026.4	1986.2	288.0	end pattern
575	Spectrogram 1	1	AU-BS02a-090829-043705.wav	16237.330482267	16238.008446990	0.678	21.6	182.3	160.6	24.0	start pattern
576	Spectrogram 1	1	AU-BS02a-090829-043705.wav	16239.788104386	16240.381323518	0.593	20.1	183.8	163.7	24.0	
577	Spectrogram 1	1	AU-BS02a-090829-043705.wav	16242.372844890	16243.093182408	0.720	30.9	191.5	160.6	40.0	
578	Spectrogram 1	1	AU-BS02a-090829-043705.wav	16245.296567755	16245.847414092	0.551	27.8	188.4	160.6	32.0	
579	Spectrogram 1	1	AU-BS02a-090829-043705.wav	16248.093172235	16248.559272982	0.466	18.5	207.0	188.4	40.0	
580	Spectrogram 1	1	AU-BS02a-090829-043705.wav	16250.889776715	16251.482995847	0.593	21.6	231.7	210.1	24.0	
581	Spectrogram 1	1	AU-BS02a-090829-043705.wav	16254.618582688	16255.254174615	0.636	21.6	237.9	216.2	32.0	
582	Spectrogram 1	1	AU-BS02a-090829-043705.wav	16268.533918478	16268.703409658	0.169	58.7	2026.4	1967.7	152.0	start gs
583	Spectrogram 1	1	AU-BS02a-090829-043705.wav	16272.474588426	16272.644079607	0.169	51.0	1975.4	1924.4	152.0	
584	Spectrogram 1	1	AU-BS02a-090829-043705.wav	16276.372885580	16276.542376761	0.169	40.2	2026.4	1986.2	64.0	
585	Spectrogram 1	1	AU-BS02a-090829-043705.wav	16280.186437143	16280.355928324	0.169	49.4	2026.4	1977.0	128.0	
586	Spectrogram 1	1	AU-BS02a-090829-043705.wav	16283.999988707	16284.169479887	0.169	21.6	2023.3	2001.7	496.0	
587	Spectrogram 1	1	AU-BS02a-090829-043705.wav	16287.813540270	16287.983031451	0.169	37.1	1998.6	1961.5	608.0	
588	Spectrogram 1	1	AU-BS02a-090829-043705.wav	16291.627091833	16291.796583014	0.169	52.5	1998.6	1946.1	88.0	
589	Spectrogram 1	1	AU-BS02a-090829-043705.wav	16295.440643397	16295.610134577	0.169	24.7	1970.8	1946.1	96.0	
590	Spectrogram 1	1	AU-BS02a-090829-043705.wav	16299.296567755	16299.466058936	0.169	37.1	2010.9	1973.9	96.0	
591	Spectrogram 1	1	AU-BS02a-090829-043705.wav	16303.067746523	16303.237237704	0.169	29.3	2027.9	1998.6	96.0	
592	Spectrogram 1	1	AU-BS02a-090829-043705.wav	16306.923670882	16307.135534858	0.212	21.6	1909.0	1887.4	80.0	
593	Spectrogram 1	1	AU-BS02a-090829-043705.wav	16310.737222445	16310.906713626	0.169	24.7	2023.3	1998.6	88.0	
594	Spectrogram 1	1	AU-BS02a-090829-043705.wav	16314.550774009	16314.720265189	0.169	30.9	2020.2	1989.3	80.0	
595	Spectrogram 1	1	AU-BS02a-090829-043705.wav	16318.406698367	16318.618562343	0.212	34.0	2029.5	1995.5	368.0	
596	Spectrogram 1	1	AU-BS02a-090829-043705.wav	16322.491545683	16322.703409658	0.212	43.2	1946.1	1902.8	72.0	
597	Spectrogram 1	1	AU-BS02a-090829-043705.wav	16326.432215631	16326.601706812	0.169	24.7	2023.3	1998.6	64.0	
598	Spectrogram 1	1	AU-BS02a-090829-043705.wav	16330.542376761	16330.796613532	0.254	18.5	2017.1	1998.6	72.0	
599	Spectrogram 1	1	AU-BS02a-090829-043705.wav	16334.525419505	16334.737283480	0.212	24.7	1983.1	1958.4	368.0	end pattern
600	Spectrogram 1	1	AU-BS02a-090829-051013.wav	18168.152542976	18168.661016518	0.508	15.4	225.5	210.1	16.0	start pattern
601	Spectrogram 1	1	AU-BS02a-090829-051013.wav	18170.483046709	18171.118638637	0.636	18.5	222.4	203.9	48.0	
602	Spectrogram 1	1	AU-BS02a-090829-051013.wav	18173.025414418	18173.788124731	0.763	6.2	225.5	219.3	8.0	
603	Spectrogram 1	1	AU-BS02a-090829-051013.wav	18175.694900513	18176.372865235	0.678	30.9	219.3	188.4	40.0	
604	Spectrogram 1	1	AU-BS02a-090829-051013.wav	18178.110149836	18178.745741763	0.636	21.6	225.5	203.9	48.0	
605	Spectrogram 1	1	AU-BS02a-090829-051013.wav	18180.949127111	18181.627091833	0.678	27.8	216.2	188.4	32.0	
606	Spectrogram 1	1	AU-BS02a-090829-051013.wav	18184.677933084	18185.271152216	0.593	34.0	216.2	182.3	112.0	
607	Spectrogram 1	1	AU-BS02a-090829-051013.wav	18198.830446664	18199.042310639	0.212	61.8	2026.4	1964.6	288.0	start gs
608	Spectrogram 1	1	AU-BS02a-090829-051013.wav	18202.771116612	18202.940607793	0.169	27.8	2023.3	1995.5	256.0	
609	Spectrogram 1	1	AU-BS02a-090829-051013.wav	18206.584668176	18206.796532151	0.212	30.9	2029.5	1998.6	256.0	
610	Spectrogram 1	1	AU-BS02a-090829-051013.wav	18210.355846944	18210.567710920	0.212	34.0	2032.6	1998.6	256.0	
611	Spectrogram 1	1	AU-BS02a-090829-051013.wav	18214.059339103	18214.228830284	0.169	24.7	2032.6	2007.8	296.0	
612	Spectrogram 1	1	AU-BS02a-090829-051013.wav	18217.830517871	18218.042381847	0.212	34.0	2035.6	2001.7	848.0	
613	Spectrogram 1	1	AU-BS02a-090829-051013.wav	18221.686442230	18221.855933410	0.169	40.2	2041.8	2001.7	488.0	
614	Spectrogram 1	1	AU-BS02a-090829-051013.wav	18225.372875408	18225.584739383	0.212	34.0	2038.7	2004.8	544.0	
615	Spectrogram 1	1	AU-BS02a-090829-051013.wav	18229.228799766	18229.483036537	0.254	30.9	2044.9	2014.0	544.0	
616	Spectrogram 1	1	AU-BS02a-090829-051013.wav	18232.957605739	18233.127096920	0.169	30.9	2035.6	2004.8	88.0	
617	Spectrogram 1	1	AU-BS02a-090829-051013.wav	18236.644038917	18236.813530098	0.169	34.0	2032.6	1998.6	88.0	
618	Spectrogram 1	1	AU-BS02a-090829-051013.wav	18240.372844890	18240.584708866	0.212	52.5	2017.1	1964.6	88.0	
619	Spectrogram 1	1	AU-BS02a-090829-051013.wav	18244.144023658	18244.271142044	0.127	40.2	2010.9	1970.8	96.0	
620	Spectrogram 1	1	AU-BS02a-090829-051013.wav	18247.915202426	18248.211811992	0.297	34.0	2007.8	1973.9	168.0	end pattern
