Selection	View	Channel	Begin File	Begin Time (s)	End Time (s)	Delta Time (s)	Low Freq (Hz)	High Freq (Hz)	Delta Freq (Hz)	Peak Freq (Hz)	Notes
1	Spectrogram 1	1	AU-BS02b-100111-221000.wav	482.859	483.128	0.269	28.5	490.5	462.0	32.0	start p[attern D
2	Spectrogram 1	1	AU-BS02b-100111-221000.wav	483.397	483.621	0.224	15.8	525.3	509.5	200.0	
3	Spectrogram 1	1	AU-BS02b-100111-221000.wav	492.856	493.125	0.269	50.6	753.2	702.5	432.0	
4	Spectrogram 1	1	AU-BS02b-100111-221000.wav	493.438	493.707	0.269	38.0	712.0	674.1	360.0	
5	Spectrogram 1	1	AU-BS02b-100111-221000.wav	498.099	498.367	0.269	44.3	636.1	591.8	152.0	
6	Spectrogram 1	1	AU-BS02b-100111-221000.wav	498.547	498.726	0.179	25.3	718.4	693.0	32.0	
7	Spectrogram 1	1	AU-BS02b-100111-221000.wav	503.162	503.386	0.224	44.3	1246.8	1202.5	528.0	
8	Spectrogram 1	1	AU-BS02b-100111-221000.wav	503.655	503.879	0.224	38.0	708.9	670.9	200.0	
9	Spectrogram 1	1	AU-BS02b-100111-221000.wav	508.405	508.584	0.179	31.6	1164.6	1132.9	288.0	
10	Spectrogram 1	1	AU-BS02b-100111-221000.wav	508.853	509.122	0.269	50.6	1034.8	984.2	232.0	
11	Spectrogram 1	1	AU-BS02b-100111-221000.wav	513.737	513.916	0.179	38.0	1512.7	1474.7	440.0	
12	Spectrogram 1	1	AU-BS02b-100111-221000.wav	514.163	514.387	0.224	38.0	1373.4	1335.4	552.0	
13	Spectrogram 1	1	AU-BS02b-100111-221000.wav	519.069	519.294	0.224	28.5	1256.3	1227.8	360.0	
14	Spectrogram 1	1	AU-BS02b-100111-221000.wav	519.518	519.742	0.224	31.6	1231.0	1199.4	184.0	
15	Spectrogram 1	1	AU-BS02b-100111-222000.wav	660.905	661.084	0.179	19.0	636.1	617.1	24.0	start pattern
16	Spectrogram 1	1	AU-BS02b-100111-222000.wav	661.398	661.622	0.224	38.0	667.7	629.7	256.0	
17	Spectrogram 1	1	AU-BS02b-100111-222000.wav	670.942	671.122	0.179	31.6	465.2	433.5	232.0	
18	Spectrogram 1	1	AU-BS02b-100111-222000.wav	671.525	671.704	0.179	25.3	484.2	458.9	264.0	
19	Spectrogram 1	1	AU-BS02b-100111-222000.wav	676.297	676.521	0.224	68.0	394.0	325.9	384.0	
20	Spectrogram 1	1	AU-BS02b-100111-222000.wav	676.768	676.992	0.224	57.0	411.4	354.4	224.0	
21	Spectrogram 1	1	AU-BS02b-100111-222000.wav	681.406	681.630	0.224	44.3	436.7	392.4	104.0	
22	Spectrogram 1	1	AU-BS02b-100111-222000.wav	681.876	682.100	0.224	41.1	528.5	487.3	48.0	
23	Spectrogram 1	1	AU-BS02b-100111-222000.wav	686.760	686.984	0.224	31.6	300.6	269.0	48.0	
24	Spectrogram 1	1	AU-BS02b-100111-222000.wav	687.388	687.612	0.224	28.5	325.9	297.5	56.0	
25	Spectrogram 1	1	AU-BS02b-100111-222000.wav	692.361	692.586	0.224	44.3	500.0	455.7	72.0	
26	Spectrogram 1	1	AU-BS02b-100111-222000.wav	692.944	693.168	0.224	41.1	1025.3	984.2	144.0	
33	Spectrogram 1	1	AU-BS02b-100111-225000.wav	2252.738	2252.962	0.224	26.8	657.7	630.9	264.0	start pattern
34	Spectrogram 1	1	AU-BS02b-100111-225000.wav	2253.320	2253.589	0.269	26.8	583.9	557.0	88.0	
35	Spectrogram 1	1	AU-BS02b-100111-225000.wav	2262.730	2262.954	0.224	36.9	788.6	751.7	592.0	
36	Spectrogram 1	1	AU-BS02b-100111-225000.wav	2263.268	2263.492	0.224	36.9	778.5	741.6	296.0	
37	Spectrogram 1	1	AU-BS02b-100111-225000.wav	2267.928	2268.197	0.269	40.3	1573.8	1533.6	512.0	
38	Spectrogram 1	1	AU-BS02b-100111-225000.wav	2268.466	2268.735	0.269	23.5	1577.2	1553.7	288.0	
39	Spectrogram 1	1	AU-BS02b-100111-225000.wav	2273.238	2273.462	0.224	36.9	1406.0	1369.1	512.0	
40	Spectrogram 1	1	AU-BS02b-100111-225000.wav	2273.664	2273.843	0.179	50.3	1298.7	1248.3	288.0	
41	Spectrogram 1	1	AU-BS02b-100111-225000.wav	2278.526	2278.750	0.224	31.9	1209.7	1177.9	456.0	
42	Spectrogram 1	1	AU-BS02b-100111-225000.wav	2279.041	2279.220	0.179	26.8	1241.6	1214.8	232.0	
43	Spectrogram 1	1	AU-BS02b-100111-230000.wav	2799.952	2800.221	0.269	47.0	825.5	778.5	64.0	start pattern
44	Spectrogram 1	1	AU-BS02b-100111-230000.wav	2800.580	2800.804	0.224	23.5	1392.6	1369.1	200.0	
45	Spectrogram 1	1	AU-BS02b-100111-230000.wav	2810.057	2810.281	0.224	36.9	1191.3	1154.4	456.0	
46	Spectrogram 1	1	AU-BS02b-100111-230000.wav	2810.595	2810.819	0.224	35.2	978.2	943.0	168.0	
47	Spectrogram 1	1	AU-BS02b-100111-230000.wav	2815.277	2815.456	0.179	30.2	1080.5	1050.3	464.0	
48	Spectrogram 1	1	AU-BS02b-100111-230000.wav	2815.725	2815.994	0.269	47.0	1087.2	1040.3	64.0	
49	Spectrogram 1	1	AU-BS02b-100111-230000.wav	2820.475	2820.699	0.224	60.4	791.9	731.5	568.0	
50	Spectrogram 1	1	AU-BS02b-100111-230000.wav	2820.968	2821.192	0.224	57.0	791.9	734.9	264.0	
51	Spectrogram 1	1	AU-BS02b-100111-230000.wav	2825.812	2826.036	0.224	33.6	828.9	795.3	112.0	
52	Spectrogram 1	1	AU-BS02b-100111-230000.wav	2826.305	2826.574	0.269	23.5	768.5	745.0	80.0	
53	Spectrogram 1	1	AU-BS02b-100111-231000.wav	3439.931	3440.111	0.179	23.5	640.9	617.4	24.0	start pattern
54	Spectrogram 1	1	AU-BS02b-100111-231000.wav	3440.379	3440.559	0.179	25.2	666.1	640.9	112.0	
55	Spectrogram 1	1	AU-BS02b-100111-231000.wav	3449.700	3449.924	0.224	60.4	691.3	630.9	128.0	
56	Spectrogram 1	1	AU-BS02b-100111-231000.wav	3450.148	3450.372	0.224	50.3	704.7	654.4	80.0	
57	Spectrogram 1	1	AU-BS02b-100111-231000.wav	3454.808	3455.032	0.224	36.9	1302.0	1265.1	176.0	
58	Spectrogram 1	1	AU-BS02b-100111-231000.wav	3455.279	3455.503	0.224	53.7	1275.2	1221.5	88.0	
59	Spectrogram 1	1	AU-BS02b-100111-231000.wav	3459.961	3460.230	0.269	33.6	1194.6	1161.1	120.0	
60	Spectrogram 1	1	AU-BS02b-100111-231000.wav	3460.454	3460.723	0.269	30.2	1184.6	1154.4	152.0	
61	Spectrogram 1	1	AU-BS02b-100111-231000.wav	3465.159	3465.428	0.269	30.2	1191.3	1161.1	176.0	
62	Spectrogram 1	1	AU-BS02b-100111-231000.wav	3465.652	3465.876	0.224	36.9	1187.9	1151.0	232.0	
63	Spectrogram 1	1	AU-BS02b-100111-234000.wav	5047.474	5047.698	0.224	26.8	510.1	483.2	96.0	start pattern
64	Spectrogram 1	1	AU-BS02b-100111-234000.wav	5048.057	5048.326	0.269	36.9	459.7	422.8	80.0	
65	Spectrogram 1	1	AU-BS02b-100111-234000.wav	5057.467	5057.691	0.224	20.1	557.0	536.9	80.0	
66	Spectrogram 1	1	AU-BS02b-100111-234000.wav	5057.960	5058.229	0.269	26.8	567.1	540.3	232.0	
67	Spectrogram 1	1	AU-BS02b-100111-234000.wav	5062.485	5062.710	0.224	36.9	835.6	798.7	272.0	
68	Spectrogram 1	1	AU-BS02b-100111-234000.wav	5062.934	5063.158	0.224	26.8	798.7	771.8	192.0	
69	Spectrogram 1	1	AU-BS02b-100111-234000.wav	5067.594	5067.773	0.179	40.3	748.3	708.1	544.0	
70	Spectrogram 1	1	AU-BS02b-100111-234000.wav	5068.087	5068.311	0.224	47.0	842.3	795.3	184.0	
71	Spectrogram 1	1	AU-BS02b-100111-234000.wav	5072.657	5072.881	0.224	60.4	654.4	594.0	80.0	
72	Spectrogram 1	1	AU-BS02b-100111-234000.wav	5073.150	5073.419	0.269	43.6	798.7	755.0	336.0	
73	Spectrogram 1	1	AU-BS02b-100111-234000.wav	5077.967	5078.191	0.224	50.3	520.1	469.8	336.0	
74	Spectrogram 1	1	AU-BS02b-100111-234000.wav	5078.438	5078.527	0.090	40.3	503.4	463.1	264.0	
75	Spectrogram 1	1	AU-BS02b-100111-234000.wav	5083.143	5083.367	0.224	30.2	345.6	315.4	264.0	
76	Spectrogram 1	1	AU-BS02b-100111-234000.wav	5083.725	5083.994	0.269	43.6	1214.8	1171.1	360.0	
77	Spectrogram 1	1	AU-BS02b-100111-235000.wav	5358.341	5358.565	0.224	40.3	291.9	251.7	96.0	star tpattern
78	Spectrogram 1	1	AU-BS02b-100111-235000.wav	5358.878	5359.147	0.269	41.9	771.8	729.9	160.0	
79	Spectrogram 1	1	AU-BS02b-100111-235000.wav	5368.293	5368.517	0.224	36.9	513.4	476.5	336.0	
80	Spectrogram 1	1	AU-BS02b-100111-235000.wav	5368.786	5369.010	0.224	40.3	607.4	567.1	392.0	
81	Spectrogram 1	1	AU-BS02b-100111-235000.wav	5373.356	5373.580	0.224	43.6	885.9	842.3	184.0	
82	Spectrogram 1	1	AU-BS02b-100111-235000.wav	5373.849	5374.073	0.224	43.6	879.2	835.6	440.0	
83	Spectrogram 1	1	AU-BS02b-100111-235000.wav	5378.599	5378.778	0.179	43.6	812.1	768.5	176.0	
84	Spectrogram 1	1	AU-BS02b-100111-235000.wav	5379.002	5379.226	0.224	60.4	758.4	698.0	80.0	
85	Spectrogram 1	1	AU-BS02b-100111-235000.wav	5383.797	5384.066	0.269	36.9	1245.0	1208.1	208.0	
86	Spectrogram 1	1	AU-BS02b-100111-235000.wav	5384.335	5384.559	0.224	43.6	1137.6	1094.0	232.0	
87	Spectrogram 1	1	AU-BS02b-100111-235000.wav	5389.084	5389.308	0.224	53.7	1476.5	1422.8	304.0	
88	Spectrogram 1	1	AU-BS02b-100111-235000.wav	5389.577	5389.801	0.224	53.7	1459.7	1406.0	96.0	
89	Spectrogram 1	1	AU-BS02b-100112-000000.wav	5935.470	5935.694	0.224	48.7	723.2	674.5	88.0	start pattenr
90	Spectrogram 1	1	AU-BS02b-100112-000000.wav	5936.097	5936.321	0.224	48.7	669.5	620.8	168.0	
91	Spectrogram 1	1	AU-BS02b-100112-000000.wav	5945.709	5945.933	0.224	30.2	634.2	604.0	40.0	
92	Spectrogram 1	1	AU-BS02b-100112-000000.wav	5946.224	5946.448	0.224	40.3	657.7	617.4	264.0	
93	Spectrogram 1	1	AU-BS02b-100112-000000.wav	5950.817	5951.041	0.224	47.0	667.8	620.8	232.0	
94	Spectrogram 1	1	AU-BS02b-100112-000000.wav	5951.265	5951.534	0.269	47.0	651.0	604.0	560.0	
95	Spectrogram 1	1	AU-BS02b-100112-000000.wav	5955.948	5956.172	0.224	35.2	602.3	567.1	552.0	
96	Spectrogram 1	1	AU-BS02b-100112-000000.wav	5956.418	5956.598	0.179	36.9	587.2	550.3	224.0	
97	Spectrogram 1	1	AU-BS02b-100112-000000.wav	5960.926	5961.150	0.224	41.9	904.4	862.4	336.0	
98	Spectrogram 1	1	AU-BS02b-100112-000000.wav	5961.441	5961.665	0.224	36.9	785.2	748.3	336.0	
99	Spectrogram 1	1	AU-BS02b-100112-000000.wav	5966.236	5966.460	0.224	30.2	687.9	657.7	192.0	
100	Spectrogram 1	1	AU-BS02b-100112-000000.wav	5966.729	5966.953	0.224	30.2	644.3	614.1	272.0	
101	Spectrogram 1	1	AU-BS02b-100112-000000.wav	5971.389	5971.613	0.224	47.0	745.0	698.0	192.0	
102	Spectrogram 1	1	AU-BS02b-100112-000000.wav	5971.792	5972.016	0.224	57.0	745.0	687.9	384.0	
103	Spectrogram 1	1	AU-BS02b-100112-002000.wav	6924.408	6924.632	0.224	43.6	432.9	389.3	112.0	start pattern
104	Spectrogram 1	1	AU-BS02b-100112-002000.wav	6924.968	6925.282	0.314	40.3	466.4	426.2	152.0	
105	Spectrogram 1	1	AU-BS02b-100112-002000.wav	6934.472	6934.651	0.179	33.6	476.5	443.0	440.0	
106	Spectrogram 1	1	AU-BS02b-100112-002000.wav	6934.965	6935.279	0.314	40.3	620.8	580.5	392.0	
107	Spectrogram 1	1	AU-BS02b-100112-002000.wav	6939.625	6939.849	0.224	26.8	667.8	640.9	264.0	
108	Spectrogram 1	1	AU-BS02b-100112-002000.wav	6940.073	6940.342	0.269	23.5	916.1	892.6	64.0	
109	Spectrogram 1	1	AU-BS02b-100112-002000.wav	6944.644	6944.868	0.224	80.5	889.3	808.7	200.0	
110	Spectrogram 1	1	AU-BS02b-100112-002000.wav	6945.092	6945.361	0.269	53.7	879.2	825.5	392.0	
111	Spectrogram 1	1	AU-BS02b-100112-002000.wav	6949.707	6949.931	0.224	23.5	1100.7	1077.2	184.0	
112	Spectrogram 1	1	AU-BS02b-100112-002000.wav	6950.155	6950.469	0.314	26.8	1070.5	1043.6	384.0	
113	Spectrogram 1	1	AU-BS02b-100112-002000.wav	6954.816	6955.040	0.224	43.6	1114.1	1070.5	232.0	
114	Spectrogram 1	1	AU-BS02b-100112-002000.wav	6955.308	6955.533	0.224	26.8	832.2	805.4	384.0	
115	Spectrogram 1	1	AU-BS02b-100112-002000.wav	6960.058	6960.238	0.179	53.7	838.9	785.2	384.0	
116	Spectrogram 1	1	AU-BS02b-100112-002000.wav	6960.506	6960.820	0.314	57.0	832.2	775.2	136.0	
117	Spectrogram 1	1	AU-BS02b-100112-004000.wav	8063.319	8063.543	0.224	40.3	469.8	429.5	168.0	start pattenr
118	Spectrogram 1	1	AU-BS02b-100112-004000.wav	8063.812	8064.081	0.269	23.5	456.4	432.9	24.0	
119	Spectrogram 1	1	AU-BS02b-100112-004000.wav	8073.423	8073.648	0.224	41.9	1036.9	995.0	328.0	
120	Spectrogram 1	1	AU-BS02b-100112-004000.wav	8073.894	8074.118	0.224	36.9	788.6	751.7	80.0	
121	Spectrogram 1	1	AU-BS02b-100112-004000.wav	8078.420	8078.689	0.269	63.8	1006.7	943.0	272.0	
122	Spectrogram 1	1	AU-BS02b-100112-004000.wav	8078.957	8079.226	0.269	21.8	951.3	929.5	160.0	
123	Spectrogram 1	1	AU-BS02b-100112-004000.wav	8083.618	8083.842	0.224	36.9	926.2	889.3	192.0	
124	Spectrogram 1	1	AU-BS02b-100112-004000.wav	8084.155	8084.379	0.224	40.3	1104.0	1063.8	144.0	
125	Spectrogram 1	1	AU-BS02b-100112-004000.wav	8088.726	8088.950	0.224	60.4	661.1	600.7	176.0	
126	Spectrogram 1	1	AU-BS02b-100112-004000.wav	8089.219	8089.488	0.269	43.6	671.1	627.5	496.0	
127	Spectrogram 1	1	AU-BS02b-100112-004000.wav	8093.924	8094.193	0.269	63.8	862.4	798.7	312.0	
128	Spectrogram 1	1	AU-BS02b-100112-004000.wav	8094.372	8094.686	0.314	50.3	791.9	741.6	384.0	
129	Spectrogram 1	1	AU-BS02b-100112-004000.wav	8098.987	8099.167	0.179	53.7	802.0	748.3	384.0	
130	Spectrogram 1	1	AU-BS02b-100112-004000.wav	8099.435	8099.615	0.179	40.3	1557.0	1516.8	208.0	
131	Spectrogram 1	1	AU-BS02b-100112-005000.wav	8431.770	8431.994	0.224	23.5	489.9	466.4	24.0	start pattern
132	Spectrogram 1	1	AU-BS02b-100112-005000.wav	8432.263	8432.487	0.224	36.9	483.2	446.3	72.0	
133	Spectrogram 1	1	AU-BS02b-100112-005000.wav	8441.673	8441.897	0.224	23.5	751.7	728.2	24.0	
134	Spectrogram 1	1	AU-BS02b-100112-005000.wav	8442.148	8442.372	0.224	33.6	657.7	624.2	296.0	
135	Spectrogram 1	1	AU-BS02b-100112-005000.wav	8446.875	8447.099	0.224	30.2	892.6	862.4	304.0	
136	Spectrogram 1	1	AU-BS02b-100112-005000.wav	8447.323	8447.547	0.224	26.8	855.7	828.9	304.0	
137	Spectrogram 1	1	AU-BS02b-100112-005000.wav	8451.849	8452.073	0.224	53.7	1352.3	1298.7	296.0	
138	Spectrogram 1	1	AU-BS02b-100112-005000.wav	8452.387	8452.611	0.224	30.2	1302.0	1271.8	176.0	
139	Spectrogram 1	1	AU-BS02b-100112-005000.wav	8456.913	8457.137	0.224	36.9	1396.0	1359.1	296.0	
140	Spectrogram 1	1	AU-BS02b-100112-005000.wav	8457.450	8457.719	0.269	31.9	1350.7	1318.8	88.0	
141	Spectrogram 1	1	AU-BS02b-100112-005000.wav	8462.021	8462.290	0.269	33.6	1211.4	1177.9	488.0	
142	Spectrogram 1	1	AU-BS02b-100112-005000.wav	8462.559	8462.828	0.269	43.6	828.9	785.2	128.0	
143	Spectrogram 1	1	AU-BS02b-100112-010000.wav	9024.157	9024.381	0.224	26.8	708.1	681.2	544.0	start pattern
144	Spectrogram 1	1	AU-BS02b-100112-010000.wav	9024.650	9024.919	0.269	26.8	694.6	667.8	72.0	
145	Spectrogram 1	1	AU-BS02b-100112-010000.wav	9034.105	9034.373	0.269	36.9	986.6	949.7	304.0	
146	Spectrogram 1	1	AU-BS02b-100112-010000.wav	9034.598	9034.866	0.269	23.5	969.8	946.3	248.0	
147	Spectrogram 1	1	AU-BS02b-100112-010000.wav	9039.307	9039.531	0.224	50.3	956.4	906.0	560.0	
148	Spectrogram 1	1	AU-BS02b-100112-010000.wav	9039.800	9039.979	0.179	26.8	896.0	869.1	304.0	
149	Spectrogram 1	1	AU-BS02b-100112-010000.wav	9044.460	9044.729	0.269	67.1	1271.8	1204.7	440.0	
150	Spectrogram 1	1	AU-BS02b-100112-010000.wav	9044.953	9045.177	0.224	50.3	738.3	687.9	328.0	
151	Spectrogram 1	1	AU-BS02b-100112-010000.wav	9049.748	9050.016	0.269	26.8	1080.5	1053.7	256.0	
152	Spectrogram 1	1	AU-BS02b-100112-010000.wav	9050.308	9050.532	0.224	23.5	1030.2	1006.7	328.0	
153	Spectrogram 1	1	AU-BS02b-100112-010000.wav	9055.170	9055.394	0.224	36.9	882.6	845.6	400.0	
154	Spectrogram 1	1	AU-BS02b-100112-010000.wav	9055.618	9055.887	0.269	33.6	902.7	869.1	400.0	
155	Spectrogram 1	1	AU-BS02b-100112-011000.wav	9689.323	9689.547	0.224	20.1	728.2	708.1	24.0	start pattern
156	Spectrogram 1	1	AU-BS02b-100112-011000.wav	9689.951	9690.264	0.314	30.2	721.5	691.3	120.0	
157	Spectrogram 1	1	AU-BS02b-100112-011000.wav	9699.226	9699.450	0.224	53.7	1137.6	1083.9	456.0	
158	Spectrogram 1	1	AU-BS02b-100112-011000.wav	9699.719	9700.033	0.314	50.3	1607.4	1557.0	256.0	
159	Spectrogram 1	1	AU-BS02b-100112-011000.wav	9704.379	9704.603	0.224	70.5	1211.4	1140.9	344.0	
160	Spectrogram 1	1	AU-BS02b-100112-011000.wav	9704.828	9705.096	0.269	47.0	1513.4	1466.4	456.0	
161	Spectrogram 1	1	AU-BS02b-100112-011000.wav	9709.443	9709.712	0.269	35.2	729.9	694.6	128.0	
162	Spectrogram 1	1	AU-BS02b-100112-011000.wav	9710.003	9710.317	0.314	30.2	1010.1	979.9	360.0	
164	Spectrogram 1	1	AU-BS02b-100112-011000.wav	9714.865	9715.089	0.224	67.1	1087.2	1020.1	456.0	
165	Spectrogram 1	1	AU-BS02b-100112-011000.wav	9715.268	9715.492	0.224	40.3	949.7	909.4	360.0	
166	Spectrogram 1	1	AU-BS02b-100112-011000.wav	9720.152	9720.376	0.224	47.0	1332.2	1285.2	592.0	
167	Spectrogram 1	1	AU-BS02b-100112-011000.wav	9720.645	9720.959	0.314	53.7	1278.5	1224.8	360.0	
168	Spectrogram 1	1	AU-BS02b-100112-011000.wav	9725.619	9725.843	0.224	63.8	1127.5	1063.8	456.0	
169	Spectrogram 1	1	AU-BS02b-100112-011000.wav	9726.134	9726.359	0.224	45.3	1585.6	1540.3	256.0	
170	Spectrogram 1	1	AU-BS02b-100112-012000.wav	10104.202	10104.426	0.224	36.9	479.9	443.0	160.0	start pattern
171	Spectrogram 1	1	AU-BS02b-100112-012000.wav	10104.695	10104.919	0.224	43.6	439.6	396.0	88.0	
172	Spectrogram 1	1	AU-BS02b-100112-012000.wav	10114.149	10114.373	0.224	26.8	936.2	909.4	272.0	
173	Spectrogram 1	1	AU-BS02b-100112-012000.wav	10114.642	10114.866	0.224	30.2	781.9	751.7	88.0	
174	Spectrogram 1	1	AU-BS02b-100112-012000.wav	10119.217	10119.397	0.179	38.6	780.2	741.6	456.0	
175	Spectrogram 1	1	AU-BS02b-100112-012000.wav	10119.665	10119.890	0.224	40.3	698.0	657.7	200.0	
176	Spectrogram 1	1	AU-BS02b-100112-012000.wav	10124.258	10124.482	0.224	41.9	1132.6	1090.6	240.0	
177	Spectrogram 1	1	AU-BS02b-100112-012000.wav	10124.729	10124.998	0.269	40.3	1013.4	973.2	216.0	
178	Spectrogram 1	1	AU-BS02b-100112-012000.wav	10129.300	10129.524	0.224	47.0	1120.8	1073.8	408.0	
179	Spectrogram 1	1	AU-BS02b-100112-012000.wav	10129.792	10130.061	0.269	36.9	1063.8	1026.8	312.0	
180	Spectrogram 1	1	AU-BS02b-100112-012000.wav	10134.363	10134.587	0.224	30.2	875.8	845.6	280.0	
181	Spectrogram 1	1	AU-BS02b-100112-012000.wav	10134.878	10135.102	0.224	47.0	865.8	818.8	216.0	
182	Spectrogram 1	1	AU-BS02b-100112-012000.wav	10139.516	10139.740	0.224	50.3	1070.5	1020.1	232.0	
183	Spectrogram 1	1	AU-BS02b-100112-012000.wav	10139.964	10140.188	0.224	40.3	1594.0	1553.7	160.0	
184	Spectrogram 1	1	AU-BS02b-100112-012000.wav	10319.709	10319.933	0.224	30.2	1033.6	1003.4	32.0	start pattern
185	Spectrogram 1	1	AU-BS02b-100112-013000.wav	10320.246	10320.515	0.269	10.1	1184.6	1174.5	296.0	
186	Spectrogram 1	1	AU-BS02b-100112-013000.wav	10324.952	10325.220	0.269	25.2	1095.6	1070.5	32.0	
187	Spectrogram 1	1	AU-BS02b-100112-013000.wav	10325.489	10325.758	0.269	38.6	847.3	808.7	256.0	
188	Spectrogram 1	1	AU-BS02b-100112-013000.wav	10330.105	10330.373	0.269	40.3	875.8	835.6	256.0	
189	Spectrogram 1	1	AU-BS02b-100112-013000.wav	10330.598	10330.866	0.269	30.2	849.0	818.8	288.0	
190	Spectrogram 1	1	AU-BS02b-100112-013000.wav	10335.374	10335.598	0.224	43.6	788.6	745.0	240.0	
192	Spectrogram 1	1	AU-BS02b-100112-013000.wav	10335.845	10336.069	0.224	40.3	748.3	708.1	264.0	
193	Spectrogram 1	1	AU-BS02b-100112-013000.wav	10559.462	10559.686	0.224	26.8	463.1	436.2	264.0	start pattern
194	Spectrogram 1	1	AU-BS02b-100112-013000.wav	10559.910	10560.134	0.224	16.8	443.0	426.2	80.0	
195	Spectrogram 1	1	AU-BS02b-100112-013000.wav	10569.365	10569.634	0.269	30.2	1187.9	1157.7	664.0	
196	Spectrogram 1	1	AU-BS02b-100112-013000.wav	10569.858	10570.172	0.314	33.6	1151.0	1117.4	408.0	
197	Spectrogram 1	1	AU-BS02b-100112-013000.wav	10574.518	10574.787	0.269	50.3	943.0	892.6	192.0	
198	Spectrogram 1	1	AU-BS02b-100112-013000.wav	10575.056	10575.325	0.269	40.3	926.2	885.9	488.0	
199	Spectrogram 1	1	AU-BS02b-100112-013000.wav	10579.627	10579.895	0.269	33.6	892.6	859.1	376.0	
200	Spectrogram 1	1	AU-BS02b-100112-013000.wav	10580.164	10580.433	0.269	26.8	882.6	855.7	408.0	
201	Spectrogram 1	1	AU-BS02b-100112-013000.wav	10584.914	10585.138	0.224	47.0	1090.6	1043.6	208.0	
202	Spectrogram 1	1	AU-BS02b-100112-013000.wav	10585.385	10585.698	0.314	21.8	1092.3	1070.5	392.0	
203	Spectrogram 1	1	AU-BS02b-100112-013000.wav	10590.134	10590.359	0.224	41.9	884.2	842.3	224.0	
204	Spectrogram 1	1	AU-BS02b-100112-013000.wav	10590.560	10590.784	0.224	40.3	902.7	862.4	592.0	
205	Spectrogram 1	1	AU-BS02b-100112-013000.wav	10595.355	10595.579	0.224	40.3	1070.5	1030.2	400.0	
206	Spectrogram 1	1	AU-BS02b-100112-013000.wav	10595.848	10596.117	0.269	47.0	1050.3	1003.4	456.0	
207	Spectrogram 1	1	AU-BS02b-100112-013000.wav	10748.124	10748.348	0.224	50.3	597.3	547.0	408.0	stasrt pattern
208	Spectrogram 1	1	AU-BS02b-100112-013000.wav	10748.617	10748.841	0.224	20.1	580.5	560.4	72.0	
209	Spectrogram 1	1	AU-BS02b-100112-013000.wav	10757.937	10758.206	0.269	50.3	835.6	785.2	176.0	
210	Spectrogram 1	1	AU-BS02b-100112-013000.wav	10758.475	10758.744	0.269	36.9	828.9	791.9	56.0	
211	Spectrogram 1	1	AU-BS02b-100112-013000.wav	10763.050	10763.319	0.269	43.6	1446.3	1402.7	456.0	
212	Spectrogram 1	1	AU-BS02b-100112-013000.wav	10763.633	10763.857	0.224	36.9	1214.8	1177.9	80.0	
213	Spectrogram 1	1	AU-BS02b-100112-013000.wav	10768.270	10768.494	0.224	33.6	892.6	859.1	456.0	
214	Spectrogram 1	1	AU-BS02b-100112-013000.wav	10768.763	10768.987	0.224	28.5	844.0	815.4	248.0	
215	Spectrogram 1	1	AU-BS02b-100112-013000.wav	10773.446	10773.670	0.224	30.2	1083.9	1053.7	512.0	
216	Spectrogram 1	1	AU-BS02b-100112-013000.wav	10773.984	10774.163	0.179	40.3	1043.6	1003.4	192.0	
217	Spectrogram 1	1	AU-BS02b-100112-013000.wav	10778.689	10778.913	0.224	36.9	865.8	828.9	368.0	
218	Spectrogram 1	1	AU-BS02b-100112-013000.wav	10779.159	10779.383	0.224	36.9	681.2	644.3	456.0	
219	Spectrogram 1	1	AU-BS02b-100112-013000.wav	10784.021	10784.200	0.179	36.9	721.5	684.6	312.0	
220	Spectrogram 1	1	AU-BS02b-100112-013000.wav	10784.514	10784.738	0.224	40.3	1305.4	1265.1	264.0	
221	Spectrogram 1	1	AU-BS02b-100112-014000.wav	10982.411	10982.590	0.179	43.6	446.3	402.7	392.0	start pattenr
222	Spectrogram 1	1	AU-BS02b-100112-014000.wav	10982.859	10983.128	0.269	33.6	409.4	375.8	112.0	
223	Spectrogram 1	1	AU-BS02b-100112-014000.wav	10992.314	10992.538	0.224	50.3	1278.5	1228.2	184.0	
224	Spectrogram 1	1	AU-BS02b-100112-014000.wav	10992.762	10993.031	0.269	43.6	1523.5	1479.9	584.0	
225	Spectrogram 1	1	AU-BS02b-100112-014000.wav	10997.467	10997.691	0.224	43.6	943.0	899.3	360.0	
226	Spectrogram 1	1	AU-BS02b-100112-014000.wav	10997.960	10998.139	0.179	50.3	939.6	889.3	296.0	
227	Spectrogram 1	1	AU-BS02b-100112-014000.wav	11002.620	11002.844	0.224	50.3	892.6	842.3	184.0	
228	Spectrogram 1	1	AU-BS02b-100112-014000.wav	11003.113	11003.337	0.224	40.3	885.9	845.6	280.0	
229	Spectrogram 1	1	AU-BS02b-100112-014000.wav	11007.795	11008.019	0.224	52.0	1129.2	1077.2	328.0	
230	Spectrogram 1	1	AU-BS02b-100112-014000.wav	11008.266	11008.490	0.224	63.8	822.1	758.4	168.0	
231	Spectrogram 1	1	AU-BS02b-100112-014000.wav	11013.150	11013.419	0.269	47.0	862.4	815.4	112.0	
232	Spectrogram 1	1	AU-BS02b-100112-014000.wav	11013.643	11013.912	0.269	33.6	828.9	795.3	128.0	
233	Spectrogram 1	1	AU-BS02b-100112-014000.wav	11254.091	11254.315	0.224	33.6	496.6	463.1	80.0	start pattern
234	Spectrogram 1	1	AU-BS02b-100112-014000.wav	11254.651	11254.920	0.269	43.6	453.0	409.4	88.0	
235	Spectrogram 1	1	AU-BS02b-100112-014000.wav	11264.016	11264.241	0.224	63.8	1248.3	1184.6	264.0	
236	Spectrogram 1	1	AU-BS02b-100112-014000.wav	11264.554	11264.778	0.224	43.6	577.2	533.6	208.0	
237	Spectrogram 1	1	AU-BS02b-100112-014000.wav	11269.080	11269.304	0.224	47.0	728.2	681.2	192.0	
238	Spectrogram 1	1	AU-BS02b-100112-014000.wav	11269.573	11269.797	0.224	43.6	728.2	684.6	272.0	
239	Spectrogram 1	1	AU-BS02b-100112-014000.wav	11274.188	11274.502	0.314	33.6	1224.8	1191.3	408.0	
240	Spectrogram 1	1	AU-BS02b-100112-014000.wav	11274.726	11274.995	0.269	26.8	630.9	604.0	344.0	
241	Spectrogram 1	1	AU-BS02b-100112-014000.wav	11279.207	11279.431	0.224	47.0	956.4	909.4	368.0	
242	Spectrogram 1	1	AU-BS02b-100112-014000.wav	11279.700	11279.924	0.224	40.3	879.2	838.9	200.0	
243	Spectrogram 1	1	AU-BS02b-100112-014000.wav	11284.517	11284.741	0.224	47.0	852.3	805.4	216.0	
244	Spectrogram 1	1	AU-BS02b-100112-014000.wav	11284.943	11285.167	0.224	53.7	745.0	691.3	208.0	
245	Spectrogram 1	1	AU-BS02b-100112-014000.wav	11289.603	11289.827	0.224	33.6	473.2	439.6	200.0	
246	Spectrogram 1	1	AU-BS02b-100112-014000.wav	11290.096	11290.364	0.269	47.0	865.8	818.8	408.0	
247	Spectrogram 1	1	AU-BS02b-100112-014000.wav	11294.845	11295.069	0.224	33.6	738.3	704.7	224.0	
248	Spectrogram 1	1	AU-BS02b-100112-014000.wav	11295.361	11295.585	0.224	45.3	713.1	667.8	184.0	
249	Spectrogram 1	1	AU-BS02b-100112-014000.wav	11513.131	11513.400	0.269	40.3	332.2	291.9	72.0	start pattenr
250	Spectrogram 1	1	AU-BS02b-100112-014000.wav	11513.668	11513.937	0.269	40.3	637.6	597.3	152.0	
251	Spectrogram 1	1	AU-BS02b-100112-015000.wav	11523.173	11523.441	0.269	38.6	719.8	681.2	424.0	
252	Spectrogram 1	1	AU-BS02b-100112-015000.wav	11523.621	11523.890	0.269	40.3	708.1	667.8	208.0	
253	Spectrogram 1	1	AU-BS02b-100112-015000.wav	11528.258	11528.482	0.224	28.5	716.4	687.9	376.0	
254	Spectrogram 1	1	AU-BS02b-100112-015000.wav	11528.774	11528.998	0.224	33.6	849.0	815.4	232.0	
255	Spectrogram 1	1	AU-BS02b-100112-015000.wav	11533.344	11533.568	0.224	40.3	919.5	879.2	200.0	
256	Spectrogram 1	1	AU-BS02b-100112-015000.wav	11533.837	11534.061	0.224	26.8	711.4	684.6	152.0	
257	Spectrogram 1	1	AU-BS02b-100112-015000.wav	11538.565	11538.789	0.224	31.9	813.8	781.9	408.0	
258	Spectrogram 1	1	AU-BS02b-100112-015000.wav	11539.035	11539.349	0.314	33.6	802.0	768.5	192.0	
259	Spectrogram 1	1	AU-BS02b-100112-015000.wav	11543.763	11543.987	0.224	47.0	718.1	671.1	336.0	
260	Spectrogram 1	1	AU-BS02b-100112-015000.wav	11544.188	11544.457	0.269	40.3	563.8	523.5	248.0	
261	Spectrogram 1	1	AU-BS02b-100112-015000.wav	11548.804	11549.028	0.224	47.0	523.5	476.5	256.0	
262	Spectrogram 1	1	AU-BS02b-100112-015000.wav	11549.386	11549.610	0.224	30.2	540.3	510.1	176.0	
263	Spectrogram 1	1	AU-BS02b-100112-015000.wav	11803.792	11804.061	0.269	47.0	724.8	677.9	200.0	start pattern
264	Spectrogram 1	1	AU-BS02b-100112-015000.wav	11804.330	11804.599	0.269	26.8	852.3	825.5	64.0	
265	Spectrogram 1	1	AU-BS02b-100112-015000.wav	11813.897	11814.121	0.224	33.6	986.6	953.0	88.0	
266	Spectrogram 1	1	AU-BS02b-100112-015000.wav	11814.412	11814.636	0.224	33.6	825.5	791.9	248.0	
267	Spectrogram 1	1	AU-BS02b-100112-015000.wav	11819.072	11819.297	0.224	47.0	1023.5	976.5	336.0	
268	Spectrogram 1	1	AU-BS02b-100112-015000.wav	11819.610	11819.879	0.269	36.9	996.6	959.7	264.0	
269	Spectrogram 1	1	AU-BS02b-100112-015000.wav	11824.181	11824.405	0.224	30.2	1187.9	1157.7	232.0	
270	Spectrogram 1	1	AU-BS02b-100112-015000.wav	11824.629	11824.853	0.224	26.8	563.8	536.9	480.0	
271	Spectrogram 1	1	AU-BS02b-100112-015000.wav	11829.244	11829.423	0.179	40.3	902.7	862.4	232.0	
272	Spectrogram 1	1	AU-BS02b-100112-015000.wav	11829.692	11830.006	0.314	30.2	859.1	828.9	56.0	
273	Spectrogram 1	1	AU-BS02b-100112-015000.wav	11834.442	11834.711	0.269	33.6	899.3	865.8	408.0	
274	Spectrogram 1	1	AU-BS02b-100112-015000.wav	11834.957	11835.182	0.224	35.2	1038.6	1003.4	424.0	
275	Spectrogram 1	1	AU-BS02b-100112-015000.wav	11839.819	11840.043	0.224	33.6	500.0	466.4	312.0	
276	Spectrogram 1	1	AU-BS02b-100112-015000.wav	11840.312	11840.536	0.224	30.2	1479.9	1449.7	656.0	
277	Spectrogram 1	1	AU-BS02b-100112-020000.wav	12053.176	12053.444	0.269	28.5	468.1	439.6	120.0	start pattern
278	Spectrogram 1	1	AU-BS02b-100112-020000.wav	12053.624	12053.937	0.314	26.8	446.3	419.5	136.0	
279	Spectrogram 1	1	AU-BS02b-100112-020000.wav	12063.128	12063.352	0.224	50.3	1161.1	1110.7	256.0	
280	Spectrogram 1	1	AU-BS02b-100112-020000.wav	12063.621	12063.845	0.224	26.8	1382.6	1355.7	176.0	
281	Spectrogram 1	1	AU-BS02b-100112-020000.wav	12068.281	12068.505	0.224	23.5	781.9	758.4	24.0	
282	Spectrogram 1	1	AU-BS02b-100112-020000.wav	12068.729	12068.953	0.224	30.2	808.7	778.5	296.0	
283	Spectrogram 1	1	AU-BS02b-100112-020000.wav	12073.389	12073.658	0.269	50.3	745.0	694.6	544.0	
284	Spectrogram 1	1	AU-BS02b-100112-020000.wav	12073.882	12074.151	0.269	33.6	728.2	694.6	176.0	
285	Spectrogram 1	1	AU-BS02b-100112-020000.wav	12078.542	12078.811	0.269	40.3	1137.6	1097.3	136.0	
286	Spectrogram 1	1	AU-BS02b-100112-020000.wav	12079.080	12079.304	0.224	47.0	620.8	573.8	232.0	
287	Spectrogram 1	1	AU-BS02b-100112-020000.wav	12083.785	12084.009	0.224	33.6	604.0	570.5	224.0	
288	Spectrogram 1	1	AU-BS02b-100112-020000.wav	12084.233	12084.502	0.269	36.9	1040.3	1003.4	224.0	
289	Spectrogram 1	1	AU-BS02b-100112-020000.wav	12303.258	12303.482	0.224	53.7	600.7	547.0	72.0	start pattern
290	Spectrogram 1	1	AU-BS02b-100112-020000.wav	12303.728	12304.042	0.314	20.1	594.0	573.8	136.0	
291	Spectrogram 1	1	AU-BS02b-100112-020000.wav	12313.317	12313.541	0.224	36.9	724.8	687.9	320.0	
292	Spectrogram 1	1	AU-BS02b-100112-020000.wav	12313.766	12314.034	0.269	23.5	755.0	731.5	224.0	
293	Spectrogram 1	1	AU-BS02b-100112-020000.wav	12318.336	12318.605	0.269	30.2	989.9	959.7	232.0	
294	Spectrogram 1	1	AU-BS02b-100112-020000.wav	12318.829	12319.053	0.224	33.6	986.6	953.0	216.0	
295	Spectrogram 1	1	AU-BS02b-100112-020000.wav	12323.489	12323.713	0.224	36.9	791.9	755.0	408.0	
296	Spectrogram 1	1	AU-BS02b-100112-020000.wav	12323.982	12324.206	0.224	40.3	771.8	731.5	216.0	
297	Spectrogram 1	1	AU-BS02b-100112-020000.wav	12328.687	12328.911	0.224	36.9	1362.4	1325.5	232.0	
298	Spectrogram 1	1	AU-BS02b-100112-020000.wav	12329.135	12329.404	0.269	36.9	845.6	808.7	64.0	
299	Spectrogram 1	1	AU-BS02b-100112-020000.wav	12333.934	12334.158	0.224	47.0	731.5	684.6	224.0	
300	Spectrogram 1	1	AU-BS02b-100112-020000.wav	12334.427	12334.651	0.224	43.6	721.5	677.9	280.0	
301	Spectrogram 1	1	AU-BS02b-100112-020000.wav	12339.311	12339.536	0.224	47.0	741.6	694.6	232.0	
302	Spectrogram 1	1	AU-BS02b-100112-020000.wav	12339.715	12339.984	0.269	40.3	738.3	698.0	480.0	
303	Spectrogram 1	1	AU-BS02b-100112-021000.wav	12503.686	12503.910	0.224	40.3	483.2	443.0	48.0	start pattern
304	Spectrogram 1	1	AU-BS02b-100112-021000.wav	12504.179	12504.493	0.314	36.9	500.0	463.1	160.0	
305	Spectrogram 1	1	AU-BS02b-100112-021000.wav	12513.634	12513.858	0.224	40.3	1016.8	976.5	456.0	
306	Spectrogram 1	1	AU-BS02b-100112-021000.wav	12514.127	12514.306	0.179	53.7	815.4	761.7	72.0	
307	Spectrogram 1	1	AU-BS02b-100112-021000.wav	12518.787	12519.011	0.224	33.6	1372.5	1338.9	336.0	
308	Spectrogram 1	1	AU-BS02b-100112-021000.wav	12519.280	12519.504	0.224	53.7	1110.7	1057.0	384.0	
309	Spectrogram 1	1	AU-BS02b-100112-021000.wav	12523.895	12524.164	0.269	50.3	1087.2	1036.9	312.0	
310	Spectrogram 1	1	AU-BS02b-100112-021000.wav	12524.388	12524.612	0.224	50.3	1107.4	1057.0	704.0	
311	Spectrogram 1	1	AU-BS02b-100112-021000.wav	12529.138	12529.407	0.269	30.2	1345.6	1315.4	296.0	
312	Spectrogram 1	1	AU-BS02b-100112-021000.wav	12529.654	12529.878	0.224	28.5	951.3	922.8	288.0	
313	Spectrogram 1	1	AU-BS02b-100112-021000.wav	12534.471	12534.739	0.269	38.6	1196.3	1157.7	480.0	
314	Spectrogram 1	1	AU-BS02b-100112-021000.wav	12534.919	12535.143	0.224	50.3	1110.7	1060.4	248.0	
315	Spectrogram 1	1	AU-BS02b-100112-021000.wav	12938.577	12938.801	0.224	45.3	397.7	352.3	96.0	start pattern
316	Spectrogram 1	1	AU-BS02b-100112-021000.wav	12939.092	12939.316	0.224	40.3	875.8	835.6	168.0	
317	Spectrogram 1	1	AU-BS02b-100112-021000.wav	12948.188	12948.457	0.269	33.6	1140.9	1107.4	72.0	
318	Spectrogram 1	1	AU-BS02b-100112-021000.wav	12948.592	12948.816	0.224	43.6	714.8	671.1	208.0	
319	Spectrogram 1	1	AU-BS02b-100112-021000.wav	12953.297	12953.521	0.224	47.0	838.9	791.9	400.0	
320	Spectrogram 1	1	AU-BS02b-100112-021000.wav	12953.700	12953.924	0.224	30.2	1010.1	979.9	296.0	
321	Spectrogram 1	1	AU-BS02b-100112-021000.wav	12958.360	12958.584	0.224	30.2	989.9	959.7	472.0	
322	Spectrogram 1	1	AU-BS02b-100112-021000.wav	12958.853	12959.122	0.269	36.9	885.9	849.0	336.0	
323	Spectrogram 1	1	AU-BS02b-100112-021000.wav	12963.558	12963.782	0.224	50.3	560.4	510.1	64.0	
324	Spectrogram 1	1	AU-BS02b-100112-021000.wav	12964.006	12964.275	0.269	50.3	560.4	510.1	64.0	
325	Spectrogram 1	1	AU-BS02b-100112-021000.wav	12968.711	12968.935	0.224	50.3	929.5	879.2	480.0	
326	Spectrogram 1	1	AU-BS02b-100112-021000.wav	12969.204	12969.473	0.269	47.0	912.8	865.8	64.0	
327	Spectrogram 1	1	AU-BS02b-100112-022000.wav	13250.052	13250.276	0.224	67.1	523.5	456.4	304.0	start pattern
328	Spectrogram 1	1	AU-BS02b-100112-022000.wav	13250.590	13250.859	0.269	33.6	1479.9	1446.3	152.0	
329	Spectrogram 1	1	AU-BS02b-100112-022000.wav	13259.955	13260.179	0.224	33.6	1620.8	1587.2	472.0	
330	Spectrogram 1	1	AU-BS02b-100112-022000.wav	13260.493	13260.762	0.269	36.9	761.7	724.8	184.0	
331	Spectrogram 1	1	AU-BS02b-100112-022000.wav	13265.064	13265.288	0.224	67.1	1714.8	1647.7	480.0	
332	Spectrogram 1	1	AU-BS02b-100112-022000.wav	13265.556	13265.825	0.269	43.6	704.7	661.1	280.0	
333	Spectrogram 1	1	AU-BS02b-100112-022000.wav	13270.239	13270.463	0.224	35.2	1239.9	1204.7	552.0	
334	Spectrogram 1	1	AU-BS02b-100112-022000.wav	13270.777	13271.001	0.224	45.3	1028.5	983.2	64.0	
335	Spectrogram 1	1	AU-BS02b-100112-022000.wav	13275.504	13275.728	0.224	50.3	1419.5	1369.1	328.0	
336	Spectrogram 1	1	AU-BS02b-100112-022000.wav	13275.952	13276.221	0.269	47.0	825.5	778.5	472.0	
337	Spectrogram 1	1	AU-BS02b-100112-023000.wav	13616.801	13617.025	0.224	53.7	456.4	402.7	80.0	
338	Spectrogram 1	1	AU-BS02b-100112-023000.wav	13617.249	13617.473	0.224	40.3	439.6	399.3	120.0	
339	Spectrogram 1	1	AU-BS02b-100112-023000.wav	13626.596	13626.820	0.224	62.1	862.4	800.3	72.0	
340	Spectrogram 1	1	AU-BS02b-100112-023000.wav	13627.067	13627.291	0.224	63.8	865.8	802.0	112.0	
341	Spectrogram 1	1	AU-BS02b-100112-023000.wav	13631.772	13631.951	0.179	52.0	1209.7	1157.7	184.0	
342	Spectrogram 1	1	AU-BS02b-100112-023000.wav	13632.220	13632.488	0.269	33.6	1248.3	1214.8	72.0	
343	Spectrogram 1	1	AU-BS02b-100112-023000.wav	13636.880	13637.059	0.179	36.9	1023.5	986.6	200.0	
344	Spectrogram 1	1	AU-BS02b-100112-023000.wav	13637.328	13637.597	0.269	47.0	983.2	936.2	336.0	
345	Spectrogram 1	1	AU-BS02b-100112-023000.wav	13642.033	13642.257	0.224	47.0	1137.6	1090.6	248.0	
346	Spectrogram 1	1	AU-BS02b-100112-023000.wav	13642.481	13642.705	0.224	47.0	701.3	654.4	336.0	
347	Spectrogram 1	1	AU-BS02b-100112-023000.wav	13647.320	13647.544	0.224	43.6	1053.7	1010.1	112.0	
348	Spectrogram 1	1	AU-BS02b-100112-023000.wav	13647.769	13647.993	0.224	53.7	1010.1	956.4	336.0	
349	Spectrogram 1	1	AU-BS02b-100112-023000.wav	13796.774	13796.998	0.224	63.8	634.2	570.5	64.0	start pattern
350	Spectrogram 1	1	AU-BS02b-100112-023000.wav	13797.222	13797.491	0.269	33.6	624.2	590.6	104.0	
351	Spectrogram 1	1	AU-BS02b-100112-023000.wav	13806.744	13806.968	0.224	26.8	791.9	765.1	32.0	
352	Spectrogram 1	1	AU-BS02b-100112-023000.wav	13807.170	13807.438	0.269	40.3	781.9	741.6	176.0	
353	Spectrogram 1	1	AU-BS02b-100112-023000.wav	13811.830	13812.054	0.224	53.7	755.0	701.3	256.0	
354	Spectrogram 1	1	AU-BS02b-100112-023000.wav	13812.367	13812.636	0.269	57.0	751.7	694.6	200.0	
355	Spectrogram 1	1	AU-BS02b-100112-023000.wav	13816.983	13817.207	0.224	67.1	976.5	909.4	88.0	
356	Spectrogram 1	1	AU-BS02b-100112-023000.wav	13817.565	13817.879	0.314	60.4	587.2	526.8	208.0	
357	Spectrogram 1	1	AU-BS02b-100112-023000.wav	13822.181	13822.405	0.224	63.8	798.7	734.9	248.0	
358	Spectrogram 1	1	AU-BS02b-100112-023000.wav	13822.629	13822.898	0.269	52.0	786.9	734.9	200.0	
359	Spectrogram 1	1	AU-BS02b-100112-023000.wav	13827.379	13827.603	0.224	50.3	533.6	483.2	416.0	
360	Spectrogram 1	1	AU-BS02b-100112-023000.wav	13827.872	13828.140	0.269	40.3	1396.0	1355.7	248.0	
361	Spectrogram 1	1	AU-BS02b-100112-023000.wav	13832.621	13832.845	0.224	70.5	1594.0	1523.5	312.0	
362	Spectrogram 1	1	AU-BS02b-100112-023000.wav	13833.159	13833.428	0.269	47.0	1583.9	1536.9	280.0	
363	Spectrogram 1	1	AU-BS02b-100112-024000.wav	14057.476	14057.700	0.224	40.3	510.1	469.8	48.0	start pattern
364	Spectrogram 1	1	AU-BS02b-100112-024000.wav	14057.946	14058.215	0.269	50.3	500.0	449.7	168.0	
365	Spectrogram 1	1	AU-BS02b-100112-024000.wav	14067.401	14067.625	0.224	63.8	637.6	573.8	96.0	
366	Spectrogram 1	1	AU-BS02b-100112-024000.wav	14067.894	14068.118	0.224	47.0	734.9	687.9	480.0	
367	Spectrogram 1	1	AU-BS02b-100112-024000.wav	14072.554	14072.778	0.224	40.3	916.1	875.8	200.0	
368	Spectrogram 1	1	AU-BS02b-100112-024000.wav	14073.092	14073.316	0.224	30.2	835.6	805.4	72.0	
369	Spectrogram 1	1	AU-BS02b-100112-024000.wav	14077.752	14077.976	0.224	50.3	765.1	714.8	176.0	
370	Spectrogram 1	1	AU-BS02b-100112-024000.wav	14078.200	14078.469	0.269	50.3	768.5	718.1	320.0	
371	Spectrogram 1	1	AU-BS02b-100112-024000.wav	14083.084	14083.308	0.224	53.7	1409.4	1355.7	176.0	
372	Spectrogram 1	1	AU-BS02b-100112-024000.wav	14083.488	14083.757	0.269	47.0	808.7	761.7	496.0	
373	Spectrogram 1	1	AU-BS02b-100112-024000.wav	14088.372	14088.551	0.179	53.7	1661.1	1607.4	592.0	
374	Spectrogram 1	1	AU-BS02b-100112-024000.wav	14088.865	14089.044	0.179	70.5	1453.0	1382.6	352.0	
375	Spectrogram 1	1	AU-BS02b-100112-024000.wav	14517.213	14517.437	0.224	47.0	530.2	483.2	48.0	start pattern
376	Spectrogram 1	1	AU-BS02b-100112-024000.wav	14517.773	14518.042	0.269	36.9	533.6	496.6	80.0	
377	Spectrogram 1	1	AU-BS02b-100112-024000.wav	14527.205	14527.429	0.224	25.2	505.0	479.9	176.0	
378	Spectrogram 1	1	AU-BS02b-100112-024000.wav	14527.676	14527.900	0.224	47.0	845.6	798.7	168.0	
379	Spectrogram 1	1	AU-BS02b-100112-024000.wav	14532.291	14532.515	0.224	33.6	630.9	597.3	328.0	
380	Spectrogram 1	1	AU-BS02b-100112-024000.wav	14532.851	14533.075	0.224	43.6	748.3	704.7	224.0	
381	Spectrogram 1	1	AU-BS02b-100112-024000.wav	14537.467	14537.691	0.224	25.2	874.2	849.0	32.0	
382	Spectrogram 1	1	AU-BS02b-100112-024000.wav	14537.982	14538.251	0.269	36.9	899.3	862.4	40.0	
383	Spectrogram 1	1	AU-BS02b-100112-024000.wav	14542.687	14542.866	0.179	36.9	547.0	510.1	120.0	
384	Spectrogram 1	1	AU-BS02b-100112-024000.wav	14543.135	14543.359	0.224	36.9	731.5	694.6	208.0	
385	Spectrogram 1	1	AU-BS02b-100112-024000.wav	14547.845	14548.069	0.224	94.0	627.5	533.6	328.0	
386	Spectrogram 1	1	AU-BS02b-100112-024000.wav	14548.382	14548.606	0.224	67.1	617.4	550.3	496.0	
387	Spectrogram 1	1	AU-BS02b-100112-024000.wav	14553.087	14553.356	0.269	57.0	822.1	765.1	336.0	
388	Spectrogram 1	1	AU-BS02b-100112-024000.wav	14553.580	14553.849	0.269	53.7	822.1	768.5	392.0	
389	Spectrogram 1	1	AU-BS02b-100112-024000.wav	14558.442	14558.666	0.224	50.3	875.8	825.5	224.0	
390	Spectrogram 1	1	AU-BS02b-100112-024000.wav	14558.913	14559.182	0.269	63.8	832.2	768.5	496.0	
391	Spectrogram 1	1	AU-BS02b-100112-025000.wav	14759.252	14759.476	0.224	48.7	320.5	271.8	72.0	start pattern
392	Spectrogram 1	1	AU-BS02b-100112-025000.wav	14759.812	14760.081	0.269	38.6	552.0	513.4	240.0	
393	Spectrogram 1	1	AU-BS02b-100112-025000.wav	14768.729	14768.953	0.224	26.8	516.8	489.9	416.0	
395	Spectrogram 1	1	AU-BS02b-100112-025000.wav	14769.177	14769.401	0.224	33.6	533.6	500.0	416.0	
396	Spectrogram 1	1	AU-BS02b-100112-025000.wav	14773.882	14774.061	0.179	43.6	677.9	634.2	328.0	
397	Spectrogram 1	1	AU-BS02b-100112-025000.wav	14774.308	14774.532	0.224	38.6	639.3	600.7	336.0	
398	Spectrogram 1	1	AU-BS02b-100112-025000.wav	14778.968	14779.192	0.224	38.6	1095.6	1057.0	272.0	
399	Spectrogram 1	1	AU-BS02b-100112-025000.wav	14779.438	14779.707	0.269	30.2	936.2	906.0	336.0	
400	Spectrogram 1	1	AU-BS02b-100112-025000.wav	14784.099	14784.323	0.224	36.9	1033.6	996.6	504.0	
401	Spectrogram 1	1	AU-BS02b-100112-025000.wav	14784.524	14784.748	0.224	33.6	1020.1	986.6	328.0	
402	Spectrogram 1	1	AU-BS02b-100112-025000.wav	14789.341	14789.521	0.179	40.3	1241.6	1201.3	336.0	
403	Spectrogram 1	1	AU-BS02b-100112-025000.wav	14789.767	14789.991	0.224	45.3	1384.2	1338.9	208.0	
404	Spectrogram 1	1	AU-BS02b-100112-030000.wav	15186.923	15187.192	0.269	43.6	583.9	540.3	192.0	start pattern
405	Spectrogram 1	1	AU-BS02b-100112-030000.wav	15187.550	15187.819	0.269	36.9	563.8	526.8	72.0	
406	Spectrogram 1	1	AU-BS02b-100112-030000.wav	15196.853	15197.077	0.224	48.7	716.4	667.8	336.0	
407	Spectrogram 1	1	AU-BS02b-100112-030000.wav	15197.256	15197.480	0.224	45.3	639.3	594.0	384.0	
408	Spectrogram 1	1	AU-BS02b-100112-030000.wav	15201.939	15202.163	0.224	47.0	560.4	513.4	336.0	
409	Spectrogram 1	1	AU-BS02b-100112-030000.wav	15202.432	15202.656	0.224	40.3	677.9	637.6	104.0	
410	Spectrogram 1	1	AU-BS02b-100112-030000.wav	15207.002	15207.226	0.224	36.9	1124.2	1087.2	176.0	
411	Spectrogram 1	1	AU-BS02b-100112-030000.wav	15207.428	15207.652	0.224	40.3	651.0	610.7	496.0	
412	Spectrogram 1	1	AU-BS02b-100112-030000.wav	15212.155	15212.424	0.269	36.9	885.9	849.0	504.0	
413	Spectrogram 1	1	AU-BS02b-100112-030000.wav	15212.648	15212.917	0.269	47.0	885.9	838.9	576.0	
414	Spectrogram 1	1	AU-BS02b-100112-030000.wav	15217.398	15217.577	0.179	63.8	664.4	600.7	72.0	
415	Spectrogram 1	1	AU-BS02b-100112-030000.wav	15217.936	15218.205	0.269	40.3	647.7	607.4	72.0	
416	Spectrogram 1	1	AU-BS02b-100112-030000.wav	15222.775	15223.044	0.269	67.1	1345.6	1278.5	264.0	
417	Spectrogram 1	1	AU-BS02b-100112-030000.wav	15223.313	15223.582	0.269	70.5	892.6	822.1	280.0	
418	Spectrogram 1	1	AU-BS02b-100112-031000.wav	15618.834	15619.102	0.269	40.3	594.0	553.7	312.0	statr pattern
419	Spectrogram 1	1	AU-BS02b-100112-031000.wav	15619.550	15619.909	0.358	36.9	533.6	496.6	144.0	
420	Spectrogram 1	1	AU-BS02b-100112-031000.wav	15629.099	15629.323	0.224	26.8	1288.6	1261.7	312.0	
421	Spectrogram 1	1	AU-BS02b-100112-031000.wav	15629.615	15629.839	0.224	35.2	716.4	681.2	80.0	
422	Spectrogram 1	1	AU-BS02b-100112-031000.wav	15634.252	15634.477	0.224	40.3	734.9	694.6	376.0	
423	Spectrogram 1	1	AU-BS02b-100112-031000.wav	15634.701	15634.925	0.224	43.6	734.9	691.3	344.0	
424	Spectrogram 1	1	AU-BS02b-100112-031000.wav	15639.361	15639.630	0.269	43.6	909.4	865.8	328.0	
425	Spectrogram 1	1	AU-BS02b-100112-031000.wav	15639.854	15640.212	0.358	36.9	892.6	855.7	336.0	
426	Spectrogram 1	1	AU-BS02b-100112-031000.wav	15644.514	15644.783	0.269	47.0	755.0	708.1	288.0	
427	Spectrogram 1	1	AU-BS02b-100112-031000.wav	15645.007	15645.231	0.224	26.8	604.0	577.2	384.0	
428	Spectrogram 1	1	AU-BS02b-100112-031000.wav	15649.779	15650.003	0.224	60.4	1845.6	1785.2	496.0	
429	Spectrogram 1	1	AU-BS02b-100112-031000.wav	15650.249	15650.518	0.269	40.3	973.2	932.9	384.0	
430	Spectrogram 1	1	AU-BS02b-100112-031000.wav	15809.919	15810.143	0.224	23.5	553.7	530.2	24.0	start pattern
431	Spectrogram 1	1	AU-BS02b-100112-031000.wav	15810.502	15810.726	0.224	20.1	550.3	530.2	24.0	
432	Spectrogram 1	1	AU-BS02b-100112-031000.wav	15819.710	15819.934	0.224	25.2	599.0	573.8	504.0	
433	Spectrogram 1	1	AU-BS02b-100112-031000.wav	15820.136	15820.405	0.269	30.2	594.0	563.8	288.0	
434	Spectrogram 1	1	AU-BS02b-100112-031000.wav	15824.796	15825.020	0.224	36.9	637.6	600.7	336.0	
435	Spectrogram 1	1	AU-BS02b-100112-031000.wav	15825.199	15825.423	0.224	33.6	855.7	822.1	272.0	
436	Spectrogram 1	1	AU-BS02b-100112-031000.wav	15829.815	15830.084	0.269	13.4	1198.0	1184.6	16.0	
437	Spectrogram 1	1	AU-BS02b-100112-031000.wav	15830.263	15830.577	0.314	30.2	899.3	869.1	336.0	
438	Spectrogram 1	1	AU-BS02b-100112-031000.wav	15834.968	15835.192	0.224	16.8	607.4	590.6	24.0	
439	Spectrogram 1	1	AU-BS02b-100112-031000.wav	15835.506	15835.775	0.269	26.8	845.6	818.8	224.0	
440	Spectrogram 1	1	AU-BS02b-100112-031000.wav	15840.215	15840.439	0.224	40.3	1090.6	1050.3	168.0	
441	Spectrogram 1	1	AU-BS02b-100112-031000.wav	15840.708	15840.977	0.269	40.3	1573.8	1533.6	488.0	
442	Spectrogram 1	1	AU-BS02b-100112-031000.wav	16074.542	16074.766	0.224	33.6	416.1	382.6	216.0	star tpattern
443	Spectrogram 1	1	AU-BS02b-100112-031000.wav	16075.035	16075.304	0.269	23.5	580.5	557.0	160.0	
444	Spectrogram 1	1	AU-BS02b-100112-031000.wav	16084.557	16084.781	0.224	18.5	699.7	681.2	24.0	
445	Spectrogram 1	1	AU-BS02b-100112-031000.wav	16085.028	16085.252	0.224	33.6	677.9	644.3	256.0	
446	Spectrogram 1	1	AU-BS02b-100112-031000.wav	16089.688	16089.957	0.269	36.9	916.1	879.2	344.0	
447	Spectrogram 1	1	AU-BS02b-100112-031000.wav	16090.270	16090.539	0.269	33.6	912.8	879.2	72.0	
448	Spectrogram 1	1	AU-BS02b-100112-031000.wav	16094.886	16095.110	0.224	13.4	1422.8	1409.4	16.0	
449	Spectrogram 1	1	AU-BS02b-100112-031000.wav	16095.356	16095.580	0.224	33.6	1295.3	1261.7	376.0	
450	Spectrogram 1	1	AU-BS02b-100112-031000.wav	16100.039	16100.263	0.224	47.0	1201.3	1154.4	176.0	
451	Spectrogram 1	1	AU-BS02b-100112-031000.wav	16100.532	16100.801	0.269	50.3	862.4	812.1	224.0	
452	Spectrogram 1	1	AU-BS02b-100112-032000.wav	16275.576	16275.800	0.224	30.2	557.0	526.8	104.0	start pattern
453	Spectrogram 1	1	AU-BS02b-100112-032000.wav	16276.114	16276.382	0.269	33.6	540.3	506.7	128.0	
454	Spectrogram 1	1	AU-BS02b-100112-032000.wav	16285.613	16285.837	0.224	47.0	560.4	513.4	496.0	
455	Spectrogram 1	1	AU-BS02b-100112-032000.wav	16286.061	16286.285	0.224	33.6	862.4	828.9	224.0	
456	Spectrogram 1	1	AU-BS02b-100112-032000.wav	16290.721	16290.990	0.269	53.7	1375.8	1322.1	72.0	
457	Spectrogram 1	1	AU-BS02b-100112-032000.wav	16291.259	16291.528	0.269	36.9	1083.9	1047.0	72.0	
458	Spectrogram 1	1	AU-BS02b-100112-032000.wav	16295.964	16296.188	0.224	40.3	664.4	624.2	336.0	
459	Spectrogram 1	1	AU-BS02b-100112-032000.wav	16296.367	16296.636	0.269	33.6	630.9	597.3	336.0	
460	Spectrogram 1	1	AU-BS02b-100112-032000.wav	16301.095	16301.319	0.224	40.3	865.8	825.5	384.0	
461	Spectrogram 1	1	AU-BS02b-100112-032000.wav	16301.655	16301.879	0.224	33.6	802.0	768.5	176.0	
462	Spectrogram 1	1	AU-BS02b-100112-032000.wav	16306.539	16306.763	0.224	33.6	1090.6	1057.0	80.0	
463	Spectrogram 1	1	AU-BS02b-100112-032000.wav	16307.032	16307.256	0.224	36.9	1080.5	1043.6	176.0	
464	Spectrogram 1	1	AU-BS02b-100112-032000.wav	16490.254	16490.478	0.224	47.0	781.9	734.9	272.0	start pattenr
465	Spectrogram 1	1	AU-BS02b-100112-032000.wav	16490.769	16491.038	0.269	40.3	708.1	667.8	136.0	
466	Spectrogram 1	1	AU-BS02b-100112-032000.wav	16500.269	16500.493	0.224	47.0	1416.1	1369.1	384.0	
467	Spectrogram 1	1	AU-BS02b-100112-032000.wav	16500.807	16501.031	0.224	50.3	543.6	493.3	336.0	
468	Spectrogram 1	1	AU-BS02b-100112-032000.wav	16505.512	16505.736	0.224	43.6	1577.2	1533.6	376.0	
469	Spectrogram 1	1	AU-BS02b-100112-032000.wav	16506.005	16506.273	0.269	21.8	1166.1	1144.3	256.0	
470	Spectrogram 1	1	AU-BS02b-100112-032000.wav	16510.665	16510.889	0.224	60.4	1342.3	1281.9	336.0	
471	Spectrogram 1	1	AU-BS02b-100112-032000.wav	16511.068	16511.292	0.224	57.0	661.1	604.0	256.0	
472	Spectrogram 1	1	AU-BS02b-100112-032000.wav	16515.818	16516.042	0.224	20.1	1224.8	1204.7	288.0	
473	Spectrogram 1	1	AU-BS02b-100112-032000.wav	16516.266	16516.490	0.224	36.9	818.8	781.9	640.0	
474	Spectrogram 1	1	AU-BS02b-100112-032000.wav	16520.971	16521.150	0.179	47.0	906.0	859.1	336.0	
475	Spectrogram 1	1	AU-BS02b-100112-032000.wav	16521.419	16521.643	0.224	47.0	869.1	822.1	584.0	
476	Spectrogram 1	1	AU-BS02b-100112-032000.wav	16526.258	16526.482	0.224	36.9	892.6	855.7	496.0	
477	Spectrogram 1	1	AU-BS02b-100112-032000.wav	16526.662	16526.931	0.269	40.3	1489.9	1449.7	376.0	
478	Spectrogram 1	1	AU-BS02b-100112-033000.wav	16685.704	16685.928	0.224	60.4	885.9	825.5	336.0	start [apttenr
479	Spectrogram 1	1	AU-BS02b-100112-033000.wav	16686.197	16686.466	0.269	50.3	889.3	838.9	144.0	
480	Spectrogram 1	1	AU-BS02b-100112-033000.wav	16695.562	16695.786	0.224	47.0	1090.6	1043.6	56.0	
481	Spectrogram 1	1	AU-BS02b-100112-033000.wav	16696.055	16696.279	0.224	43.6	1030.2	986.6	392.0	
482	Spectrogram 1	1	AU-BS02b-100112-033000.wav	16700.671	16700.895	0.224	50.3	1489.9	1439.6	160.0	
483	Spectrogram 1	1	AU-BS02b-100112-033000.wav	16701.164	16701.388	0.224	33.6	1328.9	1295.3	520.0	
484	Spectrogram 1	1	AU-BS02b-100112-033000.wav	16705.828	16706.052	0.224	33.6	1416.1	1382.6	376.0	
485	Spectrogram 1	1	AU-BS02b-100112-033000.wav	16706.321	16706.590	0.269	40.3	1221.5	1181.2	280.0	
486	Spectrogram 1	1	AU-BS02b-100112-033000.wav	16710.981	16711.205	0.224	87.2	1157.7	1070.5	248.0	
487	Spectrogram 1	1	AU-BS02b-100112-033000.wav	16711.429	16711.654	0.224	70.5	785.2	714.8	232.0	
488	Spectrogram 1	1	AU-BS02b-100112-033000.wav	16863.011	16863.235	0.224	41.9	501.7	459.7	88.0	start pattern
489	Spectrogram 1	1	AU-BS02b-100112-033000.wav	16863.527	16863.795	0.269	30.2	496.6	466.4	96.0	
490	Spectrogram 1	1	AU-BS02b-100112-033000.wav	16872.847	16873.071	0.224	43.6	530.2	486.6	88.0	
491	Spectrogram 1	1	AU-BS02b-100112-033000.wav	16873.340	16873.564	0.224	47.0	493.3	446.3	224.0	
492	Spectrogram 1	1	AU-BS02b-100112-033000.wav	16878.045	16878.269	0.224	36.9	416.1	379.2	128.0	
493	Spectrogram 1	1	AU-BS02b-100112-033000.wav	16878.493	16878.717	0.224	47.0	721.5	674.5	216.0	
494	Spectrogram 1	1	AU-BS02b-100112-033000.wav	16883.198	16883.422	0.224	50.3	644.3	594.0	208.0	
495	Spectrogram 1	1	AU-BS02b-100112-033000.wav	16883.646	16883.870	0.224	40.3	506.7	466.4	48.0	
496	Spectrogram 1	1	AU-BS02b-100112-033000.wav	16888.306	16888.575	0.269	50.3	781.9	731.5	288.0	
497	Spectrogram 1	1	AU-BS02b-100112-033000.wav	16888.754	16889.023	0.269	40.3	1063.8	1023.5	336.0	
498	Spectrogram 1	1	AU-BS02b-100112-033000.wav	16893.415	16893.639	0.224	33.6	838.9	805.4	280.0	
499	Spectrogram 1	1	AU-BS02b-100112-033000.wav	16893.907	16894.176	0.269	36.9	815.4	778.5	240.0	
500	Spectrogram 1	1	AU-BS02b-100112-033000.wav	16898.612	16898.836	0.224	43.6	684.6	640.9	584.0	
501	Spectrogram 1	1	AU-BS02b-100112-033000.wav	16899.105	16899.374	0.269	40.3	986.6	946.3	400.0	
502	Spectrogram 1	1	AU-BS02b-100112-033000.wav	17107.869	17108.093	0.224	57.0	1117.4	1060.4	208.0	stasrt patetrn
503	Spectrogram 1	1	AU-BS02b-100112-033000.wav	17108.384	17108.653	0.269	70.5	872.5	802.0	120.0	
504	Spectrogram 1	1	AU-BS02b-100112-033000.wav	17117.973	17118.197	0.224	26.8	1332.2	1305.4	520.0	
505	Spectrogram 1	1	AU-BS02b-100112-033000.wav	17118.488	17118.713	0.224	18.5	1317.1	1298.7	112.0	
506	Spectrogram 1	1	AU-BS02b-100112-033000.wav	17123.081	17123.305	0.224	43.6	1187.9	1144.3	416.0	
507	Spectrogram 1	1	AU-BS02b-100112-033000.wav	17123.530	17123.798	0.269	36.9	1429.5	1392.6	184.0	
508	Spectrogram 1	1	AU-BS02b-100112-033000.wav	17128.190	17128.414	0.224	33.6	1295.3	1261.7	280.0	
509	Spectrogram 1	1	AU-BS02b-100112-033000.wav	17128.638	17128.907	0.269	40.3	1107.4	1067.1	112.0	
510	Spectrogram 1	1	AU-BS02b-100112-033000.wav	17133.343	17133.567	0.224	30.2	979.9	949.7	208.0	
511	Spectrogram 1	1	AU-BS02b-100112-033000.wav	17133.746	17134.015	0.269	47.0	916.1	869.1	312.0	
512	Spectrogram 1	1	AU-BS02b-100112-033000.wav	17138.500	17138.769	0.269	57.0	1684.6	1627.5	312.0	
513	Spectrogram 1	1	AU-BS02b-100112-033000.wav	17138.993	17139.217	0.224	43.6	775.2	731.5	320.0	
514	Spectrogram 1	1	AU-BS02b-100112-034000.wav	17284.701	17284.925	0.224	30.2	842.3	812.1	120.0	start pattenr
515	Spectrogram 1	1	AU-BS02b-100112-034000.wav	17285.171	17285.440	0.269	33.6	838.9	805.4	80.0	
516	Spectrogram 1	1	AU-BS02b-100112-034000.wav	17294.671	17294.940	0.269	33.6	674.5	640.9	72.0	
517	Spectrogram 1	1	AU-BS02b-100112-034000.wav	17295.208	17295.432	0.224	40.3	637.6	597.3	176.0	
518	Spectrogram 1	1	AU-BS02b-100112-034000.wav	17299.783	17300.008	0.224	50.3	1006.7	956.4	88.0	
519	Spectrogram 1	1	AU-BS02b-100112-034000.wav	17300.321	17300.545	0.224	63.8	738.3	674.5	248.0	
520	Spectrogram 1	1	AU-BS02b-100112-034000.wav	17304.892	17305.116	0.224	36.9	922.8	885.9	56.0	
521	Spectrogram 1	1	AU-BS02b-100112-034000.wav	17305.429	17305.654	0.224	23.5	916.1	892.6	24.0	
522	Spectrogram 1	1	AU-BS02b-100112-034000.wav	17310.134	17310.359	0.224	50.3	557.0	506.7	216.0	
523	Spectrogram 1	1	AU-BS02b-100112-034000.wav	17310.583	17310.807	0.224	40.3	553.7	513.4	64.0	
524	Spectrogram 1	1	AU-BS02b-100112-034000.wav	17315.377	17315.601	0.224	47.0	563.8	516.8	312.0	
525	Spectrogram 1	1	AU-BS02b-100112-034000.wav	17315.780	17316.005	0.224	43.6	557.0	513.4	168.0	
526	Spectrogram 1	1	AU-BS02b-100112-034000.wav	17514.126	17514.305	0.179	63.8	489.9	426.2	304.0	start pattern
527	Spectrogram 1	1	AU-BS02b-100112-034000.wav	17514.484	17514.753	0.269	40.3	486.6	446.3	64.0	
528	Spectrogram 1	1	AU-BS02b-100112-034000.wav	17523.804	17524.028	0.224	40.3	624.2	583.9	312.0	
529	Spectrogram 1	1	AU-BS02b-100112-034000.wav	17524.297	17524.566	0.269	26.8	751.7	724.8	320.0	
530	Spectrogram 1	1	AU-BS02b-100112-034000.wav	17528.913	17529.137	0.224	26.8	620.8	594.0	376.0	
531	Spectrogram 1	1	AU-BS02b-100112-034000.wav	17529.361	17529.630	0.269	36.9	634.2	597.3	520.0	
532	Spectrogram 1	1	AU-BS02b-100112-034000.wav	17534.066	17534.245	0.179	21.8	602.3	580.5	224.0	
533	Spectrogram 1	1	AU-BS02b-100112-034000.wav	17534.514	17534.783	0.269	20.1	607.4	587.2	24.0	
534	Spectrogram 1	1	AU-BS02b-100112-034000.wav	17539.219	17539.443	0.224	33.6	1161.1	1127.5	224.0	
535	Spectrogram 1	1	AU-BS02b-100112-034000.wav	17539.667	17539.936	0.269	40.3	745.0	704.7	368.0	
536	Spectrogram 1	1	AU-BS02b-100112-034000.wav	17544.462	17544.686	0.224	20.1	1036.9	1016.8	24.0	
537	Spectrogram 1	1	AU-BS02b-100112-034000.wav	17544.954	17545.179	0.224	30.2	1349.0	1318.8	152.0	
538	Spectrogram 1	1	AU-BS02b-100112-034000.wav	17688.717	17688.986	0.269	57.0	1691.3	1634.2	96.0	start pattern
539	Spectrogram 1	1	AU-BS02b-100112-034000.wav	17689.255	17689.479	0.224	47.0	1620.8	1573.8	80.0	
540	Spectrogram 1	1	AU-BS02b-100112-034000.wav	17698.665	17698.844	0.179	30.2	630.9	600.7	88.0	
541	Spectrogram 1	1	AU-BS02b-100112-034000.wav	17699.068	17699.292	0.224	30.2	567.1	536.9	256.0	
542	Spectrogram 1	1	AU-BS02b-100112-034000.wav	17703.728	17703.952	0.224	47.0	610.7	563.8	280.0	
543	Spectrogram 1	1	AU-BS02b-100112-034000.wav	17704.266	17704.490	0.224	30.2	604.0	573.8	200.0	
544	Spectrogram 1	1	AU-BS02b-100112-034000.wav	17708.971	17709.195	0.224	36.9	547.0	510.1	96.0	
545	Spectrogram 1	1	AU-BS02b-100112-034000.wav	17709.419	17709.688	0.269	47.0	550.3	503.4	120.0	
546	Spectrogram 1	1	AU-BS02b-100112-034000.wav	17714.079	17714.303	0.224	23.5	728.2	704.7	24.0	
547	Spectrogram 1	1	AU-BS02b-100112-034000.wav	17714.572	17714.796	0.224	47.0	701.3	654.4	288.0	
548	Spectrogram 1	1	AU-BS02b-100112-034000.wav	17719.187	17719.412	0.224	53.7	614.1	560.4	56.0	
549	Spectrogram 1	1	AU-BS02b-100112-034000.wav	17719.636	17719.860	0.224	47.0	838.9	791.9	88.0	
550	Spectrogram 1	1	AU-BS02b-100112-040000.wav	18620.944	18621.168	0.224	58.7	411.1	352.3	128.0	start pattenr
551	Spectrogram 1	1	AU-BS02b-100112-040000.wav	18621.370	18621.594	0.224	47.0	412.8	365.8	80.0	
552	Spectrogram 1	1	AU-BS02b-100112-040000.wav	18630.825	18631.004	0.179	55.4	1649.3	1594.0	248.0	
553	Spectrogram 1	1	AU-BS02b-100112-040000.wav	18631.183	18631.407	0.224	63.8	983.2	919.5	536.0	
554	Spectrogram 1	1	AU-BS02b-100112-040000.wav	18635.910	18636.134	0.224	41.9	595.6	553.7	224.0	
555	Spectrogram 1	1	AU-BS02b-100112-040000.wav	18636.336	18636.515	0.179	23.5	1144.3	1120.8	272.0	
556	Spectrogram 1	1	AU-BS02b-100112-040000.wav	18640.996	18641.220	0.224	50.3	896.0	845.6	272.0	
557	Spectrogram 1	1	AU-BS02b-100112-040000.wav	18641.444	18641.713	0.269	40.3	1778.5	1738.3	272.0	
558	Spectrogram 1	1	AU-BS02b-100112-040000.wav	18646.149	18646.329	0.179	43.6	738.3	694.6	552.0	
559	Spectrogram 1	1	AU-BS02b-100112-040000.wav	18646.553	18646.866	0.314	47.0	1050.3	1003.4	328.0	
560	Spectrogram 1	1	AU-BS02b-100112-040000.wav	18651.307	18651.486	0.179	73.8	1006.7	932.9	376.0	
561	Spectrogram 1	1	AU-BS02b-100112-040000.wav	18651.755	18651.979	0.224	53.7	916.1	862.4	176.0	
562	Spectrogram 1	1	AU-BS02b-100112-040000.wav	18656.639	18656.819	0.179	16.8	1523.5	1506.7	24.0	
563	Spectrogram 1	1	AU-BS02b-100112-040000.wav	18656.998	18657.222	0.224	57.0	993.3	936.2	248.0	
564	Spectrogram 1	1	AU-BS02b-100112-041000.wav	18868.965	18869.189	0.224	50.3	600.7	550.3	56.0	start pattern
565	Spectrogram 1	1	AU-BS02b-100112-041000.wav	18869.503	18869.816	0.314	47.0	587.2	540.3	176.0	
566	Spectrogram 1	1	AU-BS02b-100112-041000.wav	18879.092	18879.316	0.224	43.6	761.7	718.1	168.0	
567	Spectrogram 1	1	AU-BS02b-100112-041000.wav	18879.607	18879.831	0.224	28.5	911.1	882.6	288.0	
568	Spectrogram 1	1	AU-BS02b-100112-041000.wav	18884.290	18884.514	0.224	57.0	1204.7	1147.7	608.0	
569	Spectrogram 1	1	AU-BS02b-100112-041000.wav	18884.783	18885.007	0.224	50.3	845.6	795.3	240.0	
570	Spectrogram 1	1	AU-BS02b-100112-041000.wav	18889.443	18889.712	0.269	58.7	706.4	647.7	168.0	
571	Spectrogram 1	1	AU-BS02b-100112-041000.wav	18889.891	18890.115	0.224	47.0	882.6	835.6	312.0	
572	Spectrogram 1	1	AU-BS02b-100112-041000.wav	18894.596	18894.820	0.224	67.1	1013.4	946.3	168.0	
573	Spectrogram 1	1	AU-BS02b-100112-041000.wav	18895.089	18895.268	0.179	31.9	1310.4	1278.5	336.0	
574	Spectrogram 1	1	AU-BS02b-100112-041000.wav	18899.794	18900.018	0.224	70.5	932.9	862.4	544.0	
575	Spectrogram 1	1	AU-BS02b-100112-041000.wav	18900.242	18900.511	0.269	60.4	932.9	872.5	200.0	
576	Spectrogram 1	1	AU-BS02b-100112-041000.wav	18905.171	18905.350	0.179	60.4	634.2	573.8	408.0	
577	Spectrogram 1	1	AU-BS02b-100112-041000.wav	18905.552	18905.776	0.224	52.0	1082.2	1030.2	168.0	
578	Spectrogram 1	1	AU-BS02b-100112-041000.wav	19087.049	19087.273	0.224	40.3	496.6	456.4	152.0	start pattern
579	Spectrogram 1	1	AU-BS02b-100112-041000.wav	19087.564	19087.788	0.224	47.0	1000.0	953.0	192.0	
580	Spectrogram 1	1	AU-BS02b-100112-041000.wav	19096.974	19097.243	0.269	60.4	1429.5	1369.1	240.0	
581	Spectrogram 1	1	AU-BS02b-100112-041000.wav	19097.444	19097.668	0.224	52.0	552.0	500.0	328.0	
582	Spectrogram 1	1	AU-BS02b-100112-041000.wav	19102.037	19102.261	0.224	60.4	1275.2	1214.8	200.0	
583	Spectrogram 1	1	AU-BS02b-100112-041000.wav	19102.530	19102.799	0.269	62.1	944.6	882.6	536.0	
584	Spectrogram 1	1	AU-BS02b-100112-041000.wav	19107.190	19107.459	0.269	55.4	1367.4	1312.1	200.0	
585	Spectrogram 1	1	AU-BS02b-100112-041000.wav	19107.616	19107.840	0.224	36.9	1265.1	1228.2	472.0	
587	Spectrogram 1	1	AU-BS02b-100112-041000.wav	19112.254	19112.478	0.224	50.3	1208.1	1157.7	544.0	
588	Spectrogram 1	1	AU-BS02b-100112-041000.wav	19112.702	19112.881	0.179	50.3	731.5	681.2	104.0	
589	Spectrogram 1	1	AU-BS02b-100112-041000.wav	19117.497	19117.676	0.179	33.6	1271.8	1238.3	192.0	
590	Spectrogram 1	1	AU-BS02b-100112-041000.wav	19117.945	19118.124	0.179	50.3	654.4	604.0	576.0	
591	Spectrogram 1	1	AU-BS02b-100112-041000.wav	19122.695	19122.963	0.269	43.6	1402.7	1359.1	328.0	
592	Spectrogram 1	1	AU-BS02b-100112-041000.wav	19123.232	19123.501	0.269	40.3	885.9	845.6	248.0	
593	Spectrogram 1	1	AU-BS02b-100112-042000.wav	19444.857	19445.081	0.224	33.6	436.2	402.7	248.0	start pattern
594	Spectrogram 1	1	AU-BS02b-100112-042000.wav	19445.350	19445.619	0.269	47.0	439.6	392.6	184.0	
595	Spectrogram 1	1	AU-BS02b-100112-042000.wav	19454.895	19455.164	0.269	57.0	869.1	812.1	72.0	
596	Spectrogram 1	1	AU-BS02b-100112-042000.wav	19455.388	19455.612	0.224	40.3	983.2	943.0	328.0	
597	Spectrogram 1	1	AU-BS02b-100112-042000.wav	19460.142	19460.366	0.224	43.6	963.1	919.5	192.0	
598	Spectrogram 1	1	AU-BS02b-100112-042000.wav	19460.545	19460.814	0.269	47.0	1389.3	1342.3	328.0	
599	Spectrogram 1	1	AU-BS02b-100112-042000.wav	19465.205	19465.474	0.269	70.5	869.1	798.7	416.0	
600	Spectrogram 1	1	AU-BS02b-100112-042000.wav	19465.698	19465.922	0.224	60.4	835.6	775.2	536.0	
601	Spectrogram 1	1	AU-BS02b-100112-042000.wav	19470.448	19470.672	0.224	47.0	768.5	721.5	192.0	
602	Spectrogram 1	1	AU-BS02b-100112-042000.wav	19470.919	19471.143	0.224	58.7	619.1	560.4	536.0	
603	Spectrogram 1	1	AU-BS02b-100112-042000.wav	19475.691	19475.915	0.224	63.8	1530.2	1466.4	96.0	
604	Spectrogram 1	1	AU-BS02b-100112-042000.wav	19476.229	19476.408	0.179	43.6	1469.8	1426.2	312.0	
605	Spectrogram 1	1	AU-BS02b-100112-042000.wav	19481.023	19481.292	0.269	73.8	1583.9	1510.1	624.0	
606	Spectrogram 1	1	AU-BS02b-100112-042000.wav	19481.516	19481.785	0.269	52.0	1364.1	1312.1	680.0	
607	Spectrogram 1	1	AU-BS02b-100112-042000.wav	19616.362	19616.541	0.179	33.6	436.2	402.7	168.0	start pattenr
608	Spectrogram 1	1	AU-BS02b-100112-042000.wav	19616.765	19617.078	0.314	30.2	328.9	298.7	136.0	
609	Spectrogram 1	1	AU-BS02b-100112-042000.wav	19626.130	19626.399	0.269	60.4	563.8	503.4	232.0	
610	Spectrogram 1	1	AU-BS02b-100112-042000.wav	19626.668	19626.892	0.224	36.9	677.9	640.9	64.0	
611	Spectrogram 1	1	AU-BS02b-100112-042000.wav	19631.283	19631.507	0.224	57.0	426.2	369.1	72.0	
612	Spectrogram 1	1	AU-BS02b-100112-042000.wav	19631.821	19632.045	0.224	43.6	496.6	453.0	72.0	
613	Spectrogram 1	1	AU-BS02b-100112-042000.wav	19636.481	19636.705	0.224	53.7	701.3	647.7	312.0	
614	Spectrogram 1	1	AU-BS02b-100112-042000.wav	19636.996	19637.288	0.291	45.3	679.5	634.2	288.0	
615	Spectrogram 1	1	AU-BS02b-100112-042000.wav	19641.724	19641.948	0.224	33.6	694.6	661.1	456.0	
616	Spectrogram 1	1	AU-BS02b-100112-042000.wav	19642.172	19642.620	0.448	50.3	1312.1	1261.7	160.0	
617	Spectrogram 1	1	AU-BS02b-100112-042000.wav	19647.101	19647.280	0.179	47.0	567.1	520.1	184.0	
618	Spectrogram 1	1	AU-BS02b-100112-042000.wav	19647.504	19647.818	0.314	30.2	557.0	526.8	144.0	
619	Spectrogram 1	1	AU-BS02b-100112-043000.wav	19710.735	19710.959	0.224	33.6	547.0	513.4	120.0	start pattern
620	Spectrogram 1	1	AU-BS02b-100112-043000.wav	19711.317	19711.586	0.269	28.5	609.1	580.5	72.0	
621	Spectrogram 1	1	AU-BS02b-100112-043000.wav	19720.683	19720.952	0.269	47.0	1154.4	1107.4	240.0	
622	Spectrogram 1	1	AU-BS02b-100112-043000.wav	19721.310	19721.579	0.269	33.6	849.0	815.4	376.0	
623	Spectrogram 1	1	AU-BS02b-100112-043000.wav	19725.881	19726.149	0.269	23.5	402.7	379.2	64.0	
624	Spectrogram 1	1	AU-BS02b-100112-043000.wav	19726.329	19726.598	0.269	36.9	580.5	543.6	256.0	
625	Spectrogram 1	1	AU-BS02b-100112-043000.wav	19731.083	19731.352	0.269	60.4	372.5	312.1	256.0	
626	Spectrogram 1	1	AU-BS02b-100112-043000.wav	19731.486	19731.710	0.224	36.9	825.5	788.6	200.0	
627	Spectrogram 1	1	AU-BS02b-100112-043000.wav	19736.236	19736.505	0.269	87.2	755.0	667.8	400.0	
628	Spectrogram 1	1	AU-BS02b-100112-043000.wav	19736.774	19737.087	0.314	36.9	1684.6	1647.7	136.0	
629	Spectrogram 1	1	AU-BS02b-100112-043000.wav	19741.524	19741.748	0.224	73.8	516.8	443.0	112.0	
630	Spectrogram 1	1	AU-BS02b-100112-043000.wav	19742.016	19742.285	0.269	60.4	1667.8	1607.4	296.0	
631	Spectrogram 1	1	AU-BS02b-100112-043000.wav	19747.013	19747.237	0.224	50.3	479.9	429.5	184.0	
632	Spectrogram 1	1	AU-BS02b-100112-043000.wav	19747.438	19747.662	0.224	57.0	1479.9	1422.8	184.0	
633	Spectrogram 1	1	AU-BS02b-100112-043000.wav	19892.635	19892.859	0.224	43.6	644.3	600.7	112.0	start pattern
634	Spectrogram 1	1	AU-BS02b-100112-043000.wav	19893.217	19893.486	0.269	30.2	583.9	553.7	120.0	
635	Spectrogram 1	1	AU-BS02b-100112-043000.wav	19902.739	19902.963	0.224	40.3	1449.7	1409.4	144.0	
636	Spectrogram 1	1	AU-BS02b-100112-043000.wav	19903.165	19903.389	0.224	40.3	1023.5	983.2	192.0	
637	Spectrogram 1	1	AU-BS02b-100112-043000.wav	19907.825	19908.049	0.224	31.9	1021.8	989.9	480.0	
638	Spectrogram 1	1	AU-BS02b-100112-043000.wav	19908.318	19908.587	0.269	36.9	704.7	667.8	176.0	
639	Spectrogram 1	1	AU-BS02b-100112-043000.wav	19912.978	19913.158	0.179	43.6	1023.5	979.9	192.0	
640	Spectrogram 1	1	AU-BS02b-100112-043000.wav	19913.471	19913.651	0.179	40.3	795.3	755.0	392.0	
641	Spectrogram 1	1	AU-BS02b-100112-043000.wav	19918.087	19918.356	0.269	43.6	865.8	822.1	328.0	
642	Spectrogram 1	1	AU-BS02b-100112-043000.wav	19918.624	19918.804	0.179	33.6	701.3	667.8	168.0	
643	Spectrogram 1	1	AU-BS02b-100112-043000.wav	19923.329	19923.509	0.179	25.2	719.8	694.6	232.0	
644	Spectrogram 1	1	AU-BS02b-100112-043000.wav	19923.733	19923.957	0.224	50.3	721.5	671.1	240.0	
645	Spectrogram 1	1	AU-BS02b-100112-043000.wav	19928.572	19928.841	0.269	47.0	684.6	637.6	360.0	
646	Spectrogram 1	1	AU-BS02b-100112-043000.wav	19929.020	19929.199	0.179	53.7	1382.6	1328.9	432.0	
647	Spectrogram 1	1	AU-BS02b-100112-043000.wav	20062.024	20062.203	0.179	40.3	466.4	426.2	424.0	
648	Spectrogram 1	1	AU-BS02b-100112-043000.wav	20062.427	20062.741	0.314	43.6	469.8	426.2	80.0	
649	Spectrogram 1	1	AU-BS02b-100112-043000.wav	20071.972	20072.151	0.179	63.8	486.6	422.8	176.0	
650	Spectrogram 1	1	AU-BS02b-100112-043000.wav	20072.420	20072.644	0.224	57.0	456.4	399.3	208.0	
651	Spectrogram 1	1	AU-BS02b-100112-043000.wav	20077.080	20077.304	0.224	43.6	724.8	681.2	144.0	
652	Spectrogram 1	1	AU-BS02b-100112-043000.wav	20077.438	20077.662	0.224	36.9	1432.9	1396.0	184.0	
653	Spectrogram 1	1	AU-BS02b-100112-043000.wav	20082.233	20082.412	0.179	70.5	1090.6	1020.1	184.0	
654	Spectrogram 1	1	AU-BS02b-100112-043000.wav	20082.681	20082.905	0.224	50.3	922.8	872.5	168.0	
655	Spectrogram 1	1	AU-BS02b-100112-043000.wav	20087.341	20087.521	0.179	60.4	594.0	533.6	232.0	
656	Spectrogram 1	1	AU-BS02b-100112-043000.wav	20087.834	20088.103	0.269	53.7	781.9	728.2	184.0	
657	Spectrogram 1	1	AU-BS02b-100112-043000.wav	20092.584	20092.853	0.269	40.3	1070.5	1030.2	72.0	
658	Spectrogram 1	1	AU-BS02b-100112-043000.wav	20093.077	20093.346	0.269	40.3	1204.7	1164.4	328.0	
659	Spectrogram 1	1	AU-BS02b-100112-043000.wav	20097.876	20098.100	0.224	60.4	822.1	761.7	72.0	
660	Spectrogram 1	1	AU-BS02b-100112-043000.wav	20098.324	20098.593	0.269	57.0	996.6	939.6	224.0	
661	Spectrogram 1	1	AU-BS02b-100112-043000.wav	20248.535	20248.759	0.224	33.6	610.7	577.2	536.0	atart pattern
662	Spectrogram 1	1	AU-BS02b-100112-043000.wav	20249.028	20249.297	0.269	36.9	503.4	466.4	120.0	
663	Spectrogram 1	1	AU-BS02b-100112-043000.wav	20258.487	20258.756	0.269	70.5	1234.9	1164.4	328.0	
664	Spectrogram 1	1	AU-BS02b-100112-043000.wav	20258.980	20259.294	0.314	53.7	580.5	526.8	232.0	
665	Spectrogram 1	1	AU-BS02b-100112-043000.wav	20263.640	20263.909	0.269	67.1	1302.0	1234.9	216.0	
666	Spectrogram 1	1	AU-BS02b-100112-043000.wav	20264.133	20264.402	0.269	40.3	607.4	567.1	328.0	
667	Spectrogram 1	1	AU-BS02b-100112-043000.wav	20268.793	20269.062	0.269	43.6	654.4	610.7	328.0	
668	Spectrogram 1	1	AU-BS02b-100112-043000.wav	20269.219	20269.443	0.224	53.7	859.1	805.4	176.0	
669	Spectrogram 1	1	AU-BS02b-100112-043000.wav	20273.946	20274.170	0.224	80.5	1389.3	1308.7	240.0	
670	Spectrogram 1	1	AU-BS02b-100112-043000.wav	20274.350	20274.574	0.224	43.6	627.5	583.9	488.0	
671	Spectrogram 1	1	AU-BS02b-100112-043000.wav	20279.099	20279.279	0.179	70.5	594.0	523.5	200.0	
672	Spectrogram 1	1	AU-BS02b-100112-043000.wav	20279.547	20279.816	0.269	63.8	808.7	745.0	168.0	
673	Spectrogram 1	1	AU-BS02b-100112-044000.wav	20284.342	20284.521	0.179	100.7	573.8	473.2	328.0	
674	Spectrogram 1	1	AU-BS02b-100112-044000.wav	20284.835	20285.104	0.269	47.0	765.1	718.1	168.0	
675	Spectrogram 1	1	AU-BS02b-100112-044000.wav	20414.388	20414.612	0.224	36.9	879.2	842.3	64.0	start pattern
676	Spectrogram 1	1	AU-BS02b-100112-044000.wav	20414.926	20415.150	0.224	26.8	862.4	835.6	256.0	
677	Spectrogram 1	1	AU-BS02b-100112-044000.wav	20424.206	20424.430	0.224	33.6	1090.6	1057.0	136.0	
678	Spectrogram 1	1	AU-BS02b-100112-044000.wav	20424.834	20425.102	0.269	40.3	1281.9	1241.6	72.0	
679	Spectrogram 1	1	AU-BS02b-100112-044000.wav	20429.494	20429.718	0.224	53.7	1194.6	1140.9	536.0	
680	Spectrogram 1	1	AU-BS02b-100112-044000.wav	20429.987	20430.255	0.269	53.7	1147.7	1094.0	72.0	
681	Spectrogram 1	1	AU-BS02b-100112-044000.wav	20434.692	20434.916	0.224	43.6	674.5	630.9	480.0	
682	Spectrogram 1	1	AU-BS02b-100112-044000.wav	20435.140	20435.409	0.269	28.5	656.0	627.5	32.0	
683	Spectrogram 1	1	AU-BS02b-100112-044000.wav	20439.890	20440.114	0.224	63.8	476.5	412.8	152.0	
684	Spectrogram 1	1	AU-BS02b-100112-044000.wav	20440.293	20440.472	0.179	33.6	701.3	667.8	312.0	
685	Spectrogram 1	1	AU-BS02b-100112-044000.wav	20445.043	20445.267	0.224	60.4	429.5	369.1	144.0	
686	Spectrogram 1	1	AU-BS02b-100112-044000.wav	20445.446	20445.670	0.224	33.6	637.6	604.0	200.0	
687	Spectrogram 1	1	AU-BS02b-100112-044000.wav	20450.106	20450.285	0.179	50.3	580.5	530.2	256.0	
688	Spectrogram 1	1	AU-BS02b-100112-044000.wav	20450.599	20450.868	0.269	53.7	563.8	510.1	208.0	
689	Spectrogram 1	1	AU-BS02b-100112-044000.wav	20455.394	20455.662	0.269	57.0	624.2	567.1	264.0	
690	Spectrogram 1	1	AU-BS02b-100112-044000.wav	20455.887	20456.066	0.179	83.9	1547.0	1463.1	208.0	
691	Spectrogram 1	1	AU-BS02b-100112-045000.wav	20976.350	20976.529	0.179	43.6	1419.5	1375.8	208.0	start pattern
692	Spectrogram 1	1	AU-BS02b-100112-045000.wav	20976.708	20976.932	0.224	30.2	1409.4	1379.2	96.0	
693	Spectrogram 1	1	AU-BS02b-100112-045000.wav	20986.163	20986.432	0.269	60.4	489.9	429.5	328.0	
694	Spectrogram 1	1	AU-BS02b-100112-045000.wav	20986.656	20986.925	0.269	53.7	493.3	439.6	216.0	
695	Spectrogram 1	1	AU-BS02b-100112-045000.wav	20991.271	20991.495	0.224	67.1	570.5	503.4	312.0	
696	Spectrogram 1	1	AU-BS02b-100112-045000.wav	20991.809	20992.033	0.224	57.0	1161.1	1104.0	200.0	
697	Spectrogram 1	1	AU-BS02b-100112-045000.wav	20996.424	20996.648	0.224	43.6	580.5	536.9	296.0	
698	Spectrogram 1	1	AU-BS02b-100112-045000.wav	20996.962	20997.186	0.224	53.7	711.4	657.7	56.0	
699	Spectrogram 1	1	AU-BS02b-100112-045000.wav	21001.577	21001.757	0.179	47.0	634.2	587.2	224.0	
700	Spectrogram 1	1	AU-BS02b-100112-045000.wav	21002.070	21002.294	0.224	50.3	899.3	849.0	336.0	
701	Spectrogram 1	1	AU-BS02b-100112-045000.wav	21006.798	21007.022	0.224	36.9	842.3	805.4	208.0	
702	Spectrogram 1	1	AU-BS02b-100112-045000.wav	21007.313	21007.582	0.269	30.2	1030.2	1000.0	264.0	
703	Spectrogram 1	1	AU-BS02b-100112-045000.wav	21012.242	21012.466	0.224	26.8	597.3	570.5	400.0	
704	Spectrogram 1	1	AU-BS02b-100112-045000.wav	21012.690	21012.914	0.224	70.5	802.0	731.5	248.0	
705	Spectrogram 1	1	AU-BS02b-100112-050000.wav	21684.040	21684.309	0.269	45.3	451.3	406.0	72.0	start pattern
706	Spectrogram 1	1	AU-BS02b-100112-050000.wav	21684.623	21684.892	0.269	36.9	375.8	338.9	80.0	
707	Spectrogram 1	1	AU-BS02b-100112-050000.wav	21694.123	21694.347	0.224	30.2	570.5	540.3	192.0	
708	Spectrogram 1	1	AU-BS02b-100112-050000.wav	21694.526	21694.839	0.314	40.3	597.3	557.0	72.0	
709	Spectrogram 1	1	AU-BS02b-100112-050000.wav	21699.186	21699.455	0.269	26.8	620.8	594.0	272.0	
710	Spectrogram 1	1	AU-BS02b-100112-050000.wav	21699.634	21699.858	0.224	30.2	627.5	597.3	56.0	
711	Spectrogram 1	1	AU-BS02b-100112-050000.wav	21704.294	21704.518	0.224	36.9	479.9	443.0	296.0	
712	Spectrogram 1	1	AU-BS02b-100112-050000.wav	21704.765	21705.011	0.246	50.3	493.3	443.0	288.0	
713	Spectrogram 1	1	AU-BS02b-100112-050000.wav	21709.470	21709.694	0.224	31.9	1392.6	1360.7	256.0	
714	Spectrogram 1	1	AU-BS02b-100112-050000.wav	21709.851	21710.075	0.224	36.9	1036.9	1000.0	192.0	
715	Spectrogram 1	1	AU-BS02b-100112-050000.wav	21714.645	21714.914	0.269	50.3	818.8	768.5	376.0	
716	Spectrogram 1	1	AU-BS02b-100112-050000.wav	21715.093	21715.317	0.224	67.1	745.0	677.9	336.0	
717	Spectrogram 1	1	AU-BS02b-100112-050000.wav	21719.960	21720.184	0.224	104.0	600.7	496.6	304.0	
718	Spectrogram 1	1	AU-BS02b-100112-050000.wav	21720.385	21720.609	0.224	53.7	587.2	533.6	336.0	
719	Spectrogram 1	1	AU-BS02b-100112-051000.wav	21862.217	21862.485	0.269	63.8	604.0	540.3	336.0	starst pattern
720	Spectrogram 1	1	AU-BS02b-100112-051000.wav	21862.799	21863.068	0.269	36.9	855.7	818.8	160.0	
721	Spectrogram 1	1	AU-BS02b-100112-051000.wav	21872.254	21872.478	0.224	43.6	600.7	557.0	352.0	
722	Spectrogram 1	1	AU-BS02b-100112-051000.wav	21872.792	21873.016	0.224	47.0	516.8	469.8	256.0	
723	Spectrogram 1	1	AU-BS02b-100112-051000.wav	21877.412	21877.636	0.224	53.7	587.2	533.6	296.0	
724	Spectrogram 1	1	AU-BS02b-100112-051000.wav	21877.860	21878.084	0.224	50.3	567.1	516.8	104.0	
725	Spectrogram 1	1	AU-BS02b-100112-051000.wav	21882.520	21882.744	0.224	30.2	932.9	902.7	272.0	
726	Spectrogram 1	1	AU-BS02b-100112-051000.wav	21883.013	21883.237	0.224	36.9	926.2	889.3	264.0	
727	Spectrogram 1	1	AU-BS02b-100112-051000.wav	21887.673	21887.942	0.269	43.6	543.6	500.0	256.0	
728	Spectrogram 1	1	AU-BS02b-100112-051000.wav	21888.166	21888.390	0.224	40.3	647.7	607.4	248.0	
729	Spectrogram 1	1	AU-BS02b-100112-051000.wav	21892.781	21893.005	0.224	26.8	872.5	845.6	208.0	
730	Spectrogram 1	1	AU-BS02b-100112-051000.wav	21893.229	21893.498	0.269	20.1	825.5	805.4	208.0	
731	Spectrogram 1	1	AU-BS02b-100112-051000.wav	21897.979	21898.248	0.269	36.9	748.3	711.4	216.0	
732	Spectrogram 1	1	AU-BS02b-100112-051000.wav	21898.472	21898.696	0.224	50.3	698.0	647.7	176.0	
733	Spectrogram 1	1	AU-BS02b-100112-051000.wav	22034.568	22034.792	0.224	40.3	543.6	503.4	296.0	start pattern
734	Spectrogram 1	1	AU-BS02b-100112-051000.wav	22035.105	22035.329	0.224	36.9	496.6	459.7	72.0	
735	Spectrogram 1	1	AU-BS02b-100112-051000.wav	22044.385	22044.609	0.224	33.6	617.4	583.9	464.0	
736	Spectrogram 1	1	AU-BS02b-100112-051000.wav	22044.834	22045.058	0.224	26.8	640.9	614.1	336.0	
737	Spectrogram 1	1	AU-BS02b-100112-051000.wav	22049.539	22049.763	0.224	26.8	768.5	741.6	336.0	
738	Spectrogram 1	1	AU-BS02b-100112-051000.wav	22050.031	22050.255	0.224	40.3	627.5	587.2	288.0	
739	Spectrogram 1	1	AU-BS02b-100112-051000.wav	22054.781	22054.960	0.179	40.3	560.4	520.1	240.0	
740	Spectrogram 1	1	AU-BS02b-100112-051000.wav	22055.274	22055.543	0.269	40.3	560.4	520.1	264.0	
741	Spectrogram 1	1	AU-BS02b-100112-051000.wav	22059.934	22060.203	0.269	41.9	495.0	453.0	336.0	
742	Spectrogram 1	1	AU-BS02b-100112-051000.wav	22060.427	22060.696	0.269	33.6	614.1	580.5	480.0	
743	Spectrogram 1	1	AU-BS02b-100112-051000.wav	22065.222	22065.446	0.224	53.7	597.3	543.6	272.0	
744	Spectrogram 1	1	AU-BS02b-100112-051000.wav	22065.670	22065.894	0.224	33.6	594.0	560.4	264.0	
745	Spectrogram 1	1	AU-BS02b-100112-051000.wav	22070.420	22070.644	0.224	40.3	550.3	510.1	208.0	
746	Spectrogram 1	1	AU-BS02b-100112-051000.wav	22070.823	22071.092	0.269	20.1	536.9	516.8	176.0	
747	Spectrogram 1	1	AU-BS02b-100112-052000.wav	22460.272	22460.496	0.224	48.7	434.6	385.9	64.0	start pattern
748	Spectrogram 1	1	AU-BS02b-100112-052000.wav	22460.787	22461.011	0.224	33.6	419.5	385.9	152.0	
749	Spectrogram 1	1	AU-BS02b-100112-052000.wav	22470.018	22470.242	0.224	23.5	1181.2	1157.7	176.0	
750	Spectrogram 1	1	AU-BS02b-100112-052000.wav	22470.421	22470.645	0.224	36.9	1140.9	1104.0	296.0	
751	Spectrogram 1	1	AU-BS02b-100112-052000.wav	22475.086	22475.310	0.224	47.0	637.6	590.6	224.0	
752	Spectrogram 1	1	AU-BS02b-100112-052000.wav	22475.579	22475.848	0.269	43.6	802.0	758.4	72.0	
753	Spectrogram 1	1	AU-BS02b-100112-052000.wav	22480.239	22480.463	0.224	50.3	1691.3	1640.9	56.0	
754	Spectrogram 1	1	AU-BS02b-100112-052000.wav	22480.687	22480.956	0.269	60.4	765.1	704.7	64.0	
755	Spectrogram 1	1	AU-BS02b-100112-052000.wav	22485.347	22485.571	0.224	33.6	1516.8	1483.2	296.0	
756	Spectrogram 1	1	AU-BS02b-100112-052000.wav	22485.795	22486.064	0.269	57.0	466.4	409.4	216.0	
757	Spectrogram 1	1	AU-BS02b-100112-052000.wav	22490.478	22490.680	0.202	33.6	1463.1	1429.5	48.0	
758	Spectrogram 1	1	AU-BS02b-100112-052000.wav	22490.949	22491.173	0.224	47.0	731.5	684.6	200.0	
759	Spectrogram 1	1	AU-BS02b-100112-052000.wav	22655.906	22656.130	0.224	67.1	610.7	543.6	272.0	start pattenr
760	Spectrogram 1	1	AU-BS02b-100112-052000.wav	22656.354	22656.623	0.269	23.5	906.0	882.6	344.0	
761	Spectrogram 1	1	AU-BS02b-100112-052000.wav	22665.988	22666.212	0.224	43.6	872.5	828.9	96.0	
762	Spectrogram 1	1	AU-BS02b-100112-052000.wav	22666.436	22666.660	0.224	43.6	1409.4	1365.8	72.0	
763	Spectrogram 1	1	AU-BS02b-100112-052000.wav	22671.096	22671.320	0.224	53.7	842.3	788.6	296.0	
764	Spectrogram 1	1	AU-BS02b-100112-052000.wav	22671.544	22671.724	0.179	33.6	1184.6	1151.0	312.0	
765	Spectrogram 1	1	AU-BS02b-100112-052000.wav	22676.160	22676.429	0.269	47.0	701.3	654.4	336.0	
766	Spectrogram 1	1	AU-BS02b-100112-052000.wav	22676.653	22676.922	0.269	57.0	714.8	657.7	152.0	
767	Spectrogram 1	1	AU-BS02b-100112-052000.wav	22681.313	22681.537	0.224	57.0	768.5	711.4	152.0	
768	Spectrogram 1	1	AU-BS02b-100112-052000.wav	22681.806	22682.075	0.269	57.0	986.6	929.5	152.0	
769	Spectrogram 1	1	AU-BS02b-100112-052000.wav	22686.421	22686.735	0.314	83.9	781.9	698.0	144.0	
770	Spectrogram 1	1	AU-BS02b-100112-052000.wav	22687.049	22687.362	0.314	40.3	778.5	738.3	144.0	
771	Spectrogram 1	1	AU-BS02b-100112-052000.wav	22691.624	22691.803	0.179	50.3	711.4	661.1	248.0	
772	Spectrogram 1	1	AU-BS02b-100112-052000.wav	22692.117	22692.341	0.224	57.0	711.4	654.4	264.0	
773	Spectrogram 1	1	AU-BS02b-100112-052000.wav	22696.822	22697.046	0.224	57.0	738.3	681.2	272.0	
774	Spectrogram 1	1	AU-BS02b-100112-052000.wav	22697.270	22697.494	0.224	36.9	701.3	664.4	224.0	
775	Spectrogram 1	1	AU-BS02b-100112-053000.wav	23144.595	23144.819	0.224	26.8	550.3	523.5	192.0	start pattern
776	Spectrogram 1	1	AU-BS02b-100112-053000.wav	23145.043	23145.267	0.224	43.6	647.7	604.0	408.0	
777	Spectrogram 1	1	AU-BS02b-100112-053000.wav	23154.542	23154.811	0.269	13.4	1127.5	1114.1	312.0	
778	Spectrogram 1	1	AU-BS02b-100112-053000.wav	23155.035	23155.214	0.179	30.2	1043.6	1013.4	176.0	
779	Spectrogram 1	1	AU-BS02b-100112-053000.wav	23159.740	23159.919	0.179	60.4	845.6	785.2	464.0	
780	Spectrogram 1	1	AU-BS02b-100112-053000.wav	23160.188	23160.457	0.269	40.3	734.9	694.6	288.0	
781	Spectrogram 1	1	AU-BS02b-100112-053000.wav	23164.848	23165.073	0.224	47.0	1110.7	1063.8	264.0	
782	Spectrogram 1	1	AU-BS02b-100112-053000.wav	23165.297	23165.565	0.269	53.7	959.7	906.0	304.0	
783	Spectrogram 1	1	AU-BS02b-100112-053000.wav	23169.912	23170.091	0.179	33.6	755.0	721.5	408.0	
784	Spectrogram 1	1	AU-BS02b-100112-053000.wav	23170.405	23170.629	0.224	30.2	778.5	748.3	296.0	
785	Spectrogram 1	1	AU-BS02b-100112-053000.wav	23175.114	23175.338	0.224	16.8	919.5	902.7	224.0	
786	Spectrogram 1	1	AU-BS02b-100112-053000.wav	23175.540	23175.764	0.224	33.6	805.4	771.8	520.0	
787	Spectrogram 1	1	AU-BS02b-100112-053000.wav	23180.267	23180.491	0.224	43.6	677.9	634.2	272.0	
788	Spectrogram 1	1	AU-BS02b-100112-053000.wav	23180.760	23180.940	0.179	33.6	677.9	644.3	472.0	
789	Spectrogram 1	1	AU-BS02b-100112-053000.wav	23185.421	23185.645	0.224	70.5	500.0	429.5	344.0	
790	Spectrogram 1	1	AU-BS02b-100112-053000.wav	23185.958	23186.182	0.224	40.3	701.3	661.1	112.0	
791	Spectrogram 1	1	AU-BS02b-100112-053000.wav	23359.250	23359.429	0.179	16.8	543.6	526.8	32.0	start pattern
792	Spectrogram 1	1	AU-BS02b-100112-053000.wav	23359.743	23360.012	0.269	33.6	523.5	489.9	80.0	
793	Spectrogram 1	1	AU-BS02b-100112-053000.wav	23368.839	23369.108	0.269	45.3	1424.5	1379.2	160.0	
794	Spectrogram 1	1	AU-BS02b-100112-053000.wav	23369.288	23369.601	0.314	47.0	788.6	741.6	256.0	
795	Spectrogram 1	1	AU-BS02b-100112-053000.wav	23373.858	23374.082	0.224	43.6	392.6	349.0	336.0	
796	Spectrogram 1	1	AU-BS02b-100112-053000.wav	23374.351	23374.620	0.269	40.3	402.7	362.4	264.0	
797	Spectrogram 1	1	AU-BS02b-100112-053000.wav	23378.877	23379.101	0.224	47.0	721.5	674.5	312.0	
798	Spectrogram 1	1	AU-BS02b-100112-053000.wav	23379.370	23379.594	0.224	47.0	828.9	781.9	272.0	
799	Spectrogram 1	1	AU-BS02b-100112-053000.wav	23383.694	23383.918	0.224	31.9	699.7	667.8	248.0	
800	Spectrogram 1	1	AU-BS02b-100112-053000.wav	23384.142	23384.366	0.224	58.7	632.6	573.8	264.0	
801	Spectrogram 1	1	AU-BS02b-100112-054000.wav	23921.028	23921.252	0.224	20.1	634.2	614.1	96.0	star tpateern
802	Spectrogram 1	1	AU-BS02b-100112-054000.wav	23921.521	23921.789	0.269	36.9	540.3	503.4	80.0	
803	Spectrogram 1	1	AU-BS02b-100112-054000.wav	23930.801	23931.025	0.224	97.3	943.0	845.6	336.0	
804	Spectrogram 1	1	AU-BS02b-100112-054000.wav	23931.294	23931.518	0.224	60.4	892.6	832.2	224.0	
805	Spectrogram 1	1	AU-BS02b-100112-054000.wav	23935.999	23936.223	0.224	40.3	798.7	758.4	208.0	
806	Spectrogram 1	1	AU-BS02b-100112-054000.wav	23936.447	23936.716	0.269	33.6	721.5	687.9	200.0	
807	Spectrogram 1	1	AU-BS02b-100112-054000.wav	23941.107	23941.286	0.179	26.8	741.6	714.8	200.0	
808	Spectrogram 1	1	AU-BS02b-100112-054000.wav	23941.510	23941.734	0.224	36.9	731.5	694.6	96.0	
809	Spectrogram 1	1	AU-BS02b-100112-054000.wav	23946.238	23946.462	0.224	30.2	661.1	630.9	464.0	
810	Spectrogram 1	1	AU-BS02b-100112-054000.wav	23946.708	23946.932	0.224	40.3	647.7	607.4	208.0	
811	Spectrogram 1	1	AU-BS02b-100112-054000.wav	23951.323	23951.592	0.269	40.3	842.3	802.0	344.0	
812	Spectrogram 1	1	AU-BS02b-100112-054000.wav	23951.861	23952.130	0.269	47.0	741.6	694.6	304.0	
813	Spectrogram 1	1	AU-BS02b-100112-055000.wav	24085.582	24085.761	0.179	36.9	661.1	624.2	248.0	start pattern
814	Spectrogram 1	1	AU-BS02b-100112-055000.wav	24086.120	24086.388	0.269	33.6	989.9	956.4	64.0	
815	Spectrogram 1	1	AU-BS02b-100112-055000.wav	24095.624	24095.893	0.269	33.6	463.1	429.5	192.0	
816	Spectrogram 1	1	AU-BS02b-100112-055000.wav	24096.117	24096.385	0.269	33.6	1013.4	979.9	80.0	
817	Spectrogram 1	1	AU-BS02b-100112-055000.wav	24100.844	24101.068	0.224	21.8	1018.5	996.6	184.0	
818	Spectrogram 1	1	AU-BS02b-100112-055000.wav	24101.270	24101.539	0.269	30.2	916.1	885.9	184.0	
819	Spectrogram 1	1	AU-BS02b-100112-055000.wav	24105.885	24106.154	0.269	47.0	402.7	355.7	208.0	
820	Spectrogram 1	1	AU-BS02b-100112-055000.wav	24106.423	24106.647	0.224	33.6	644.3	610.7	216.0	
821	Spectrogram 1	1	AU-BS02b-100112-055000.wav	24111.083	24111.307	0.224	30.2	916.1	885.9	272.0	
822	Spectrogram 1	1	AU-BS02b-100112-055000.wav	24111.576	24111.845	0.269	47.0	580.5	533.6	152.0	
823	Spectrogram 1	1	AU-BS02b-100112-055000.wav	24116.326	24116.550	0.224	36.9	446.3	409.4	104.0	
824	Spectrogram 1	1	AU-BS02b-100112-055000.wav	24116.729	24116.908	0.179	36.9	1345.6	1308.7	96.0	
