Selection	View	Channel	Begin File	Begin Time (s)	End Time (s)	Delta Time (s)	Low Freq (Hz)	High Freq (Hz)	Delta Freq (Hz)	Peak Freq (Hz)	Notes
1	Spectrogram 1	1	AU-BS02a-090814-022351.wav	484.711757164	485.220230706	0.508	37.1	240.9	203.9	80.0	start pattern C
2	Spectrogram 1	1	AU-BS02a-090814-022351.wav	487.465988849	488.059207981	0.593	30.9	247.1	216.2	48.0	
3	Spectrogram 1	1	AU-BS02a-090814-022351.wav	490.661007466	491.381344984	0.720	18.5	250.2	231.7	48.0	
4	Spectrogram 1	1	AU-BS02a-090814-022351.wav	493.838967102	494.644050210	0.805	18.5	253.3	234.8	24.0	
5	Spectrogram 1	1	AU-BS02a-090814-022351.wav	496.423707606	497.059299534	0.636	30.9	244.0	213.1	48.0	
6	Spectrogram 1	1	AU-BS02a-090814-022351.wav	499.347430472	500.025395194	0.678	37.1	259.5	222.4	48.0	
7	Spectrogram 1	1	AU-BS02a-090814-022351.wav	502.271153337	502.949118059	0.678	24.7	234.8	210.1	32.0	
8	Spectrogram 1	1	AU-BS02a-090814-022351.wav	505.237248997	505.957586515	0.720	34.0	237.9	203.9	64.0	
9	Spectrogram 1	1	AU-BS02a-090814-022351.wav	508.372835838	509.093173356	0.720	24.7	247.1	222.4	48.0	
10	Spectrogram 1	1	AU-BS02a-090814-022351.wav	524.686361970	524.940598741	0.254	61.8	1677.3	1615.5	72.0	start gs
11	Spectrogram 1	1	AU-BS02a-090814-022351.wav	528.542286329	528.754150304	0.212	34.0	1804.0	1770.0	392.0	
12	Spectrogram 1	1	AU-BS02a-090814-022351.wav	532.228719507	532.440583482	0.212	52.5	1723.7	1671.1	472.0	
13	Spectrogram 1	1	AU-BS02a-090814-022351.wav	535.915152684	536.127016660	0.212	34.0	1766.9	1732.9	72.0	
14	Spectrogram 1	1	AU-BS02a-090814-022351.wav	539.686331453	539.898195428	0.212	52.5	1828.7	1776.2	168.0	
15	Spectrogram 1	1	AU-BS02a-090814-022351.wav	543.347450817	543.601687588	0.254	40.2	1862.7	1822.5	80.0	
16	Spectrogram 1	1	AU-BS02a-090814-022351.wav	547.118629585	547.372866356	0.254	47.9	872.6	824.8	216.0	
17	Spectrogram 1	1	AU-BS02a-090814-022351.wav	550.889808353	551.144045124	0.254	61.8	790.8	729.0	72.0	
18	Spectrogram 1	1	AU-BS02a-090814-022351.wav	554.533868736	554.788105507	0.254	21.6	611.6	590.0	72.0	
19	Spectrogram 1	1	AU-BS02a-090814-022351.wav	558.453352287	558.665216263	0.212	27.8	1022.5	994.7	72.0	
20	Spectrogram 1	1	AU-BS02a-090814-022351.wav	562.076226272	562.245717453	0.169	47.9	471.1	423.2	72.0	end pattenr
21	Spectrogram 1	1	AU-BS02a-090814-023454.wav	763.372866356	763.796594307	0.424	27.8	207.0	179.2	40.0	start pattern
22	Spectrogram 1	1	AU-BS02a-090814-023454.wav	766.338962016	766.932181148	0.593	24.7	197.7	173.0	40.0	
23	Spectrogram 1	1	AU-BS02a-090814-023454.wav	769.262684881	769.771158423	0.508	18.5	216.2	197.7	40.0	
24	Spectrogram 1	1	AU-BS02a-090814-023454.wav	772.228780542	772.737254083	0.508	34.0	228.6	194.6	64.0	
25	Spectrogram 1	1	AU-BS02a-090814-023454.wav	775.025385021	775.618604154	0.593	30.9	228.6	197.7	48.0	
26	Spectrogram 1	1	AU-BS02a-090814-023454.wav	777.440634345	777.949107887	0.508	30.9	234.8	203.9	48.0	
27	Spectrogram 1	1	AU-BS02a-090814-023454.wav	779.898256464	780.533848391	0.636	12.4	253.3	240.9	16.0	
28	Spectrogram 1	1	AU-BS02a-090814-023454.wav	782.694860943	783.288080075	0.593	30.9	231.7	200.8	40.0	
29	Spectrogram 1	1	AU-BS02a-090814-023454.wav	785.110110267	785.703329399	0.593	30.9	247.1	216.2	40.0	
30	Spectrogram 1	1	AU-BS02a-090814-023454.wav	787.398241205	787.991460337	0.593	37.1	250.2	213.1	64.0	
31	Spectrogram 1	1	AU-BS02a-090814-023454.wav	804.389732059	804.643968830	0.254	49.4	1559.9	1510.5	64.0	start gs
32	Spectrogram 1	1	AU-BS02a-090814-023454.wav	808.118538032	808.330402008	0.212	64.9	1788.5	1723.7	680.0	
33	Spectrogram 1	1	AU-BS02a-090814-023454.wav	811.868530403	812.080394378	0.212	51.0	1821.0	1770.0	784.0	
34	Spectrogram 1	1	AU-BS02a-090814-023454.wav	815.677954550	815.932191321	0.254	34.0	1374.6	1340.6	96.0	
35	Spectrogram 1	1	AU-BS02a-090814-023454.wav	819.406760523	819.576251703	0.169	46.3	1254.1	1207.8	152.0	
36	Spectrogram 1	1	AU-BS02a-090814-023454.wav	823.050820906	823.262684881	0.212	52.5	1266.5	1214.0	136.0	
37	Spectrogram 1	1	AU-BS02a-090814-023454.wav	826.779626879	826.991490854	0.212	46.3	1686.6	1640.3	72.0	
38	Spectrogram 1	1	AU-BS02a-090814-023454.wav	830.466060057	830.635551237	0.169	64.9	1303.6	1238.7	248.0	
39	Spectrogram 1	1	AU-BS02a-090814-023454.wav	834.279611620	834.449102800	0.169	37.1	1266.5	1229.4	64.0	
40	Spectrogram 1	1	AU-BS02a-090814-023454.wav	837.944858400	838.135535978	0.191	29.3	1088.9	1059.5	64.0	
41	Spectrogram 1	1	AU-BS02a-090814-023454.wav	841.652477976	841.864341951	0.212	27.8	1232.5	1204.7	56.0	
42	Spectrogram 1	1	AU-BS02a-090814-023454.wav	845.423656744	845.635520720	0.212	49.4	447.9	398.5	80.0	
43	Spectrogram 1	1	AU-BS02a-090814-023454.wav	849.173649114	849.385513090	0.212	30.9	457.2	426.3	56.0	
44	Spectrogram 1	1	AU-BS02a-090814-023454.wav	852.838895895	853.093132666	0.254	27.8	376.9	349.1	56.0	end pattern
45	Spectrogram 1	1	AU-BS02a-090814-023454.wav	1146.076246617	1146.627092954	0.551	18.5	210.1	191.5	40.0	start pattern
46	Spectrogram 1	1	AU-BS02a-090814-023454.wav	1149.042342278	1149.593188614	0.551	30.9	207.0	176.1	192.0	
47	Spectrogram 1	1	AU-BS02a-090814-023454.wav	1152.220301914	1152.813521046	0.593	18.5	244.0	225.5	48.0	
48	Spectrogram 1	1	AU-BS02a-090814-023454.wav	1155.228770369	1155.821989501	0.593	18.5	231.7	213.1	64.0	
49	Spectrogram 1	1	AU-BS02a-090814-023454.wav	1158.533848391	1159.169440318	0.636	24.7	222.4	197.7	48.0	
50	Spectrogram 1	1	AU-BS02a-090814-023454.wav	1161.584689641	1162.305027159	0.720	15.4	219.3	203.9	48.0	
51	Spectrogram 1	1	AU-BS02a-090814-023454.wav	1164.254175736	1164.805022073	0.551	21.6	216.2	194.6	24.0	
52	Spectrogram 1	1	AU-BS02a-090814-023454.wav	1167.093153011	1167.601626552	0.508	27.8	240.9	213.1	40.0	
53	Spectrogram 1	1	AU-BS02a-090814-023454.wav	1169.805011900	1170.440603827	0.636	21.6	244.0	222.4	48.0	
54	Spectrogram 1	1	AU-BS02a-090814-023454.wav	1172.855853151	1173.491445078	0.636	21.6	240.9	219.3	40.0	
55	Spectrogram 1	1	AU-BS02a-090814-023454.wav	1175.779576016	1176.288049558	0.508	27.8	237.9	210.1	80.0	
56	Spectrogram 1	1	AU-BS02a-090814-023454.wav	1192.788125852	1192.999989827	0.212	55.6	1915.2	1859.6	872.0	start gs
57	Spectrogram 1	1	AU-BS02a-090814-023454.wav	1196.432186234	1196.644050210	0.212	46.3	1451.8	1405.5	752.0	
58	Spectrogram 1	1	AU-BS02a-090814-023454.wav	1200.033873822	1200.245737798	0.212	46.3	1053.3	1007.0	88.0	
59	Spectrogram 1	1	AU-BS02a-090814-023454.wav	1203.677934205	1203.889798181	0.212	34.0	1319.0	1285.0	64.0	
60	Spectrogram 1	1	AU-BS02a-090814-023454.wav	1207.321994588	1207.576231358	0.254	49.4	1590.8	1541.4	168.0	
61	Spectrogram 1	1	AU-BS02a-090814-023454.wav	1210.966054970	1211.177918946	0.212	34.0	815.5	781.5	80.0	
62	Spectrogram 1	1	AU-BS02a-090814-023454.wav	1214.610115353	1214.864352124	0.254	49.4	1207.8	1158.4	608.0	
63	Spectrogram 1	1	AU-BS02a-090814-023454.wav	1218.190616543	1218.423666916	0.233	23.2	551.4	528.2	80.0	
64	Spectrogram 1	1	AU-BS02a-090814-023454.wav	1221.813490528	1222.110100094	0.297	24.7	605.4	580.7	48.0	end pattern
65	Spectrogram 1	1	AU-BS02a-090814-024556.wav	1434.932140458	1435.482986795	0.551	15.4	240.9	225.5	24.0	start pattern
66	Spectrogram 1	1	AU-BS02a-090814-024556.wav	1437.686372143	1438.152472889	0.466	24.7	247.1	222.4	72.0	
67	Spectrogram 1	1	AU-BS02a-090814-024556.wav	1440.652467803	1441.203314140	0.551	24.7	237.9	213.1	48.0	
68	Spectrogram 1	1	AU-BS02a-090814-024556.wav	1443.915173029	1444.466019366	0.551	30.9	225.5	194.6	32.0	
69	Spectrogram 1	1	AU-BS02a-090814-024556.wav	1446.923641485	1447.432115027	0.508	30.9	225.5	194.6	48.0	
70	Spectrogram 1	1	AU-BS02a-090814-024556.wav	1449.762618760	1450.440583482	0.678	30.9	219.3	188.4	48.0	
71	Spectrogram 1	1	AU-BS02a-090814-024556.wav	1452.432104854	1452.898205601	0.466	34.0	225.5	191.5	56.0	
72	Spectrogram 1	1	AU-BS02a-090814-024556.wav	1455.059218153	1455.610064490	0.551	27.8	234.8	207.0	88.0	
73	Spectrogram 1	1	AU-BS02a-090814-024556.wav	1457.898195428	1458.533787356	0.636	21.6	222.4	200.8	24.0	
74	Spectrogram 1	1	AU-BS02a-090814-024556.wav	1460.754231685	1461.432196407	0.678	12.4	237.9	225.5	80.0	
75	Spectrogram 1	1	AU-BS02a-090814-024556.wav	1478.677924032	1478.932160803	0.254	37.1	1720.6	1683.5	48.0	start gs
76	Spectrogram 1	1	AU-BS02a-090814-024556.wav	1482.406730005	1482.618593981	0.212	58.7	1890.5	1831.8	64.0	
77	Spectrogram 1	1	AU-BS02a-090814-024556.wav	1486.177908773	1486.389772749	0.212	80.3	1785.4	1705.1	312.0	
78	Spectrogram 1	1	AU-BS02a-090814-024556.wav	1489.991460337	1490.160951517	0.169	58.7	1433.3	1374.6	88.0	
79	Spectrogram 1	1	AU-BS02a-090814-024556.wav	1493.720266310	1493.932130286	0.212	46.3	1742.2	1695.9	536.0	
80	Spectrogram 1	1	AU-BS02a-090814-024556.wav	1497.491445078	1497.703309054	0.212	30.9	1180.0	1149.1	704.0	
81	Spectrogram 1	1	AU-BS02a-090814-024556.wav	1501.262623846	1501.474487822	0.212	52.5	1967.7	1915.2	88.0	
82	Spectrogram 1	1	AU-BS02a-090814-024556.wav	1505.033802614	1505.245666590	0.212	46.3	1794.7	1748.4	80.0	
83	Spectrogram 1	1	AU-BS02a-090814-024556.wav	1508.720235792	1508.932099768	0.212	43.2	1825.6	1782.3	160.0	
84	Spectrogram 1	1	AU-BS02a-090814-024556.wav	1512.470228163	1512.682092139	0.212	46.3	1121.3	1075.0	72.0	
85	Spectrogram 1	1	AU-BS02a-090814-024556.wav	1516.135474943	1516.347338919	0.212	49.4	1306.6	1257.2	72.0	
86	Spectrogram 1	1	AU-BS02a-090814-024556.wav	1519.796594307	1520.008458283	0.212	24.7	451.0	426.3	64.0	
87	Spectrogram 1	1	AU-BS02a-090814-024556.wav	1523.525400280	1523.779637051	0.254	64.9	800.0	735.2	136.0	end pattern
88	Spectrogram 1	1	AU-BS02a-090814-024556.wav	1766.686361970	1767.152462717	0.466	24.7	237.9	213.1	88.0	
89	Spectrogram 1	1	AU-BS02a-090814-024556.wav	1770.584659124	1771.050759870	0.466	21.6	244.0	222.4	48.0	
90	Spectrogram 1	1	AU-BS02a-090814-024556.wav	1774.101601121	1774.652447458	0.551	21.6	222.4	200.8	48.0	
91	Spectrogram 1	1	AU-BS02a-090814-024556.wav	1777.618543118	1778.127016660	0.508	15.4	222.4	207.0	48.0	
92	Spectrogram 1	1	AU-BS02a-090814-024556.wav	1780.584638779	1781.177857911	0.593	24.7	213.1	188.4	88.0	
93	Spectrogram 1	1	AU-BS02a-090814-024556.wav	1783.677852825	1784.228699162	0.551	21.6	216.2	194.6	24.0	
94	Spectrogram 1	1	AU-BS02a-090814-024556.wav	1786.432084509	1787.067676436	0.636	15.4	240.9	225.5	104.0	
95	Spectrogram 1	1	AU-BS02a-090814-024556.wav	1789.711848717	1790.262695054	0.551	27.8	228.6	200.8	80.0	
96	Spectrogram 1	1	AU-BS02a-090814-024556.wav	1792.805062763	1793.313536305	0.508	34.0	231.7	197.7	48.0	
97	Spectrogram 1	1	AU-BS02a-090814-024556.wav	1808.949097714	1809.118588895	0.169	49.4	753.7	704.3	80.0	start gs
98	Spectrogram 1	1	AU-BS02a-090814-024556.wav	1812.720276482	1812.889767663	0.169	52.5	1312.8	1260.3	72.0	
99	Spectrogram 1	1	AU-BS02a-090814-024556.wav	1816.406709660	1816.618573636	0.212	30.9	1878.1	1847.2	32.0	
100	Spectrogram 1	1	AU-BS02a-090814-024556.wav	1820.177888428	1820.347379609	0.169	64.9	1306.6	1241.8	696.0	
101	Spectrogram 1	1	AU-BS02a-090814-024556.wav	1823.949067197	1824.160931172	0.212	37.1	1420.9	1383.9	80.0	
102	Spectrogram 1	1	AU-BS02a-090814-024556.wav	1827.593127579	1827.804991555	0.212	27.8	1371.5	1343.7	32.0	
103	Spectrogram 1	1	AU-BS02a-090814-024556.wav	1831.279560757	1831.491424733	0.212	37.1	892.7	855.7	56.0	
104	Spectrogram 1	1	AU-BS02a-090814-024556.wav	1834.881248345	1835.093112321	0.212	37.1	1031.7	994.7	80.0	
105	Spectrogram 1	1	AU-BS02a-090814-024556.wav	1838.546495125	1838.737172703	0.191	23.2	1238.7	1215.5	64.0	
106	Spectrogram 1	1	AU-BS02a-090814-024556.wav	1842.144055296	1842.398292067	0.254	52.5	871.1	818.6	56.0	
107	Spectrogram 1	1	AU-BS02a-090814-024556.wav	1845.830488474	1846.042352450	0.212	37.1	562.2	525.1	96.0	
108	Spectrogram 1	1	AU-BS02a-090814-024556.wav	1849.559294447	1849.771158423	0.212	18.5	463.3	444.8	56.0	
109	Spectrogram 1	1	AU-BS02a-090814-024556.wav	1853.309286818	1853.521150794	0.212	29.3	390.8	361.4	48.0	
110	Spectrogram 1	1	AU-BS02a-090814-024556.wav	1857.059279189	1857.271143164	0.212	24.7	355.2	330.5	40.0	
111	Spectrogram 1	1	AU-BS02a-090814-024556.wav	1860.703339571	1860.957576342	0.254	40.2	376.9	336.7	88.0	end pattern
112	Spectrogram 1	1	AU-BS02a-090814-025659.wav	2068.694881288	2069.288100420	0.593	37.1	231.7	194.6	48.0	start pattern
113	Spectrogram 1	1	AU-BS02a-090814-025659.wav	2071.745722539	2072.381314466	0.636	18.5	231.7	213.1	56.0	
114	Spectrogram 1	1	AU-BS02a-090814-025659.wav	2074.881309380	2075.474528512	0.593	27.8	237.9	210.1	72.0	
115	Spectrogram 1	1	AU-BS02a-090814-025659.wav	2077.889777835	2078.355878582	0.466	27.8	237.9	210.1	48.0	
116	Spectrogram 1	1	AU-BS02a-090814-025659.wav	2080.262654364	2080.728755110	0.466	18.5	228.6	210.1	184.0	
117	Spectrogram 1	1	AU-BS02a-090814-025659.wav	2082.974513253	2083.525359590	0.551	24.7	207.0	182.3	48.0	
118	Spectrogram 1	1	AU-BS02a-090814-025659.wav	2085.643999348	2086.237218480	0.593	30.9	213.1	182.3	40.0	
119	Spectrogram 1	1	AU-BS02a-090814-025659.wav	2088.228739852	2088.779586189	0.551	34.0	234.8	200.8	72.0	
120	Spectrogram 1	1	AU-BS02a-090814-025659.wav	2090.813480356	2091.406699488	0.593	24.7	231.7	207.0	80.0	
121	Spectrogram 1	1	AU-BS02a-090814-025659.wav	2108.542367709	2108.754231685	0.212	61.8	948.3	886.5	64.0	start gs
122	Spectrogram 1	1	AU-BS02a-090814-025659.wav	2112.313546477	2112.567783248	0.254	46.3	1791.6	1745.3	72.0	
123	Spectrogram 1	1	AU-BS02a-090814-025659.wav	2115.999979655	2116.211843631	0.212	40.2	1578.5	1538.3	296.0	
124	Spectrogram 1	1	AU-BS02a-090814-025659.wav	2119.728785628	2119.940649604	0.212	34.0	1754.5	1720.6	432.0	
125	Spectrogram 1	1	AU-BS02a-090814-025659.wav	2123.415218806	2123.584709986	0.169	34.0	1606.3	1572.3	200.0	
126	Spectrogram 1	1	AU-BS02a-090814-025659.wav	2127.016906393	2127.228770369	0.212	37.1	1791.6	1754.5	80.0	
127	Spectrogram 1	1	AU-BS02a-090814-025659.wav	2130.703339571	2130.915203547	0.212	27.8	1804.0	1776.2	200.0	
128	Spectrogram 1	1	AU-BS02a-090814-025659.wav	2134.326213556	2134.538077532	0.212	41.7	1119.8	1078.1	64.0	
129	Spectrogram 1	1	AU-BS02a-090814-025659.wav	2137.906714747	2138.118578722	0.212	37.1	800.0	763.0	64.0	
130	Spectrogram 1	1	AU-BS02a-090814-025659.wav	2141.571961527	2141.783825503	0.212	35.5	1254.1	1218.6	64.0	
131	Spectrogram 1	1	AU-BS02a-090814-025659.wav	2145.237208307	2145.449072283	0.212	37.1	905.1	868.0	56.0	
132	Spectrogram 1	1	AU-BS02a-090814-025659.wav	2148.987200678	2149.199064653	0.212	27.8	491.1	463.3	56.0	
133	Spectrogram 1	1	AU-BS02a-090814-025659.wav	2152.779565843	2152.991429819	0.212	24.7	497.3	472.6	32.0	
134	Spectrogram 1	1	AU-BS02a-090814-025659.wav	2156.465999021	2156.677862997	0.212	43.2	423.2	379.9	88.0	
135	Spectrogram 1	1	AU-BS02a-090814-025659.wav	2160.576160151	2160.745651331	0.169	27.8	515.9	488.1	64.0	
136	Spectrogram 1	1	AU-BS02a-090814-025659.wav	2164.703380261	2164.999989827	0.297	24.7	491.1	466.4	56.0	
137	Spectrogram 1	1	AU-BS02a-090814-025659.wav	2168.728795801	2168.940659776	0.212	18.5	537.5	519.0	56.0	end pattern
138	Spectrogram 1	1	AU-BS02a-090814-025659.wav	2418.457540738	2418.881268690	0.424	24.7	216.2	191.5	56.0	start pattern
139	Spectrogram 1	1	AU-BS02a-090814-025659.wav	2421.762618760	2422.355837892	0.593	21.6	240.9	219.3	48.0	
140	Spectrogram 1	1	AU-BS02a-090814-025659.wav	2425.618543118	2426.211762250	0.593	34.0	250.2	216.2	56.0	
141	Spectrogram 1	1	AU-BS02a-090814-025659.wav	2429.432094682	2429.898195428	0.466	24.7	225.5	200.8	40.0	
142	Spectrogram 1	1	AU-BS02a-090814-025659.wav	2432.228699162	2432.821918294	0.593	18.5	231.7	213.1	40.0	
143	Spectrogram 1	1	AU-BS02a-090814-025659.wav	2435.169481008	2435.720327345	0.551	27.8	219.3	191.5	48.0	
144	Spectrogram 1	1	AU-BS02a-090814-025659.wav	2438.050831078	2438.771168596	0.720	24.7	213.1	188.4	48.0	
145	Spectrogram 1	1	AU-BS02a-090814-025659.wav	2440.762689968	2441.398281895	0.636	24.7	225.5	200.8	40.0	
146	Spectrogram 1	1	AU-BS02a-090814-025659.wav	2443.601667243	2444.152513579	0.551	15.4	240.9	225.5	40.0	
147	Spectrogram 1	1	AU-BS02a-090814-025659.wav	2446.567762903	2447.245727625	0.678	18.5	244.0	225.5	32.0	
148	Spectrogram 1	1	AU-BS02a-090814-025659.wav	2449.406740178	2449.957586515	0.551	24.7	250.2	225.5	48.0	
149	Spectrogram 1	1	AU-BS02a-090814-025659.wav	2452.669445404	2453.305037331	0.636	18.5	234.8	216.2	72.0	
150	Spectrogram 1	1	AU-BS02a-090814-025659.wav	2468.538057187	2468.749921163	0.212	34.0	1918.3	1884.3	736.0	start gs
151	Spectrogram 1	1	AU-BS02a-090814-025659.wav	2472.288049558	2472.499913534	0.212	49.4	2035.6	1986.2	384.0	
152	Spectrogram 1	1	AU-BS02a-090814-025659.wav	2475.953296338	2476.165160314	0.212	27.8	2017.1	1989.3	632.0	
153	Spectrogram 1	1	AU-BS02a-090814-025659.wav	2479.660915914	2479.915152684	0.254	37.1	1859.6	1822.5	776.0	
154	Spectrogram 1	1	AU-BS02a-090814-025659.wav	2483.347349091	2483.559213067	0.212	27.8	1921.4	1893.6	64.0	
155	Spectrogram 1	1	AU-BS02a-090814-025659.wav	2486.949036679	2487.160900655	0.212	40.2	1587.7	1547.6	216.0	
156	Spectrogram 1	1	AU-BS02a-090814-025659.wav	2490.779647224	2490.991511199	0.212	30.9	1927.5	1896.6	208.0	
157	Spectrogram 1	1	AU-BS02a-090814-025659.wav	2494.466080402	2494.635571582	0.169	37.1	1498.2	1461.1	72.0	
158	Spectrogram 1	1	AU-BS02a-090814-025659.wav	2498.110140784	2498.322004760	0.212	43.2	1016.3	973.0	72.0	
159	Spectrogram 1	1	AU-BS02a-090814-025659.wav	2501.838946757	2502.050810733	0.212	46.3	1337.5	1291.2	56.0	
160	Spectrogram 1	1	AU-BS02a-090814-025659.wav	2505.567752730	2505.821989501	0.254	30.9	880.4	849.5	56.0	
161	Spectrogram 1	1	AU-BS02a-090814-025659.wav	2509.211813113	2509.466049884	0.254	52.5	830.9	778.4	64.0	
162	Spectrogram 1	1	AU-BS02a-090814-025659.wav	2512.813500701	2513.025364676	0.212	24.7	1726.7	1702.0	88.0	end pattern
163	Spectrogram 1	1	AU-BS02a-090814-030801.wav	2696.211762250	2696.720235792	0.508	27.8	210.1	182.3	56.0	
164	Spectrogram 1	1	AU-BS02a-090814-030801.wav	2699.220230706	2699.855822633	0.636	18.5	240.9	222.4	48.0	
165	Spectrogram 1	1	AU-BS02a-090814-030801.wav	2702.059207981	2702.610054318	0.551	24.7	231.7	207.0	80.0	
166	Spectrogram 1	1	AU-BS02a-090814-030801.wav	2704.813439666	2705.449031593	0.636	21.6	231.7	210.1	40.0	
167	Spectrogram 1	1	AU-BS02a-090814-030801.wav	2707.711848717	2708.389813439	0.678	21.6	244.0	222.4	48.0	
168	Spectrogram 1	1	AU-BS02a-090814-030801.wav	2710.296589221	2710.889808353	0.593	12.4	228.6	216.2	24.0	
169	Spectrogram 1	1	AU-BS02a-090814-030801.wav	2713.093193701	2713.813531218	0.720	24.7	237.9	213.1	48.0	
170	Spectrogram 1	1	AU-BS02a-090814-030801.wav	2715.932170976	2716.610135698	0.678	27.8	237.9	210.1	32.0	
171	Spectrogram 1	1	AU-BS02a-090814-030801.wav	2719.449112973	2720.169450490	0.720	9.3	240.9	231.7	24.0	
172	Spectrogram 1	1	AU-BS02a-090814-030801.wav	2733.474508167	2733.686372143	0.212	46.3	1822.5	1776.2	776.0	start gs
173	Spectrogram 1	1	AU-BS02a-090814-030801.wav	2737.288059730	2737.499923706	0.212	30.9	2029.5	1998.6	856.0	
174	Spectrogram 1	1	AU-BS02a-090814-030801.wav	2741.016865703	2741.228729679	0.212	37.1	2023.3	1986.2	768.0	
175	Spectrogram 1	1	AU-BS02a-090814-030801.wav	2744.745671676	2744.999908447	0.254	43.2	2032.6	1989.3	768.0	
176	Spectrogram 1	1	AU-BS02a-090814-030801.wav	2748.516850445	2748.771087215	0.254	43.2	1819.4	1776.2	88.0	
177	Spectrogram 1	1	AU-BS02a-090814-030801.wav	2752.203283622	2752.415147598	0.212	24.7	1115.1	1090.4	88.0	
178	Spectrogram 1	1	AU-BS02a-090814-030801.wav	2755.974462391	2756.186326366	0.212	49.4	1899.7	1850.3	64.0	
179	Spectrogram 1	1	AU-BS02a-090814-030801.wav	2759.720327345	2759.974564116	0.254	27.8	1458.0	1430.2	72.0	
180	Spectrogram 1	1	AU-BS02a-090814-030801.wav	2763.364387728	2763.618624499	0.254	34.0	1288.1	1254.1	64.0	
181	Spectrogram 1	1	AU-BS02a-090814-030801.wav	2767.135566496	2767.389803267	0.254	37.1	741.4	704.3	72.0	end pattern
182	Spectrogram 1	1	AU-BS02a-090814-031903.wav	3370.499954224	3371.220291741	0.720	15.4	207.0	191.5	40.0	start pattern
183	Spectrogram 1	1	AU-BS02a-090814-031903.wav	3372.999949137	3373.635541065	0.636	15.4	203.9	188.4	24.0	
184	Spectrogram 1	1	AU-BS02a-090814-031903.wav	3375.711808027	3376.262654364	0.551	15.4	213.1	197.7	48.0	
185	Spectrogram 1	1	AU-BS02a-090814-031903.wav	3378.762649278	3379.440614000	0.678	24.7	207.0	182.3	32.0	
186	Spectrogram 1	1	AU-BS02a-090814-031903.wav	3381.728744938	3382.406709660	0.678	18.5	225.5	207.0	64.0	
187	Spectrogram 1	1	AU-BS02a-090814-031903.wav	3384.186367056	3384.949077369	0.763	12.4	234.8	222.4	80.0	
188	Spectrogram 1	1	AU-BS02a-090814-031903.wav	3386.940598741	3387.618563463	0.678	21.6	240.9	219.3	32.0	
189	Spectrogram 1	1	AU-BS02a-090814-031903.wav	3389.864321606	3390.584659124	0.720	24.7	250.2	225.5	96.0	
190	Spectrogram 1	1	AU-BS02a-090814-031903.wav	3392.788044472	3393.423636399	0.636	24.7	253.3	228.6	80.0	
191	Spectrogram 1	1	AU-BS02a-090814-031903.wav	3408.038123309	3408.249987284	0.212	37.1	1649.5	1612.5	256.0	start gs
193	Spectrogram 1	1	AU-BS02a-090814-031903.wav	3411.788115679	3412.042352450	0.254	27.8	1164.5	1136.7	360.0	
194	Spectrogram 1	1	AU-BS02a-090814-031903.wav	3415.665226435	3415.877090411	0.212	49.4	1260.3	1210.9	296.0	
195	Spectrogram 1	1	AU-BS02a-090814-031903.wav	3419.372846011	3419.627082782	0.254	44.8	1851.8	1807.1	144.0	
196	Spectrogram 1	1	AU-BS02a-090814-031903.wav	3423.144024779	3423.398261550	0.254	40.2	1807.1	1766.9	160.0	
197	Spectrogram 1	1	AU-BS02a-090814-031903.wav	3426.830457957	3427.084694728	0.254	43.2	1828.7	1785.4	152.0	
198	Spectrogram 1	1	AU-BS02a-090814-031903.wav	3430.559263930	3430.771127906	0.212	34.0	1053.3	1019.4	176.0	
199	Spectrogram 1	1	AU-BS02a-090814-031903.wav	3434.288069903	3434.499933879	0.212	34.0	1099.7	1065.7	208.0	
200	Spectrogram 1	1	AU-BS02a-090814-031903.wav	3437.932130286	3438.186367056	0.254	52.5	917.4	864.9	168.0	
201	Spectrogram 1	1	AU-BS02a-090814-031903.wav	3441.618563463	3441.830427439	0.212	40.2	790.8	750.6	88.0	
202	Spectrogram 1	1	AU-BS02a-090814-031903.wav	3445.347369436	3445.643979003	0.297	27.8	605.4	577.6	32.0	
203	Spectrogram 1	1	AU-BS02a-090814-031903.wav	3448.949057024	3449.203293795	0.254	37.1	707.4	670.3	48.0	
204	Spectrogram 1	1	AU-BS02a-090814-031903.wav	3452.593117407	3452.847354178	0.254	30.9	568.4	537.5	48.0	end pattern
205	Spectrogram 1	1	AU-BS02a-090814-031903.wav	3737.228790714	3737.779637051	0.551	24.7	234.8	210.1	80.0	start pattern
206	Spectrogram 1	1	AU-BS02a-090814-031903.wav	3740.025395194	3740.491495941	0.466	21.6	234.8	213.1	48.0	
207	Spectrogram 1	1	AU-BS02a-090814-031903.wav	3742.906745264	3743.330473216	0.424	24.7	222.4	197.7	40.0	
208	Spectrogram 1	1	AU-BS02a-090814-031903.wav	3745.745722539	3746.381314466	0.636	12.4	225.5	213.1	24.0	
209	Spectrogram 1	1	AU-BS02a-090814-031903.wav	3748.584699814	3749.135546151	0.551	12.4	222.4	210.1	192.0	
210	Spectrogram 1	1	AU-BS02a-090814-031903.wav	3751.550795474	3752.186387402	0.636	18.5	225.5	207.0	40.0	
211	Spectrogram 1	1	AU-BS02a-090814-031903.wav	3754.919432689	3755.470279025	0.551	24.7	228.6	203.9	80.0	
212	Spectrogram 1	1	AU-BS02a-090814-031903.wav	3769.686351798	3769.940588569	0.254	55.6	1899.7	1844.1	88.0	start gs
213	Spectrogram 1	1	AU-BS02a-090814-031903.wav	3773.627021746	3773.838885722	0.212	40.2	1501.2	1461.1	144.0	
214	Spectrogram 1	1	AU-BS02a-090814-031903.wav	3777.313454924	3777.525318900	0.212	27.8	1992.4	1964.6	376.0	
215	Spectrogram 1	1	AU-BS02a-090814-031903.wav	3781.042260897	3781.296497668	0.254	43.2	1865.7	1822.5	568.0	
216	Spectrogram 1	1	AU-BS02a-090814-031903.wav	3784.771066870	3784.982930846	0.212	27.8	1658.8	1631.0	168.0	
217	Spectrogram 1	1	AU-BS02a-090814-031903.wav	3788.474559030	3788.728795801	0.254	15.4	1587.7	1572.3	176.0	
218	Spectrogram 1	1	AU-BS02a-090814-031903.wav	3792.118619412	3792.415228978	0.297	37.1	1201.6	1164.5	168.0	
219	Spectrogram 1	1	AU-BS02a-090814-031903.wav	3795.847425385	3796.059289361	0.212	34.0	1853.4	1819.4	80.0	
220	Spectrogram 1	1	AU-BS02a-090814-031903.wav	3799.618604154	3799.830468129	0.212	15.4	1841.0	1825.6	80.0	
221	Spectrogram 1	1	AU-BS02a-090814-031903.wav	3803.283850934	3803.495714910	0.212	20.1	1215.5	1195.4	24.0	
222	Spectrogram 1	1	AU-BS02a-090814-031903.wav	3806.906724919	3807.160961690	0.254	24.7	1393.1	1368.4	72.0	
223	Spectrogram 1	1	AU-BS02a-090814-031903.wav	3810.889767663	3811.144004434	0.254	43.2	1393.1	1349.9	72.0	
224	Spectrogram 1	1	AU-BS02a-090814-031903.wav	3814.618573636	3814.872810407	0.254	37.1	920.5	883.5	88.0	
225	Spectrogram 1	1	AU-BS02a-090814-031903.wav	3818.432125199	3818.686361970	0.254	20.1	826.3	806.2	120.0	
226	Spectrogram 1	1	AU-BS02a-090814-031903.wav	3822.160931172	3822.457540738	0.297	37.1	821.7	784.6	72.0	
227	Spectrogram 1	1	AU-BS02a-090814-031903.wav	3825.932109941	3826.186346711	0.254	27.8	1232.5	1204.7	128.0	
228	Spectrogram 1	1	AU-BS02a-090814-031903.wav	3829.491424733	3829.703288709	0.212	30.9	253.3	222.4	72.0	
229	Spectrogram 1	1	AU-BS02a-090814-031903.wav	3833.135485116	3833.432094682	0.297	43.2	268.7	225.5	112.0	end pattern
230	Spectrogram 1	1	AU-BS02a-090814-033006.wav	3998.542367709	3999.177959636	0.636	9.3	222.4	213.1	24.0	start pattern
231	Spectrogram 1	1	AU-BS02a-090814-033006.wav	4001.211853803	4001.847445730	0.636	24.7	253.3	228.6	48.0	
232	Spectrogram 1	1	AU-BS02a-090814-033006.wav	4003.838967102	4004.432186234	0.593	12.4	219.3	207.0	48.0	
233	Spectrogram 1	1	AU-BS02a-090814-033006.wav	4006.254216426	4006.847435558	0.593	15.4	210.1	194.6	48.0	
234	Spectrogram 1	1	AU-BS02a-090814-033006.wav	4008.711838544	4009.347430472	0.636	15.4	225.5	210.1	48.0	
235	Spectrogram 1	1	AU-BS02a-090814-033006.wav	4011.381324639	4011.847425385	0.466	24.7	213.1	188.4	40.0	
236	Spectrogram 1	1	AU-BS02a-090814-033006.wav	4014.305047504	4014.898266636	0.593	21.6	225.5	203.9	32.0	
237	Spectrogram 1	1	AU-BS02a-090814-033006.wav	4017.694871116	4018.457581428	0.763	30.9	240.9	210.1	48.0	
238	Spectrogram 1	1	AU-BS02a-090814-033006.wav	4032.059248671	4032.271112647	0.212	40.2	1643.3	1603.2	72.0	start gs
239	Spectrogram 1	1	AU-BS02a-090814-033006.wav	4035.872800234	4036.084664210	0.212	43.2	1634.1	1590.8	176.0	
240	Spectrogram 1	1	AU-BS02a-090814-033006.wav	4039.643979003	4039.855842978	0.212	15.4	1652.6	1637.2	168.0	
241	Spectrogram 1	1	AU-BS02a-090814-033006.wav	4043.372784976	4043.584648951	0.212	24.7	1362.2	1337.5	88.0	
242	Spectrogram 1	1	AU-BS02a-090814-033006.wav	4047.143963744	4047.398200515	0.254	49.4	1609.4	1559.9	200.0	
243	Spectrogram 1	1	AU-BS02a-090814-033006.wav	4050.872769717	4051.127006488	0.254	27.8	1609.4	1581.6	32.0	
244	Spectrogram 1	1	AU-BS02a-090814-033006.wav	4054.580389292	4054.792253268	0.212	37.1	1476.5	1439.5	168.0	
245	Spectrogram 1	1	AU-BS02a-090814-033006.wav	4058.305067849	4058.601677415	0.297	49.4	1779.3	1729.8	120.0	
246	Spectrogram 1	1	AU-BS02a-090814-033006.wav	4062.076246617	4062.330483388	0.254	46.3	1807.1	1760.7	112.0	
247	Spectrogram 1	1	AU-BS02a-090814-033006.wav	4065.847425385	4066.101662156	0.254	27.8	1420.9	1393.1	80.0	
248	Spectrogram 1	1	AU-BS02a-090814-033006.wav	4069.576231358	4069.872840924	0.297	27.8	1155.3	1127.5	112.0	
249	Spectrogram 1	1	AU-BS02a-090814-033006.wav	4073.389782922	4073.686392488	0.297	27.8	466.4	438.6	104.0	
250	Spectrogram 1	1	AU-BS02a-090814-033006.wav	4077.118588895	4077.415198461	0.297	34.0	519.0	485.0	80.0	
251	Spectrogram 1	1	AU-BS02a-090814-033006.wav	4081.144004434	4081.398241205	0.254	46.3	549.8	503.5	80.0	
252	Spectrogram 1	1	AU-BS02a-090814-033006.wav	4085.084674383	4085.296538358	0.212	30.9	651.8	620.9	112.0	
253	Spectrogram 1	1	AU-BS02a-090814-033006.wav	4089.046530729	4089.258394705	0.212	37.1	611.6	574.6	112.0	
254	Spectrogram 1	1	AU-BS02a-090814-033006.wav	4093.008387075	4093.262623846	0.254	34.0	1467.3	1433.3	104.0	
255	Spectrogram 1	1	AU-BS02a-090814-033006.wav	4096.991429819	4097.203293795	0.212	40.2	1142.9	1102.8	80.0	
256	Spectrogram 1	1	AU-BS02a-090814-033006.wav	4100.932099768	4101.143963744	0.212	34.0	954.5	920.5	64.0	
257	Spectrogram 1	1	AU-BS02a-090814-033006.wav	4105.084633693	4105.338870463	0.254	34.0	1139.8	1105.9	112.0	
258	Spectrogram 1	1	AU-BS02a-090814-033006.wav	4108.940558051	4109.152422027	0.212	40.2	617.8	577.6	48.0	
259	Spectrogram 1	1	AU-BS02a-090814-033006.wav	4112.898286981	4113.152523752	0.254	34.0	605.4	571.5	64.0	end pattern
260	Spectrogram 1	1	AU-BS02a-090814-034108.wav	4506.321984415	4506.830457957	0.508	24.7	203.9	179.2	80.0	start pattern
261	Spectrogram 1	1	AU-BS02a-090814-034108.wav	4508.991470509	4509.542316846	0.551	24.7	210.1	185.3	48.0	
262	Spectrogram 1	1	AU-BS02a-090814-034108.wav	4511.872820579	4512.338921326	0.466	24.7	219.3	194.6	32.0	
263	Spectrogram 1	1	AU-BS02a-090814-034108.wav	4514.499933879	4515.093153011	0.593	15.4	225.5	210.1	192.0	
264	Spectrogram 1	1	AU-BS02a-090814-034108.wav	4517.169419973	4517.677893515	0.508	27.8	231.7	203.9	40.0	
265	Spectrogram 1	1	AU-BS02a-090814-034108.wav	4519.627042091	4520.177888428	0.551	18.5	244.0	225.5	32.0	
266	Spectrogram 1	1	AU-BS02a-090814-034108.wav	4522.127037005	4522.677883342	0.551	18.5	225.5	207.0	32.0	
267	Spectrogram 1	1	AU-BS02a-090814-034108.wav	4524.711777509	4525.262623846	0.551	18.5	225.5	207.0	48.0	
268	Spectrogram 1	1	AU-BS02a-090814-034108.wav	4527.381263604	4527.932109941	0.551	27.8	222.4	194.6	56.0	
269	Spectrogram 1	1	AU-BS02a-090814-034108.wav	4530.792273613	4531.279560757	0.487	29.3	230.1	200.8	104.0	
270	Spectrogram 1	1	AU-BS02a-090814-034108.wav	4548.499974569	4548.754211340	0.254	58.7	1655.7	1597.0	152.0	start gs
271	Spectrogram 1	1	AU-BS02a-090814-034108.wav	4552.228780542	4552.398271722	0.169	30.9	1578.5	1547.6	144.0	
272	Spectrogram 1	1	AU-BS02a-090814-034108.wav	4555.957586515	4556.169450490	0.212	43.2	1303.6	1260.3	152.0	
273	Spectrogram 1	1	AU-BS02a-090814-034108.wav	4559.644019693	4559.898256464	0.254	44.8	1993.9	1949.2	160.0	
274	Spectrogram 1	1	AU-BS02a-090814-034108.wav	4563.266893678	4563.478757654	0.212	12.4	1841.0	1828.7	16.0	
275	Spectrogram 1	1	AU-BS02a-090814-034108.wav	4567.059258844	4567.228750024	0.169	43.2	1992.4	1949.2	88.0	
276	Spectrogram 1	1	AU-BS02a-090814-034108.wav	4570.660946431	4570.872810407	0.212	30.9	1677.3	1646.4	104.0	
277	Spectrogram 1	1	AU-BS02a-090814-034108.wav	4574.389752404	4574.601616380	0.212	34.0	1702.0	1668.1	104.0	
278	Spectrogram 1	1	AU-BS02a-090814-034108.wav	4578.160931172	4578.415167943	0.254	40.2	963.8	923.6	80.0	
279	Spectrogram 1	1	AU-BS02a-090814-034108.wav	4581.932109941	4582.186346711	0.254	29.3	1749.9	1720.6	80.0	
280	Spectrogram 1	1	AU-BS02a-090814-034108.wav	4585.660915914	4585.872779889	0.212	27.8	525.1	497.3	64.0	end pattern
281	Spectrogram 1	1	AU-BS02a-090814-034108.wav	4759.499984741	4760.050831078	0.551	18.5	228.6	210.1	24.0	start pattern
282	Spectrogram 1	1	AU-BS02a-090814-034108.wav	4761.830488474	4762.296589221	0.466	30.9	216.2	185.3	48.0	
283	Spectrogram 1	1	AU-BS02a-090814-034108.wav	4764.457601774	4764.923702520	0.466	9.3	240.9	231.7	16.0	
284	Spectrogram 1	1	AU-BS02a-090814-034108.wav	4766.915223892	4767.423697434	0.508	18.5	231.7	213.1	24.0	
285	Spectrogram 1	1	AU-BS02a-090814-034108.wav	4769.415218806	4769.966065143	0.551	34.0	247.1	213.1	48.0	
286	Spectrogram 1	1	AU-BS02a-090814-034108.wav	4771.830468129	4772.381314466	0.551	9.3	250.2	240.9	48.0	
287	Spectrogram 1	1	AU-BS02a-090814-034108.wav	4774.330463043	4774.796563790	0.466	15.4	253.3	237.9	16.0	
288	Spectrogram 1	1	AU-BS02a-090814-034108.wav	4776.999949137	4777.635541065	0.636	24.7	250.2	225.5	32.0	
289	Spectrogram 1	1	AU-BS02a-090814-034108.wav	4780.326213556	4780.877059893	0.551	29.3	273.4	244.0	80.0	
290	Spectrogram 1	1	AU-BS02a-090814-034108.wav	4794.627031919	4794.796523100	0.169	24.7	654.9	630.2	32.0	start gs
291	Spectrogram 1	1	AU-BS02a-090814-034108.wav	4798.440583482	4798.652447458	0.212	27.8	1198.5	1170.7	184.0	
292	Spectrogram 1	1	AU-BS02a-090814-034108.wav	4802.190575853	4802.402439829	0.212	44.8	1017.8	973.0	184.0	
293	Spectrogram 1	1	AU-BS02a-090814-034108.wav	4805.982941019	4806.194804994	0.212	37.1	1118.2	1081.1	184.0	
294	Spectrogram 1	1	AU-BS02a-090814-034108.wav	4809.711746992	4809.881238172	0.169	37.1	1955.3	1918.3	136.0	
295	Spectrogram 1	1	AU-BS02a-090814-034108.wav	4813.415239151	4813.627103127	0.212	46.3	1380.8	1334.4	144.0	
296	Spectrogram 1	1	AU-BS02a-090814-034108.wav	4817.101672329	4817.313536305	0.212	24.7	1278.8	1254.1	120.0	
297	Spectrogram 1	1	AU-BS02a-090814-034108.wav	4820.830478302	4820.999969482	0.169	30.9	1105.9	1075.0	120.0	
298	Spectrogram 1	1	AU-BS02a-090814-034108.wav	4824.601657070	4824.855893841	0.254	37.1	1587.7	1550.7	160.0	
299	Spectrogram 1	1	AU-BS02a-090814-034108.wav	4828.330463043	4828.542327019	0.212	24.7	1368.4	1343.7	96.0	
300	Spectrogram 1	1	AU-BS02a-090814-034108.wav	4832.059269016	4832.313505787	0.254	43.2	1195.4	1152.2	64.0	
301	Spectrogram 1	1	AU-BS02a-090814-034108.wav	4835.788074989	4836.042311760	0.254	27.8	772.2	744.4	88.0	
302	Spectrogram 1	1	AU-BS02a-090814-034108.wav	4839.559253757	4839.771117733	0.212	24.7	435.5	410.8	80.0	
303	Spectrogram 1	1	AU-BS02a-090814-034108.wav	4843.245686935	4843.542296501	0.297	37.1	886.5	849.5	72.0	
304	Spectrogram 1	1	AU-BS02a-090814-034108.wav	4847.059238498	4847.271102474	0.212	37.1	596.2	559.1	72.0	
305	Spectrogram 1	1	AU-BS02a-090814-034108.wav	4850.872790062	4851.127026833	0.254	34.0	685.8	651.8	72.0	
306	Spectrogram 1	1	AU-BS02a-090814-034108.wav	4854.749900818	4855.046510384	0.297	32.4	474.2	441.7	72.0	end pattern
307	Spectrogram 1	1	AU-BS02a-090814-034108.wav	5113.711787682	5114.305006814	0.593	34.0	231.7	197.7	80.0	start pattern
308	Spectrogram 1	1	AU-BS02a-090814-035211.wav	5116.084664210	5116.720256137	0.636	40.2	250.2	210.1	48.0	
309	Spectrogram 1	1	AU-BS02a-090814-035211.wav	5118.690591112	5119.156691858	0.466	30.9	247.1	216.2	40.0	
310	Spectrogram 1	1	AU-BS02a-090814-035211.wav	5121.466009194	5121.932109941	0.466	34.0	250.2	216.2	176.0	
311	Spectrogram 1	1	AU-BS02a-090814-035211.wav	5123.838885722	5124.474477649	0.636	24.7	256.4	231.7	32.0	
312	Spectrogram 1	1	AU-BS02a-090814-035211.wav	5126.614303804	5127.080404551	0.466	29.3	267.2	237.9	216.0	
313	Spectrogram 1	1	AU-BS02a-090814-035211.wav	5130.364296175	5130.915142512	0.551	30.9	265.7	234.8	104.0	
314	Spectrogram 1	1	AU-BS02a-090814-035211.wav	5144.173699977	5144.385563953	0.212	24.7	1977.0	1952.2	144.0	start gs
315	Spectrogram 1	1	AU-BS02a-090814-035211.wav	5147.966065143	5148.177929119	0.212	34.0	2032.6	1998.6	136.0	
316	Spectrogram 1	1	AU-BS02a-090814-035211.wav	5151.652498321	5151.906735092	0.254	55.6	2010.9	1955.3	152.0	
317	Spectrogram 1	1	AU-BS02a-090814-035211.wav	5155.423677089	5155.677913860	0.254	24.7	2023.3	1998.6	104.0	
318	Spectrogram 1	1	AU-BS02a-090814-035211.wav	5159.152483062	5159.406719833	0.254	34.0	1871.9	1837.9	776.0	
319	Spectrogram 1	1	AU-BS02a-090814-035211.wav	5162.838916240	5163.093153011	0.254	37.1	1973.9	1936.8	120.0	
320	Spectrogram 1	1	AU-BS02a-090814-035211.wav	5166.525349418	5166.779586189	0.254	30.9	1964.6	1933.7	112.0	
321	Spectrogram 1	1	AU-BS02a-090814-035211.wav	5170.232968993	5170.466019366	0.233	32.4	2024.8	1992.4	80.0	
322	Spectrogram 1	1	AU-BS02a-090814-035211.wav	5174.025334159	5174.279570930	0.254	49.4	1878.1	1828.7	168.0	
323	Spectrogram 1	1	AU-BS02a-090814-035211.wav	5177.966004108	5178.177868083	0.212	55.6	1955.3	1899.7	104.0	
324	Spectrogram 1	1	AU-BS02a-090814-035211.wav	5181.821928466	5182.033792442	0.212	55.6	1037.9	982.3	160.0	
325	Spectrogram 1	1	AU-BS02a-090814-035211.wav	5186.059207981	5186.271071957	0.212	24.7	1121.3	1096.6	40.0	
326	Spectrogram 1	1	AU-BS02a-090814-035211.wav	5190.059309706	5190.271173682	0.212	21.6	1112.0	1090.4	72.0	
327	Spectrogram 1	1	AU-BS02a-090814-035211.wav	5193.999979655	5194.254216426	0.254	24.7	593.1	568.4	72.0	
328	Spectrogram 1	1	AU-BS02a-090814-035211.wav	5197.940649604	5198.152513579	0.212	18.5	469.5	451.0	96.0	
329	Spectrogram 1	1	AU-BS02a-090814-035211.wav	5202.050810733	5202.305047504	0.254	18.5	528.2	509.7	56.0	end pattern
330	Spectrogram 1	1	AU-BS02a-090814-035211.wav	5347.864402987	5348.457622119	0.593	21.6	200.8	179.2	32.0	start pattern
331	Spectrogram 1	1	AU-BS02a-090814-035211.wav	5350.364397900	5351.042362623	0.678	15.4	216.2	200.8	48.0	
332	Spectrogram 1	1	AU-BS02a-090814-035211.wav	5352.906765609	5353.627103127	0.720	15.4	222.4	207.0	56.0	
333	Spectrogram 1	1	AU-BS02a-090814-035211.wav	5355.788115679	5356.381334811	0.593	18.5	207.0	188.4	48.0	
334	Spectrogram 1	1	AU-BS02a-090814-035211.wav	5358.288110593	5358.923702520	0.636	18.5	213.1	194.6	40.0	
335	Spectrogram 1	1	AU-BS02a-090814-035211.wav	5360.788105507	5361.338951844	0.551	21.6	234.8	213.1	40.0	
336	Spectrogram 1	1	AU-BS02a-090814-035211.wav	5363.372846011	5364.008437938	0.636	21.6	210.1	188.4	56.0	
337	Spectrogram 1	1	AU-BS02a-090814-035211.wav	5366.254196081	5366.805042418	0.551	21.6	219.3	197.7	40.0	
338	Spectrogram 1	1	AU-BS02a-090814-035211.wav	5369.601646897	5370.194866030	0.593	21.6	222.4	200.8	56.0	
339	Spectrogram 1	1	AU-BS02a-090814-035211.wav	5383.372805321	5383.584669296	0.212	30.9	1362.2	1331.4	240.0	start gs
340	Spectrogram 1	1	AU-BS02a-090814-035211.wav	5387.080424896	5387.292288872	0.212	17.0	829.4	812.4	152.0	
341	Spectrogram 1	1	AU-BS02a-090814-035211.wav	5390.915162857	5391.127026833	0.212	55.6	1603.2	1547.6	184.0	
342	Spectrogram 1	1	AU-BS02a-090814-035211.wav	5394.601596035	5394.813460011	0.212	46.3	1226.3	1180.0	176.0	
343	Spectrogram 1	1	AU-BS02a-090814-035211.wav	5398.351588405	5398.563452381	0.212	30.9	1757.6	1726.7	184.0	
344	Spectrogram 1	1	AU-BS02a-090814-035211.wav	5402.059207981	5402.271071957	0.212	24.7	1417.8	1393.1	136.0	
345	Spectrogram 1	1	AU-BS02a-090814-035211.wav	5405.805072935	5406.059309706	0.254	27.8	1683.5	1655.7	128.0	
346	Spectrogram 1	1	AU-BS02a-090814-035211.wav	5409.533878908	5409.788115679	0.254	47.9	1817.9	1770.0	192.0	
347	Spectrogram 1	1	AU-BS02a-090814-035211.wav	5413.283871279	5413.495735255	0.212	37.1	1847.2	1810.1	192.0	
348	Spectrogram 1	1	AU-BS02a-090814-035211.wav	5417.076236445	5417.288100420	0.212	27.8	803.1	775.3	64.0	
349	Spectrogram 1	1	AU-BS02a-090814-035211.wav	5420.805042418	5421.059279189	0.254	24.7	608.5	583.8	96.0	
350	Spectrogram 1	1	AU-BS02a-090814-035211.wav	5424.597407583	5424.809271559	0.212	27.8	682.7	654.9	104.0	
351	Spectrogram 1	1	AU-BS02a-090814-035211.wav	5442.203303967	5442.499913534	0.297	37.1	645.6	608.5	72.0	terminal phrase
352	Spectrogram 1	1	AU-BS02a-090814-035211.wav	5446.525329073	5446.779565843	0.254	30.9	661.0	630.2	400.0	
353	Spectrogram 1	1	AU-BS02a-090814-035211.wav	5450.720235792	5451.016845358	0.297	43.2	858.7	815.5	72.0	
354	Spectrogram 1	1	AU-BS02a-090814-035211.wav	5454.745651331	5454.999888102	0.254	34.0	1161.5	1127.5	304.0	
355	Spectrogram 1	1	AU-BS02a-090814-035211.wav	5459.127108213	5459.423717779	0.297	61.8	1093.5	1031.7	328.0	
356	Spectrogram 1	1	AU-BS02a-090814-035211.wav	5483.533838218	5483.788074989	0.254	46.3	1766.9	1720.6	64.0	tp2
357	Spectrogram 1	1	AU-BS02a-090814-035211.wav	5487.686372143	5487.898236118	0.212	49.4	1637.2	1587.7	296.0	
358	Spectrogram 1	1	AU-BS02a-090814-035211.wav	5491.923651658	5492.177888428	0.254	27.8	1124.4	1096.6	80.0	
359	Spectrogram 1	1	AU-BS02a-090814-035211.wav	5495.906694401	5496.118558377	0.212	27.8	1093.5	1065.7	32.0	end pattern
360	Spectrogram 1	1	AU-BS02a-090814-035211.wav	5651.254165563	5651.720266310	0.466	12.4	219.3	207.0	56.0	start pattern
361	Spectrogram 1	1	AU-BS02a-090814-035211.wav	5654.093142838	5654.559243585	0.466	21.6	234.8	213.1	32.0	
362	Spectrogram 1	1	AU-BS02a-090814-035211.wav	5657.143984089	5657.779576016	0.636	12.4	225.5	213.1	48.0	
363	Spectrogram 1	1	AU-BS02a-090814-035211.wav	5659.940588569	5660.491434905	0.551	18.5	216.2	197.7	40.0	
364	Spectrogram 1	1	AU-BS02a-090814-035211.wav	5662.567701868	5663.160921000	0.593	21.6	219.3	197.7	48.0	
365	Spectrogram 1	1	AU-BS02a-090814-035211.wav	5665.110069577	5665.788034299	0.678	21.6	219.3	197.7	32.0	
366	Spectrogram 1	1	AU-BS02a-090814-035211.wav	5668.203283622	5668.796502755	0.593	18.5	216.2	197.7	32.0	
367	Spectrogram 1	1	AU-BS02a-090814-035211.wav	5670.957515307	5671.550734439	0.593	24.7	225.5	200.8	40.0	
368	Spectrogram 1	1	AU-BS02a-090814-035211.wav	5674.304966124	5675.025303641	0.720	21.6	228.6	207.0	24.0	
369	Spectrogram 1	1	AU-BS02a-090814-035211.wav	5687.838946757	5688.093183528	0.254	21.6	1677.3	1655.7	32.0	start gs
370	Spectrogram 1	1	AU-BS02a-090814-035211.wav	5691.610125526	5691.821989501	0.212	46.3	1414.8	1368.4	184.0	
371	Spectrogram 1	1	AU-BS02a-090814-035211.wav	5695.402490691	5695.614354667	0.212	47.9	1319.0	1271.1	168.0	
372	Spectrogram 1	1	AU-BS02a-090814-035211.wav	5699.067737472	5699.279601447	0.212	40.2	1031.7	991.6	160.0	
373	Spectrogram 1	1	AU-BS02a-090814-035211.wav	5702.796543445	5703.008407420	0.212	34.0	1362.2	1328.3	264.0	
374	Spectrogram 1	1	AU-BS02a-090814-035211.wav	5706.440603827	5706.694840598	0.254	27.8	1226.3	1198.5	136.0	
375	Spectrogram 1	1	AU-BS02a-090814-035211.wav	5710.232968993	5710.444832969	0.212	32.4	1190.8	1158.4	136.0	
376	Spectrogram 1	1	AU-BS02a-090814-035211.wav	5713.898215773	5714.110079749	0.212	24.7	1044.1	1019.4	208.0	
377	Spectrogram 1	1	AU-BS02a-090814-035211.wav	5717.584648951	5717.838885722	0.254	38.6	1627.9	1589.3	136.0	
378	Spectrogram 1	1	AU-BS02a-090814-035211.wav	5721.313454924	5721.525318900	0.212	43.2	1180.0	1136.7	136.0	
379	Spectrogram 1	1	AU-BS02a-090814-035211.wav	5725.127006488	5725.381243259	0.254	27.8	969.9	942.1	128.0	
382	Spectrogram 1	1	AU-BS02a-090814-035211.wav	5738.216072772	5738.512682338	0.297	24.7	892.7	868.0	64.0	terminal phrase
383	Spectrogram 1	1	AU-BS02a-090814-035211.wav	5742.177929119	5742.432165889	0.254	21.6	713.6	691.9	304.0	
384	Spectrogram 1	1	AU-BS02a-090814-035211.wav	5746.055039875	5746.266903850	0.212	21.6	960.7	939.1	296.0	
385	Spectrogram 1	1	AU-BS02a-090814-040313.wav	5764.974492908	5765.228729679	0.254	30.9	784.6	753.7	72.0	tp2
386	Spectrogram 1	1	AU-BS02a-090814-040313.wav	5769.042281242	5769.338890808	0.297	18.5	1319.0	1300.5	368.0	
387	Spectrogram 1	1	AU-BS02a-090814-040313.wav	5773.067696781	5773.321933552	0.254	24.7	1186.2	1161.5	368.0	
388	Spectrogram 1	1	AU-BS02a-090814-040313.wav	5777.262603501	5777.474467477	0.212	24.7	1297.4	1272.7	312.0	
389	Spectrogram 1	1	AU-BS02a-090814-040313.wav	5781.118527860	5781.372764631	0.254	24.7	1278.8	1254.1	384.0	
390	Spectrogram 1	1	AU-BS02a-090814-040313.wav	5785.330493561	5785.542357536	0.212	49.4	1272.7	1223.2	56.0	
391	Spectrogram 1	1	AU-BS02a-090814-040313.wav	5789.483027485	5789.737264256	0.254	32.4	1295.8	1263.4	40.0	end pattern
392	Spectrogram 1	1	AU-BS02a-090814-040313.wav	5944.703380261	5945.254226598	0.551	15.4	210.1	194.6	40.0	start pattern
393	Spectrogram 1	1	AU-BS02a-090814-040313.wav	5947.288120765	5947.796594307	0.508	9.3	213.1	203.9	48.0	
394	Spectrogram 1	1	AU-BS02a-090814-040313.wav	5949.915234065	5950.550825992	0.636	24.7	228.6	203.9	48.0	
395	Spectrogram 1	1	AU-BS02a-090814-040313.wav	5952.838956930	5953.347430472	0.508	12.4	219.3	207.0	56.0	
396	Spectrogram 1	1	AU-BS02a-090814-040313.wav	5955.720307000	5956.186407747	0.466	18.5	222.4	203.9	48.0	
397	Spectrogram 1	1	AU-BS02a-090814-040313.wav	5958.220301914	5958.855893841	0.636	24.7	207.0	182.3	48.0	
398	Spectrogram 1	1	AU-BS02a-090814-040313.wav	5960.889788008	5961.483007140	0.593	24.7	213.1	188.4	40.0	
399	Spectrogram 1	1	AU-BS02a-090814-040313.wav	5963.855883668	5964.533848391	0.678	24.7	191.5	166.8	40.0	
400	Spectrogram 1	1	AU-BS02a-090814-040313.wav	5966.652488148	5967.288080075	0.636	21.6	188.4	166.8	40.0	
401	Spectrogram 1	1	AU-BS02a-090814-040313.wav	5969.576211013	5970.211802941	0.636	21.6	182.3	160.6	48.0	
402	Spectrogram 1	1	AU-BS02a-090814-040313.wav	5983.495674220	5983.707538195	0.212	35.5	1445.6	1410.1	200.0	start gs
403	Spectrogram 1	1	AU-BS02a-090814-040313.wav	5987.288039385	5987.457530566	0.169	47.9	1464.2	1416.3	192.0	
404	Spectrogram 1	1	AU-BS02a-090814-040313.wav	5990.847354178	5991.059218153	0.212	49.4	1593.9	1544.5	192.0	
405	Spectrogram 1	1	AU-BS02a-090814-040313.wav	5994.703278536	5994.788024126	0.085	40.2	1309.7	1269.6	160.0	
406	Spectrogram 1	1	AU-BS02a-090814-040313.wav	5998.474457304	5998.643948485	0.169	34.0	1022.5	988.5	200.0	
407	Spectrogram 1	1	AU-BS02a-090814-040313.wav	6002.135576668	6002.389813439	0.254	37.1	1680.4	1643.3	144.0	
408	Spectrogram 1	1	AU-BS02a-090814-040313.wav	6005.864382641	6006.076246617	0.212	30.9	1485.8	1454.9	224.0	
409	Spectrogram 1	1	AU-BS02a-090814-040313.wav	6009.635561410	6009.847425385	0.212	27.8	1244.9	1217.1	200.0	
410	Spectrogram 1	1	AU-BS02a-090814-040313.wav	6013.406740178	6013.618604154	0.212	37.1	948.3	911.3	104.0	
411	Spectrogram 1	1	AU-BS02a-090814-040313.wav	6017.093173356	6017.305037331	0.212	37.1	1028.6	991.6	80.0	
412	Spectrogram 1	1	AU-BS02a-090814-040313.wav	6020.906724919	6021.118588895	0.212	37.1	846.4	809.3	128.0	
413	Spectrogram 1	1	AU-BS02a-090814-040313.wav	6024.635530892	6024.847394868	0.212	24.7	806.2	781.5	80.0	
414	Spectrogram 1	1	AU-BS02a-090814-040313.wav	6028.364336865	6028.576200841	0.212	37.1	624.0	586.9	120.0	
415	Spectrogram 1	1	AU-BS02a-090814-040313.wav	6032.093142838	6032.347379609	0.254	40.2	577.6	537.5	72.0	
416	Spectrogram 1	1	AU-BS02a-090814-040313.wav	6035.991439992	6036.203303967	0.212	24.7	843.3	818.6	48.0	
417	Spectrogram 1	1	AU-BS02a-090814-040313.wav	6039.741432362	6039.953296338	0.212	29.3	551.4	522.0	56.0	
418	Spectrogram 1	1	AU-BS02a-090814-040313.wav	6043.745661504	6043.999898275	0.254	21.6	549.8	528.2	64.0	
419	Spectrogram 1	1	AU-BS02a-090814-040313.wav	6047.728704248	6047.982941019	0.254	37.1	519.0	481.9	48.0	
421	Spectrogram 1	1	AU-BS02a-090814-040313.wav	6055.627103127	6055.838967102	0.212	37.1	1115.1	1078.1	376.0	terminal phrase
422	Spectrogram 1	1	AU-BS02a-090814-040313.wav	6059.779637051	6060.076246617	0.297	37.1	1112.0	1075.0	72.0	
423	Spectrogram 1	1	AU-BS02a-090814-040313.wav	6063.762679795	6064.059289361	0.297	49.4	1235.6	1186.2	296.0	
424	Spectrogram 1	1	AU-BS02a-090814-040313.wav	6067.915213720	6068.127077695	0.212	77.2	1266.5	1189.3	88.0	end pattern
425	Spectrogram 1	1	AU-BS02a-090814-040313.wav	6278.894095642	6279.487314774	0.593	18.5	213.1	194.6	24.0	start pattern
426	Spectrogram 1	1	AU-BS02a-090814-040313.wav	6281.733072917	6282.368664844	0.636	9.3	216.2	207.0	48.0	
427	Spectrogram 1	1	AU-BS02a-090814-040313.wav	6284.741541372	6285.334760504	0.593	12.4	213.1	200.8	48.0	
428	Spectrogram 1	1	AU-BS02a-090814-040313.wav	6287.622891442	6288.216110574	0.593	15.4	213.1	197.7	48.0	
429	Spectrogram 1	1	AU-BS02a-090814-040313.wav	6290.461868717	6290.970342259	0.508	24.7	222.4	197.7	40.0	
430	Spectrogram 1	1	AU-BS02a-090814-040313.wav	6293.046609221	6293.555082763	0.508	15.4	203.9	188.4	48.0	
431	Spectrogram 1	1	AU-BS02a-090814-040313.wav	6295.673722520	6296.266941652	0.593	24.7	213.1	188.4	80.0	
432	Spectrogram 1	1	AU-BS02a-090814-040313.wav	6298.343208615	6298.936427747	0.593	24.7	200.8	176.1	48.0	
433	Spectrogram 1	1	AU-BS02a-090814-040313.wav	6300.775516919	6301.368736052	0.593	24.7	207.0	182.3	40.0	
434	Spectrogram 1	1	AU-BS02a-090814-040313.wav	6303.487375809	6304.080594941	0.593	15.4	225.5	210.1	64.0	
435	Spectrogram 1	1	AU-BS02a-090814-040313.wav	6306.368725879	6307.131436192	0.763	21.6	194.6	173.0	112.0	
436	Spectrogram 1	1	AU-BS02a-090814-040313.wav	6320.076325109	6320.288189085	0.212	34.0	1325.2	1291.2	360.0	start gs
437	Spectrogram 1	1	AU-BS02a-090814-040313.wav	6323.847503878	6324.059367853	0.212	41.7	1595.5	1553.8	184.0	
438	Spectrogram 1	1	AU-BS02a-090814-040313.wav	6327.639869043	6327.851733019	0.212	46.3	1232.5	1186.2	168.0	
439	Spectrogram 1	1	AU-BS02a-090814-040313.wav	6331.326302221	6331.538166197	0.212	52.5	1754.5	1702.0	184.0	
440	Spectrogram 1	1	AU-BS02a-090814-040313.wav	6334.970362604	6335.139853785	0.169	24.7	1492.0	1467.3	168.0	
441	Spectrogram 1	1	AU-BS02a-090814-040313.wav	6338.656795782	6338.868659758	0.212	55.6	1044.1	988.5	152.0	
442	Spectrogram 1	1	AU-BS02a-090814-040313.wav	6342.385601755	6342.597465731	0.212	37.1	1198.5	1161.5	248.0	
443	Spectrogram 1	1	AU-BS02a-090814-040313.wav	6346.199153318	6346.411017294	0.212	43.2	1356.1	1312.8	144.0	
444	Spectrogram 1	1	AU-BS02a-090814-040313.wav	6349.927959291	6350.097450472	0.169	40.2	1201.6	1161.5	152.0	
445	Spectrogram 1	1	AU-BS02a-090814-040313.wav	6353.656765264	6353.911002035	0.254	46.3	658.0	611.6	120.0	
446	Spectrogram 1	1	AU-BS02a-090814-040313.wav	6357.360257424	6357.614494194	0.254	18.5	744.4	725.9	80.0	
447	Spectrogram 1	1	AU-BS02a-090814-040313.wav	6361.089063397	6361.300927372	0.212	49.4	1424.0	1374.6	112.0	
448	Spectrogram 1	1	AU-BS02a-090814-040313.wav	6364.796682972	6365.008546948	0.212	30.9	389.2	358.3	56.0	
449	Spectrogram 1	1	AU-BS02a-090814-040313.wav	6368.525488945	6368.737352921	0.212	23.2	304.3	281.1	48.0	
450	Spectrogram 1	1	AU-BS02a-090814-040313.wav	6372.190735725	6372.444972496	0.254	34.0	580.7	546.8	80.0	
451	Spectrogram 1	1	AU-BS02a-090814-040313.wav	6376.110219277	6376.322083252	0.212	27.8	583.8	556.0	64.0	
452	Spectrogram 1	1	AU-BS02a-090814-040313.wav	6379.860211647	6380.029702828	0.169	21.6	1393.1	1371.5	464.0	
453	Spectrogram 1	1	AU-BS02a-090814-040313.wav	6383.843254391	6384.055118367	0.212	21.6	1405.5	1383.9	544.0	
454	Spectrogram 1	1	AU-BS02a-090814-040313.wav	6387.656805954	6387.868669930	0.212	34.0	494.2	460.3	56.0	
455	Spectrogram 1	1	AU-BS02a-090814-040313.wav	6391.682221493	6391.936458264	0.254	40.2	488.1	447.9	264.0	end main phrase
456	Spectrogram 1	1	AU-BS02a-090814-041416.wav	6402.868639413	6403.122876183	0.254	18.5	1031.7	1013.2	464.0	terminal phrase
457	Spectrogram 1	1	AU-BS02a-090814-041416.wav	6406.851682156	6407.063546132	0.212	30.9	781.5	750.6	64.0	end pattern
458	Spectrogram 1	1	AU-BS02a-090814-041416.wav	6843.851702760	6844.402549097	0.551	18.5	200.8	182.3	32.0	start pattern
459	Spectrogram 1	1	AU-BS02a-090814-041416.wav	6846.563561650	6847.156780782	0.593	15.4	203.9	188.4	48.0	
460	Spectrogram 1	1	AU-BS02a-090814-041416.wav	6849.572030105	6850.080503647	0.508	27.8	213.1	185.3	48.0	
461	Spectrogram 1	1	AU-BS02a-090814-041416.wav	6852.114397814	6852.580498561	0.466	21.6	191.5	169.9	40.0	
462	Spectrogram 1	1	AU-BS02a-090814-041416.wav	6854.911002294	6855.504221426	0.593	34.0	210.1	176.1	40.0	
463	Spectrogram 1	1	AU-BS02a-090814-041416.wav	6857.241506027	6857.749979569	0.508	24.7	207.0	182.3	40.0	
464	Spectrogram 1	1	AU-BS02a-090814-041416.wav	6859.995737712	6860.631329639	0.636	21.6	216.2	194.6	24.0	
465	Spectrogram 1	1	AU-BS02a-090814-041416.wav	6862.894146763	6863.529738690	0.636	21.6	225.5	203.9	48.0	
466	Spectrogram 1	1	AU-BS02a-090814-041416.wav	6866.178038387	6866.728884724	0.551	7.7	245.6	237.9	32.0	
467	Spectrogram 1	1	AU-BS02a-090814-041416.wav	6879.885637617	6880.055128798	0.169	37.1	1044.1	1007.0	80.0	start gs
468	Spectrogram 1	1	AU-BS02a-090814-041416.wav	6883.699189181	6883.911053156	0.212	37.1	1214.0	1176.9	184.0	
469	Spectrogram 1	1	AU-BS02a-090814-041416.wav	6887.343249563	6887.512740744	0.169	24.7	1167.6	1142.9	208.0	
470	Spectrogram 1	1	AU-BS02a-090814-041416.wav	6891.072055536	6891.283919512	0.212	40.2	1559.9	1519.8	248.0	
471	Spectrogram 1	1	AU-BS02a-090814-041416.wav	6894.758488714	6894.970352690	0.212	40.2	1387.0	1346.8	256.0	
472	Spectrogram 1	1	AU-BS02a-090814-041416.wav	6898.423735495	6898.635599470	0.212	30.9	1581.6	1550.7	160.0	
473	Spectrogram 1	1	AU-BS02a-090814-041416.wav	6902.088982275	6902.343219046	0.254	52.5	1464.2	1411.7	128.0	
474	Spectrogram 1	1	AU-BS02a-090814-041416.wav	6905.775415453	6906.029652224	0.254	37.1	1828.7	1791.6	208.0	
475	Spectrogram 1	1	AU-BS02a-090814-041416.wav	6909.504221426	6909.758458197	0.254	43.2	1149.1	1105.9	200.0	
476	Spectrogram 1	1	AU-BS02a-090814-041416.wav	6913.148281809	6913.360145784	0.212	18.5	840.2	821.7	200.0	
477	Spectrogram 1	1	AU-BS02a-090814-041416.wav	6916.961833372	6917.216070143	0.254	30.9	834.0	803.1	88.0	
478	Spectrogram 1	1	AU-BS02a-090814-041416.wav	6920.919562302	6921.131426278	0.212	34.0	506.6	472.6	72.0	
479	Spectrogram 1	1	AU-BS02a-090814-041416.wav	6924.605995480	6924.860232251	0.254	43.2	447.9	404.7	80.0	end main phrase
480	Spectrogram 1	1	AU-BS02a-090814-041416.wav	6943.631380501	6943.843244477	0.212	43.2	747.5	704.3	432.0	terminal phrase
481	Spectrogram 1	1	AU-BS02a-090814-041416.wav	6947.953405607	6948.122896787	0.169	40.2	926.7	886.5	56.0	
482	Spectrogram 1	1	AU-BS02a-090814-041416.wav	6951.851702760	6952.063566736	0.212	15.4	1303.6	1288.1	80.0	
483	Spectrogram 1	1	AU-BS02a-090814-041416.wav	6955.792372709	6956.088982275	0.297	30.9	1130.6	1099.7	56.0	
484	Spectrogram 1	1	AU-BS02a-090814-041416.wav	6959.648297067	6959.944906633	0.297	21.6	1260.3	1238.7	48.0	
485	Spectrogram 1	1	AU-BS02a-090814-041416.wav	6963.758458197	6963.970322173	0.212	30.9	1139.8	1108.9	56.0	
486	Spectrogram 1	1	AU-BS02a-090814-041416.wav	6967.826246531	6968.038110507	0.212	21.6	963.8	942.1	24.0	
487	Spectrogram 1	1	AU-BS02a-090814-041416.wav	6971.911093847	6972.165330617	0.254	74.1	1146.0	1071.9	456.0	end pattern
488	Spectrogram 1	1	AU-BS02a-090814-042518.wav	7143.317854369	7143.783955116	0.466	21.6	222.4	200.8	40.0	start pattern
489	Spectrogram 1	1	AU-BS02a-090814-042518.wav	7146.495814006	7147.131405933	0.636	12.4	225.5	213.1	48.0	
490	Spectrogram 1	1	AU-BS02a-090814-042518.wav	7149.419536871	7149.970383208	0.551	24.7	225.5	200.8	48.0	
491	Spectrogram 1	1	AU-BS02a-090814-042518.wav	7152.428005326	7153.021224458	0.593	9.3	225.5	216.2	48.0	
492	Spectrogram 1	1	AU-BS02a-090814-042518.wav	7155.266982601	7155.860201733	0.593	24.7	216.2	191.5	48.0	
493	Spectrogram 1	1	AU-BS02a-090814-042518.wav	7158.021214286	7158.487315032	0.466	24.7	200.8	176.1	32.0	
494	Spectrogram 1	1	AU-BS02a-090814-042518.wav	7160.690700380	7161.411037898	0.720	15.4	210.1	194.6	40.0	
495	Spectrogram 1	1	AU-BS02a-090814-042518.wav	7163.275440884	7163.826287221	0.551	9.3	219.3	210.1	32.0	
496	Spectrogram 1	1	AU-BS02a-090814-042518.wav	7166.156790954	7166.834755677	0.678	24.7	240.9	216.2	32.0	
497	Spectrogram 1	1	AU-BS02a-090814-042518.wav	7169.250005000	7169.885596927	0.636	30.9	244.0	213.1	40.0	
498	Spectrogram 1	1	AU-BS02a-090814-042518.wav	7172.258473456	7172.766946997	0.508	24.7	250.2	225.5	56.0	
499	Spectrogram 1	1	AU-BS02a-090814-042518.wav	7185.944886288	7186.199123059	0.254	27.8	1556.9	1529.0	224.0	
500	Spectrogram 1	1	AU-BS02a-090814-042518.wav	7189.775496833	7190.029733604	0.254	43.2	1600.1	1556.9	320.0	
501	Spectrogram 1	1	AU-BS02a-090814-042518.wav	7193.461930011	7193.673793987	0.212	43.2	1600.1	1556.9	144.0	
502	Spectrogram 1	1	AU-BS02a-090814-042518.wav	7197.190735984	7197.360227165	0.169	27.8	1427.1	1399.3	200.0	
503	Spectrogram 1	1	AU-BS02a-090814-042518.wav	7200.877169162	7201.046660342	0.169	37.1	797.0	759.9	192.0	
504	Spectrogram 1	1	AU-BS02a-090814-042518.wav	7204.605975135	7204.860211906	0.254	37.1	1980.0	1943.0	208.0	
505	Spectrogram 1	1	AU-BS02a-090814-042518.wav	7208.419526698	7208.631390674	0.212	46.3	1183.1	1136.7	128.0	
506	Spectrogram 1	1	AU-BS02a-090814-042518.wav	7212.105959876	7212.233078262	0.127	34.0	1220.2	1186.2	208.0	
507	Spectrogram 1	1	AU-BS02a-090814-042518.wav	7215.750020259	7216.004257030	0.254	37.1	806.2	769.2	64.0	
508	Spectrogram 1	1	AU-BS02a-090814-042518.wav	7219.521199027	7219.690690208	0.169	27.8	1142.9	1115.1	64.0	
509	Spectrogram 1	1	AU-BS02a-090814-042518.wav	7223.080513819	7223.292377795	0.212	49.4	997.7	948.3	80.0	
510	Spectrogram 1	1	AU-BS02a-090814-042518.wav	7226.936438178	7227.148302154	0.212	34.0	827.8	793.9	72.0	
511	Spectrogram 1	1	AU-BS02a-090814-042518.wav	7230.538125766	7230.792362536	0.254	27.8	395.4	367.6	48.0	
512	Spectrogram 1	1	AU-BS02a-090814-042518.wav	7234.266931739	7234.521168509	0.254	18.5	512.8	494.2	64.0	
513	Spectrogram 1	1	AU-BS02a-090814-042518.wav	7238.038110507	7238.292347278	0.254	30.9	401.6	370.7	64.0	
514	Spectrogram 1	1	AU-BS02a-090814-042518.wav	7242.038212232	7242.250076208	0.212	24.7	491.1	466.4	56.0	
515	Spectrogram 1	1	AU-BS02a-090814-042518.wav	7245.894136590	7246.148373361	0.254	27.8	534.4	506.6	32.0	end pattern
516	Spectrogram 1	1	AU-BS02a-090814-042518.wav	7508.351779054	7508.902625391	0.551	18.5	216.2	197.7	24.0	start pattern
517	Spectrogram 1	1	AU-BS02a-090814-042518.wav	7511.360247510	7511.995839437	0.636	18.5	244.0	225.5	48.0	
518	Spectrogram 1	1	AU-BS02a-090814-042518.wav	7514.241597580	7514.792443917	0.551	15.4	234.8	219.3	48.0	
519	Spectrogram 1	1	AU-BS02a-090814-042518.wav	7516.783965289	7517.377184421	0.593	30.9	244.0	213.1	40.0	
520	Spectrogram 1	1	AU-BS02a-090814-042518.wav	7519.368705793	7519.961924925	0.593	34.0	234.8	200.8	40.0	
521	Spectrogram 1	1	AU-BS02a-090814-042518.wav	7521.953446297	7522.461919838	0.508	27.8	210.1	182.3	176.0	
522	Spectrogram 1	1	AU-BS02a-090814-042518.wav	7524.538186801	7525.216151523	0.678	27.8	228.6	200.8	32.0	
523	Spectrogram 1	1	AU-BS02a-090814-042518.wav	7528.182247183	7528.902584701	0.720	34.0	240.9	207.0	104.0	
524	Spectrogram 1	1	AU-BS02a-090814-042518.wav	7542.843234305	7543.012725485	0.169	49.4	2035.6	1986.2	152.0	start gs
525	Spectrogram 1	1	AU-BS02a-090814-042518.wav	7546.656785868	7546.868649844	0.212	64.9	2017.1	1952.2	144.0	
526	Spectrogram 1	1	AU-BS02a-090814-042518.wav	7550.343219046	7550.555083022	0.212	34.0	2032.6	1998.6	144.0	
527	Spectrogram 1	1	AU-BS02a-090814-042518.wav	7554.072025019	7554.283888995	0.212	49.4	2026.4	1977.0	152.0	
528	Spectrogram 1	1	AU-BS02a-090814-042518.wav	7557.758458197	7558.012694968	0.254	49.4	2029.5	1980.0	520.0	
529	Spectrogram 1	1	AU-BS02a-090814-042518.wav	7561.487264170	7561.699128146	0.212	30.9	2029.5	1998.6	864.0	
530	Spectrogram 1	1	AU-BS02a-090814-042518.wav	7565.190756329	7565.402620305	0.212	40.2	1813.2	1773.1	760.0	
531	Spectrogram 1	1	AU-BS02a-090814-042518.wav	7568.919562302	7569.173799073	0.254	37.1	2026.4	1989.3	520.0	
532	Spectrogram 1	1	AU-BS02a-090814-042518.wav	7572.648368275	7572.860232251	0.212	43.2	2023.3	1980.0	200.0	
533	Spectrogram 1	1	AU-BS02a-090814-042518.wav	7576.504292634	7576.758529404	0.254	40.2	2001.7	1961.5	64.0	end main phrase
534	Spectrogram 1	1	AU-BS02a-090814-042518.wav	7587.902574528	7588.156811299	0.254	30.9	259.5	228.6	112.0	terminal phrase
535	Spectrogram 1	1	AU-BS02a-090814-042518.wav	7591.822058080	7592.033922055	0.212	52.5	923.6	871.1	96.0	
536	Spectrogram 1	1	AU-BS02a-090814-042518.wav	7596.016964799	7596.228828775	0.212	37.1	877.3	840.2	64.0	
537	Spectrogram 1	1	AU-BS02a-090814-042518.wav	7600.105939531	7600.360176302	0.254	43.2	942.1	898.9	56.0	
538	Spectrogram 1	1	AU-BS02a-090814-042518.wav	7604.343219046	7604.597455817	0.254	34.0	911.3	877.3	64.0	end pattern
