Selection	View	Channel	Begin File	Begin Time (s)	End Time (s)	Delta Time (s)	Low Freq (Hz)	High Freq (Hz)	Delta Freq (Hz)	Peak Freq (Hz)	Notes
1	Spectrogram 1	1	EA-RW03-110916-145743.wav	7.849	8.127	0.279	534.6	666.7	132.1	628.9	start pattern A
2	Spectrogram 1	1	EA-RW03-110916-145743.wav	9.004	9.323	0.319	557.6	671.3	113.7	628.9	
3	Spectrogram 1	1	EA-RW03-110916-145743.wav	10.040	10.359	0.319	559.1	703.5	144.4	628.9	
4	Spectrogram 1	1	EA-RW03-110916-145743.wav	11.076	11.355	0.279	565.3	703.5	138.2	632.8	
5	Spectrogram 1	1	EA-RW03-110916-145743.wav	12.151	12.510	0.359	571.4	712.7	141.3	644.5	
6	Spectrogram 1	1	EA-RW03-110916-145743.wav	13.386	13.625	0.239	580.6	749.6	169.0	644.5	
7	Spectrogram 1	1	EA-RW03-110916-145743.wav	14.382	14.741	0.359	571.4	755.8	184.3	628.9	
8	Spectrogram 1	1	EA-RW03-110916-145743.wav	15.538	15.817	0.279	559.1	761.9	202.8	632.8	
9	Spectrogram 1	1	EA-RW03-110916-145743.wav	16.653	16.932	0.279	583.7	761.9	178.2	632.8	
10	Spectrogram 1	1	EA-RW03-110916-145743.wav	17.729	17.968	0.239	574.5	740.4	165.9	628.9	
11	Spectrogram 1	1	EA-RW03-110916-145743.wav	18.805	19.084	0.279	574.5	740.4	165.9	632.8	
12	Spectrogram 1	1	EA-RW03-110916-145743.wav	19.880	20.279	0.398	574.5	728.1	153.6	632.8	
13	Spectrogram 1	1	EA-RW03-110916-145743.wav	21.076	21.315	0.239	457.8	1361.0	903.2	640.6	
14	Spectrogram 1	1	EA-RW03-110916-145743.wav	23.984	24.940	0.956	160.6	220.5	59.8	168.0	DS - faint
15	Spectrogram 1	1	EA-RW03-110916-145743.wav	32.331	32.530	0.199	144.9	1448.8	1303.9	1285.2	start pattern
16	Spectrogram 1	1	EA-RW03-110916-145743.wav	33.347	33.625	0.279	1209.4	1455.1	245.7	1293.0	
17	Spectrogram 1	1	EA-RW03-110916-145743.wav	34.223	34.462	0.239	182.7	1423.6	1240.9	640.6	
18	Spectrogram 1	1	EA-RW03-110916-145743.wav	35.139	35.378	0.239	132.3	1401.6	1269.3	1285.2	
19	Spectrogram 1	1	EA-RW03-110916-145743.wav	35.896	36.135	0.239	1152.8	1354.3	201.6	1351.6	
20	Spectrogram 1	1	EA-RW03-110916-145743.wav	36.892	37.131	0.239	160.6	1366.9	1206.3	496.1	
21	Spectrogram 1	1	EA-RW03-110916-145743.wav	37.809	38.088	0.279	185.8	1376.4	1190.6	1261.7	
22	Spectrogram 1	1	EA-RW03-110916-145743.wav	38.725	38.964	0.239	189.0	1559.1	1370.1	632.8	
23	Spectrogram 1	1	EA-RW03-110916-145743.wav	39.562	39.841	0.279	189.0	1354.3	1165.4	1261.7	
24	Spectrogram 1	1	EA-RW03-110916-145743.wav	40.558	40.797	0.239	135.4	1357.5	1222.0	378.9	
25	Spectrogram 1	1	EA-RW03-110916-145743.wav	41.514	41.713	0.199	226.8	1338.6	1111.8	800.8	
26	Spectrogram 1	1	EA-RW03-110916-145743.wav	42.470	42.709	0.239	163.8	1555.9	1392.1	1296.9	
27	Spectrogram 1	1	EA-RW03-110916-145743.wav	43.426	43.586	0.159	159.1	1585.8	1426.8	1289.1	
28	Spectrogram 1	1	EA-RW03-110916-145743.wav	44.303	44.502	0.199	129.1	1653.5	1524.4	1293.0	
29	Spectrogram 1	1	EA-RW03-110916-145743.wav	45.239	45.438	0.199	140.2	1585.8	1445.7	546.9	
30	Spectrogram 1	1	EA-RW03-110916-145743.wav	46.096	46.335	0.239	148.0	1653.5	1505.5	1285.2	
31	Spectrogram 1	1	EA-RW03-110916-145743.wav	47.052	47.251	0.199	151.2	1587.4	1436.2	1300.8	
32	Spectrogram 1	1	EA-RW03-110916-145743.wav	47.968	48.247	0.279	166.9	1710.2	1543.3	1281.2	
33	Spectrogram 1	1	EA-RW03-110916-145743.wav	48.845	49.044	0.199	163.8	1656.7	1492.9	1296.9	
34	Spectrogram 1	1	EA-RW03-110916-145743.wav	50.956	52.112	1.155	138.6	217.3	78.7	207.0	DS
35	Spectrogram 1	1	EA-RW03-110916-155742.wav	455.785	456.064	0.279	176.4	1726.0	1549.6	613.3	start pattern
36	Spectrogram 1	1	EA-RW03-110916-155742.wav	456.861	457.100	0.239	166.9	1729.1	1562.2	617.2	
37	Spectrogram 1	1	EA-RW03-110916-155742.wav	457.896	458.175	0.279	182.7	1549.6	1366.9	457.0	
38	Spectrogram 1	1	EA-RW03-110916-155742.wav	458.932	459.211	0.279	88.2	1537.0	1448.8	636.7	
39	Spectrogram 1	1	EA-RW03-110916-155742.wav	460.048	460.327	0.279	119.7	1883.5	1763.8	625.0	
40	Spectrogram 1	1	EA-RW03-110916-155742.wav	461.173	461.402	0.229	111.8	1803.1	1691.3	628.9	
41	Spectrogram 1	1	EA-RW03-110916-155742.wav	462.279	462.518	0.239	126.0	1760.6	1634.6	636.7	
42	Spectrogram 1	1	EA-RW03-110916-155742.wav	463.275	463.514	0.239	121.3	1755.9	1634.6	640.6	
43	Spectrogram 1	1	EA-RW03-110916-155742.wav	464.331	464.590	0.259	116.5	1899.2	1782.7	628.9	
44	Spectrogram 1	1	EA-RW03-110916-155742.wav	465.466	465.705	0.239	119.7	1867.7	1748.0	636.7	
45	Spectrogram 1	1	EA-RW03-110916-155742.wav	466.502	466.781	0.279	47.2	1892.9	1845.7	640.6	
46	Spectrogram 1	1	EA-RW03-110916-155742.wav	467.498	467.777	0.279	179.5	1902.4	1722.8	636.7	
47	Spectrogram 1	1	EA-RW03-110916-155742.wav	468.653	468.892	0.239	179.5	1779.5	1600.0	628.9	
48	Spectrogram 1	1	EA-RW03-110916-155742.wav	469.729	470.008	0.279	91.3	1760.6	1669.3	636.7	
49	Spectrogram 1	1	EA-RW03-110916-155742.wav	470.805	471.044	0.239	179.5	1748.0	1568.5	660.2	
50	Spectrogram 1	1	EA-RW03-110916-155742.wav	471.880	472.159	0.279	132.3	1779.5	1647.2	640.6	
51	Spectrogram 1	1	EA-RW03-110916-155742.wav	474.271	475.108	0.837	126.0	239.4	113.4	230.5	DS
52	Spectrogram 1	1	EA-RW03-110916-165743.wav	680.988	681.267	0.279	390.6	667.7	277.2	628.9	
53	Spectrogram 1	1	EA-RW03-110916-165743.wav	682.104	682.343	0.239	247.2	1562.2	1315.0	625.0	
54	Spectrogram 1	1	EA-RW03-110916-165743.wav	683.100	683.339	0.239	179.5	1716.5	1537.0	632.8	
55	Spectrogram 1	1	EA-RW03-110916-165743.wav	684.215	684.494	0.279	176.4	1527.6	1351.2	628.9	
56	Spectrogram 1	1	EA-RW03-110916-165743.wav	685.331	685.570	0.239	176.4	1644.1	1467.7	628.9	
57	Spectrogram 1	1	EA-RW03-110916-165743.wav	686.327	686.606	0.279	122.8	1751.2	1628.3	632.8	
58	Spectrogram 1	1	EA-RW03-110916-165743.wav	687.402	687.681	0.279	75.6	1766.9	1691.3	621.1	
59	Spectrogram 1	1	EA-RW03-110916-165743.wav	688.478	688.757	0.279	85.0	1773.2	1688.2	632.8	
60	Spectrogram 1	1	EA-RW03-110916-165743.wav	689.633	689.873	0.239	185.8	1845.7	1659.8	601.6	
61	Spectrogram 1	1	EA-RW03-110916-165743.wav	690.749	691.028	0.279	141.7	1880.3	1738.6	656.2	
62	Spectrogram 1	1	EA-RW03-110916-165743.wav	691.825	692.064	0.239	81.9	1789.0	1707.1	632.8	
63	Spectrogram 1	1	EA-RW03-110916-165743.wav	692.900	693.100	0.199	170.1	1933.9	1763.8	632.8	
64	Spectrogram 1	1	EA-RW03-110916-165743.wav	693.896	694.175	0.279	81.9	1984.3	1902.4	632.8	
65	Spectrogram 1	1	EA-RW03-110916-165743.wav	695.052	695.331	0.279	107.1	1981.1	1874.0	632.8	
66	Spectrogram 1	1	EA-RW03-110916-165743.wav	696.127	696.367	0.239	178.0	1755.9	1578.0	632.8	
67	Spectrogram 1	1	EA-RW03-110916-165743.wav	697.323	697.562	0.239	78.7	1978.0	1899.2	632.8	
68	Spectrogram 1	1	EA-RW03-110916-165743.wav	698.359	698.637	0.279	63.0	1981.1	1918.1	628.9	
69	Spectrogram 1	1	EA-RW03-110916-165743.wav	699.514	699.753	0.239	89.8	1787.4	1697.6	644.5	
70	Spectrogram 1	1	EA-RW03-110916-165743.wav	700.590	700.869	0.279	132.3	1946.5	1814.2	632.8	
71	Spectrogram 1	1	EA-RW03-110916-165743.wav	701.665	701.944	0.279	185.8	1826.8	1640.9	644.5	
72	Spectrogram 1	1	EA-RW03-110916-165743.wav	702.821	703.100	0.279	129.1	1773.2	1644.1	656.2	
73	Spectrogram 1	1	EA-RW03-110916-165743.wav	703.936	704.215	0.279	160.6	1877.2	1716.5	644.5	
74	Spectrogram 1	1	EA-RW03-110916-165743.wav	705.012	705.291	0.279	182.7	1842.5	1659.8	644.5	
75	Spectrogram 1	1	EA-RW03-110916-165743.wav	706.163	706.363	0.199	200.0	1878.7	1678.7	644.5	
76	Spectrogram 1	1	EA-RW03-110916-165743.wav	707.339	707.538	0.199	126.0	1814.2	1688.2	632.8	
77	Spectrogram 1	1	EA-RW03-110916-165743.wav	708.375	708.614	0.239	207.9	1785.8	1578.0	632.8	
78	Spectrogram 1	1	EA-RW03-110916-165743.wav	709.530	709.769	0.239	144.9	1852.0	1707.1	628.9	
79	Spectrogram 1	1	EA-RW03-110916-165743.wav	710.606	710.805	0.199	176.4	1763.8	1587.4	628.9	
80	Spectrogram 1	1	EA-RW03-110916-165743.wav	712.637	713.673	1.036	157.5	242.5	85.0	210.9	DS
81	Spectrogram 1	1	EA-RW03-110916-205743.wav	1495.251	1495.570	0.319	491.3	834.6	343.3	621.1	start pattern
82	Spectrogram 1	1	EA-RW03-110916-205743.wav	1496.147	1496.486	0.339	593.7	666.1	72.4	628.9	
83	Spectrogram 1	1	EA-RW03-110916-205743.wav	1497.243	1497.602	0.359	592.1	677.2	85.0	632.8	
84	Spectrogram 1	1	EA-RW03-110916-205743.wav	1498.478	1498.757	0.279	592.1	683.5	91.3	640.6	
85	Spectrogram 1	1	EA-RW03-110916-205743.wav	1499.554	1499.873	0.319	589.0	667.7	78.7	593.8	
86	Spectrogram 1	1	EA-RW03-110916-205743.wav	1500.709	1500.988	0.279	513.4	1697.6	1184.3	640.6	
87	Spectrogram 1	1	EA-RW03-110916-205743.wav	1501.765	1502.024	0.259	406.3	1785.8	1379.5	625.0	
88	Spectrogram 1	1	EA-RW03-110916-205743.wav	1502.940	1503.179	0.239	119.7	1618.9	1499.2	640.6	
89	Spectrogram 1	1	EA-RW03-110916-205743.wav	1504.016	1504.295	0.279	166.9	1351.2	1184.3	632.8	
90	Spectrogram 1	1	EA-RW03-110916-205743.wav	1505.012	1505.291	0.279	192.1	1785.8	1593.7	628.9	
91	Spectrogram 1	1	EA-RW03-110916-205743.wav	1506.127	1506.367	0.239	160.6	1760.6	1600.0	648.4	
92	Spectrogram 1	1	EA-RW03-110916-205743.wav	1507.203	1507.482	0.279	173.2	1735.4	1562.2	632.8	
93	Spectrogram 1	1	EA-RW03-110916-205743.wav	1508.319	1508.558	0.239	217.3	1700.8	1483.5	652.3	
94	Spectrogram 1	1	EA-RW03-110916-205743.wav	1509.355	1509.633	0.279	214.2	1770.1	1555.9	640.6	
95	Spectrogram 1	1	EA-RW03-110916-205743.wav	1510.590	1510.869	0.279	570.1	686.6	116.5	652.3	
96	Spectrogram 1	1	EA-RW03-110916-205743.wav	1511.546	1511.825	0.279	103.9	1861.4	1757.5	632.8	
97	Spectrogram 1	1	EA-RW03-110916-205743.wav	1512.661	1512.980	0.319	154.3	1751.2	1596.9	648.4	
98	Spectrogram 1	1	EA-RW03-110916-205743.wav	1514.574	1515.371	0.797	170.1	245.7	75.6	230.5	DS
