Selection	View	Channel	Begin File	Begin Time (s)	End Time (s)	Delta Time (s)	Low Freq (Hz)	High Freq (Hz)	Delta Freq (Hz)	Peak Freq (Hz)	Notes
1	Spectrogram 1	1	SB-IWC01-170910-180000.wav	107.694	108.138	0.444	24.7	243.5	218.8	175.8	start pattern C
2	Spectrogram 1	1	SB-IWC01-170910-180000.wav	109.959	110.403	0.444	40.1	225.0	184.9	164.1	
3	Spectrogram 1	1	SB-IWC01-170910-180000.wav	112.224	112.756	0.533	18.5	252.7	234.2	175.8	
4	Spectrogram 1	1	SB-IWC01-170910-180000.wav	114.440	114.973	0.533	30.8	268.1	237.3	187.5	
5	Spectrogram 1	1	SB-IWC01-170910-180000.wav	116.571	117.326	0.755	27.7	255.8	228.0	140.6	
6	Spectrogram 1	1	SB-IWC01-170910-180000.wav	118.970	119.725	0.755	6.2	249.6	243.5	187.5	
7	Spectrogram 1	1	SB-IWC01-170910-180000.wav	121.323	122.256	0.933	15.4	237.3	221.9	199.2	
8	Spectrogram 1	1	SB-IWC01-170910-180000.wav	124.077	124.921	0.844	9.2	228.0	218.8	187.5	
9	Spectrogram 1	1	SB-IWC01-170910-180000.wav	133.004	133.181	0.178	52.4	1990.8	1938.4	972.7	start gs
10	Spectrogram 1	1	SB-IWC01-170910-180000.wav	137.267	137.445	0.178	40.1	1993.8	1953.8	843.8	
11	Spectrogram 1	1	SB-IWC01-170910-180000.wav	141.175	141.353	0.178	75.5	1995.4	1919.9	562.5	
12	Spectrogram 1	1	SB-IWC01-170910-180000.wav	145.039	145.217	0.178	67.8	1996.9	1929.1	668.0	
13	Spectrogram 1	1	SB-IWC01-170910-180000.wav	148.859	149.036	0.178	95.5	1990.8	1895.2	1101.6	
14	Spectrogram 1	1	SB-IWC01-170910-180000.wav	152.722	152.989	0.266	70.9	1990.8	1919.9	949.2	
15	Spectrogram 1	1	SB-IWC01-170910-180000.wav	156.542	156.764	0.222	92.4	1990.8	1898.3	761.7	
16	Spectrogram 1	1	SB-IWC01-170910-180000.wav	160.406	160.628	0.222	70.9	1990.8	1919.9	738.3	
18	Spectrogram 1	1	SB-IWC01-170910-180000.wav	164.269	164.536	0.266	107.9	1996.9	1889.1	644.5	
19	Spectrogram 1	1	SB-IWC01-170910-180000.wav	168.084	168.306	0.222	57.5	1993.6	1936.1	656.2	
20	Spectrogram 1	1	SB-IWC01-170910-180000.wav	171.904	172.170	0.266	60.7	1990.4	1929.7	210.9	
21	Spectrogram 1	1	SB-IWC01-170910-180000.wav	175.679	175.945	0.266	73.5	1990.4	1916.9	609.4	
22	Spectrogram 1	1	SB-IWC01-170910-180000.wav	179.454	179.676	0.222	70.3	1990.4	1920.1	609.4	
23	Spectrogram 1	1	SB-IWC01-170910-180000.wav	183.273	183.540	0.266	70.3	1996.8	1926.5	1277.3	
24	Spectrogram 1	1	SB-IWC01-170910-180000.wav	187.137	187.359	0.222	70.3	1993.6	1923.3	457.0	
25	Spectrogram 1	1	SB-IWC01-170910-180000.wav	190.912	191.134	0.222	25.6	1993.6	1968.1	585.9	
26	Spectrogram 1	1	SB-IWC01-170910-180000.wav	194.909	195.175	0.266	63.9	1993.6	1929.7	304.7	
27	Spectrogram 1	1	SB-IWC01-170910-180000.wav	198.728	198.950	0.222	54.3	1996.8	1942.5	257.8	
28	Spectrogram 1	1	SB-IWC01-170910-180000.wav	202.237	202.548	0.311	86.3	1996.8	1910.5	152.3	
29	Spectrogram 1	1	SB-IWC01-170910-180000.wav	204.902	206.900	1.999	105.4	156.5	51.1	128.9	end main phrase - has moan
30	Spectrogram 1	1	SB-IWC01-170910-180000.wav	214.850	215.072	0.222	22.4	1996.8	1974.4	351.6	
31	Spectrogram 1	1	SB-IWC01-170910-180000.wav	218.980	219.202	0.222	76.7	1993.6	1916.9	304.7	
32	Spectrogram 1	1	SB-IWC01-170910-180000.wav	222.973	223.195	0.222	47.9	1993.6	1945.7	293.0	
33	Spectrogram 1	1	SB-IWC01-170910-180000.wav	226.970	227.236	0.266	16.0	1996.8	1980.8	925.8	
34	Spectrogram 1	1	SB-IWC01-170910-180000.wav	230.967	231.189	0.222	9.6	1993.6	1984.0	246.1	
35	Spectrogram 1	1	SB-IWC01-170910-180000.wav	233.454	235.719	2.265	102.2	153.4	51.1	128.9	moan]
36	Spectrogram 1	1	SB-IWC01-170910-180000.wav	242.558	242.825	0.266	44.7	1996.8	1952.1	433.6	
37	Spectrogram 1	1	SB-IWC01-170910-180000.wav	246.955	247.266	0.311	76.7	1996.8	1920.1	597.7	
38	Spectrogram 1	1	SB-IWC01-170910-180000.wav	251.263	251.529	0.266	108.6	1996.8	1888.2	246.1	
39	Spectrogram 1	1	SB-IWC01-170910-180000.wav	255.393	255.615	0.222	22.4	1993.6	1971.2	293.0	
40	Spectrogram 1	1	SB-IWC01-170910-180000.wav	258.235	259.745	1.510	105.4	147.0	41.5	128.9	end pattern - moan
41	Spectrogram 1	1	SB-IWC01-170910-180000.wav	349.492	349.892	0.400	41.5	233.2	191.7	164.1	
42	Spectrogram 1	1	SB-IWC01-170910-180000.wav	352.246	352.645	0.400	31.9	239.6	207.7	175.8	
43	Spectrogram 1	1	SB-IWC01-170910-180000.wav	354.644	355.221	0.577	35.1	246.0	210.9	175.8	
44	Spectrogram 1	1	SB-IWC01-170910-180000.wav	357.042	357.531	0.489	28.8	268.4	239.6	164.1	
45	Spectrogram 1	1	SB-IWC01-170910-180000.wav	359.529	360.018	0.489	31.9	252.4	220.4	187.5	
46	Spectrogram 1	1	SB-IWC01-170910-180000.wav	361.750	362.460	0.711	44.7	226.8	182.1	187.5	
47	Spectrogram 1	1	SB-IWC01-170910-180000.wav	364.104	364.814	0.711	31.9	268.4	236.4	187.5	
48	Spectrogram 1	1	SB-IWC01-170910-180000.wav	366.502	367.212	0.711	31.9	322.7	290.7	175.8	
49	Spectrogram 1	1	SB-IWC01-170910-180000.wav	368.989	369.699	0.711	35.1	274.8	239.6	175.8	
50	Spectrogram 1	1	SB-IWC01-170910-180000.wav	371.876	372.675	0.799	35.1	300.3	265.2	187.5	
51	Spectrogram 1	1	SB-IWC01-170910-180000.wav	380.802	381.069	0.266	67.1	1996.8	1929.7	363.3	start gs
52	Spectrogram 1	1	SB-IWC01-170910-180000.wav	384.928	385.106	0.178	63.9	1996.8	1932.9	281.2	
53	Spectrogram 1	1	SB-IWC01-170910-180000.wav	388.881	389.058	0.178	92.7	1996.8	1904.2	1207.0	
54	Spectrogram 1	1	SB-IWC01-170910-180000.wav	392.700	392.922	0.222	86.3	1993.6	1907.3	281.2	
55	Spectrogram 1	1	SB-IWC01-170910-180000.wav	396.475	396.697	0.222	83.1	1996.8	1913.7	410.2	
56	Spectrogram 1	1	SB-IWC01-170910-180000.wav	400.295	400.561	0.266	79.9	1996.8	1916.9	398.4	
57	Spectrogram 1	1	SB-IWC01-170910-180000.wav	404.158	404.380	0.222	47.9	1996.8	1948.9	820.3	
58	Spectrogram 1	1	SB-IWC01-170910-180000.wav	407.978	408.200	0.222	47.9	1993.6	1945.7	539.1	
59	Spectrogram 1	1	SB-IWC01-170910-180000.wav	411.819	412.041	0.222	33.5	1992.0	1958.5	832.0	
60	Spectrogram 1	1	SB-IWC01-170910-180000.wav	415.572	415.794	0.222	60.7	1984.0	1923.3	574.2	
61	Spectrogram 1	1	SB-IWC01-170910-180000.wav	419.347	419.569	0.222	19.2	1990.4	1971.2	644.5	
62	Spectrogram 1	1	SB-IWC01-170910-180000.wav	423.122	423.300	0.178	47.9	1993.6	1945.7	128.9	
63	Spectrogram 1	1	SB-IWC01-170910-180000.wav	426.853	427.030	0.178	60.7	1990.4	1929.7	515.6	
64	Spectrogram 1	1	SB-IWC01-170910-180000.wav	430.605	430.828	0.222	43.1	1995.2	1952.1	445.3	
65	Spectrogram 1	1	SB-IWC01-170910-180000.wav	434.403	434.669	0.266	51.1	1993.6	1942.5	714.8	
66	Spectrogram 1	1	SB-IWC01-170910-180000.wav	438.218	438.484	0.266	25.6	1990.4	1964.9	668.0	
67	Spectrogram 1	1	SB-IWC01-170910-180000.wav	441.948	442.215	0.266	44.7	1990.4	1945.7	234.4	
68	Spectrogram 1	1	SB-IWC01-170910-180000.wav	445.590	445.768	0.178	38.3	1987.2	1948.9	339.8	
69	Spectrogram 1	1	SB-IWC01-170910-180000.wav	449.498	449.765	0.266	35.1	1996.8	1961.7	339.8	
70	Spectrogram 1	1	SB-IWC01-170910-180000.wav	453.273	453.495	0.222	31.9	1987.2	1955.3	128.9	
71	Spectrogram 1	1	SB-IWC01-170910-180000.wav	455.760	457.981	2.221	118.2	198.1	79.9	128.9	end main phrase - moan
72	Spectrogram 1	1	SB-IWC01-170910-180000.wav	464.776	465.042	0.266	54.3	1990.4	1936.1	293.0	
73	Spectrogram 1	1	SB-IWC01-170910-180000.wav	468.862	469.128	0.266	54.3	1996.8	1942.5	351.6	
74	Spectrogram 1	1	SB-IWC01-170910-180000.wav	472.681	472.992	0.311	47.9	1996.8	1948.9	152.3	
75	Spectrogram 1	1	SB-IWC01-170910-180000.wav	476.500	476.767	0.266	51.1	1993.6	1942.5	128.9	
76	Spectrogram 1	1	SB-IWC01-170910-180000.wav	480.364	480.631	0.266	31.9	1993.6	1961.7	375.0	
77	Spectrogram 1	1	SB-IWC01-170910-180000.wav	482.096	483.651	1.554	102.2	182.1	79.9	128.9	moan
78	Spectrogram 1	1	SB-IWC01-170910-180000.wav	490.446	490.712	0.266	47.9	1996.8	1948.9	222.7	
79	Spectrogram 1	1	SB-IWC01-170910-180000.wav	494.793	495.016	0.222	28.8	1996.8	1968.1	293.0	
80	Spectrogram 1	1	SB-IWC01-170910-180000.wav	498.968	499.190	0.222	44.7	1990.4	1945.7	339.8	
81	Spectrogram 1	1	SB-IWC01-170910-180000.wav	503.098	503.321	0.222	31.9	1996.8	1964.9	246.1	
82	Spectrogram 1	1	SB-IWC01-170910-180000.wav	505.541	507.318	1.776	105.4	162.9	57.5	128.9	moan
83	Spectrogram 1	1	SB-IWC01-170910-180000.wav	514.024	514.246	0.222	47.9	1996.8	1948.9	339.8	
84	Spectrogram 1	1	SB-IWC01-170910-180000.wav	518.598	518.865	0.266	60.7	1993.6	1932.9	750.0	
85	Spectrogram 1	1	SB-IWC01-170910-180000.wav	523.039	523.306	0.266	54.3	1990.4	1936.1	339.8	end pattern
86	Spectrogram 1	1	SB-IWC01-170910-181000.wav	614.873	615.362	0.489	25.6	268.4	242.8	140.6	start pattern
87	Spectrogram 1	1	SB-IWC01-170910-181000.wav	617.494	617.982	0.489	28.8	255.6	226.8	187.5	
88	Spectrogram 1	1	SB-IWC01-170910-181000.wav	620.025	620.691	0.666	9.6	319.5	309.9	199.2	
89	Spectrogram 1	1	SB-IWC01-170910-181000.wav	622.468	623.134	0.666	35.1	313.1	278.0	175.8	
90	Spectrogram 1	1	SB-IWC01-170910-181000.wav	624.910	625.665	0.755	31.9	325.9	293.9	175.8	
91	Spectrogram 1	1	SB-IWC01-170910-181000.wav	627.220	628.108	0.888	16.0	319.5	303.5	187.5	
92	Spectrogram 1	1	SB-IWC01-170910-181000.wav	629.751	630.595	0.844	12.8	309.9	297.1	175.8	
93	Spectrogram 1	1	SB-IWC01-170910-181000.wav	632.860	633.748	0.888	22.4	303.5	281.2	175.8	
94	Spectrogram 1	1	SB-IWC01-170910-181000.wav	641.876	642.098	0.222	54.3	1990.4	1936.1	410.2	start gs
95	Spectrogram 1	1	SB-IWC01-170910-181000.wav	646.006	646.228	0.222	57.5	1996.8	1939.3	468.8	
96	Spectrogram 1	1	SB-IWC01-170910-181000.wav	649.914	650.136	0.222	86.3	1996.8	1910.5	222.7	
97	Spectrogram 1	1	SB-IWC01-170910-181000.wav	653.729	653.996	0.266	102.2	1996.8	1894.6	1066.4	
98	Spectrogram 1	1	SB-IWC01-170910-181000.wav	657.548	657.771	0.222	47.9	1996.8	1948.9	210.9	
99	Spectrogram 1	1	SB-IWC01-170910-181000.wav	661.412	661.590	0.178	44.7	1993.6	1948.9	585.9	
100	Spectrogram 1	1	SB-IWC01-170910-181000.wav	665.276	665.454	0.178	54.3	1996.8	1942.5	585.9	
101	Spectrogram 1	1	SB-IWC01-170910-181000.wav	669.140	669.362	0.222	67.1	1996.8	1929.7	1617.2	
102	Spectrogram 1	1	SB-IWC01-170910-181000.wav	672.959	673.181	0.222	102.2	1990.4	1888.2	527.3	
103	Spectrogram 1	1	SB-IWC01-170910-181000.wav	676.779	677.001	0.222	54.3	1993.6	1939.3	750.0	
104	Spectrogram 1	1	SB-IWC01-170910-181000.wav	680.642	680.865	0.222	35.1	1993.6	1958.5	527.3	
105	Spectrogram 1	1	SB-IWC01-170910-181000.wav	684.417	684.684	0.266	28.8	1990.4	1961.7	668.0	
106	Spectrogram 1	1	SB-IWC01-170910-181000.wav	688.237	688.503	0.266	83.1	1993.6	1910.5	210.9	
107	Spectrogram 1	1	SB-IWC01-170910-181000.wav	691.967	692.234	0.266	70.3	1990.4	1920.1	304.7	
108	Spectrogram 1	1	SB-IWC01-170910-181000.wav	695.787	696.053	0.266	54.3	1990.4	1936.1	609.4	
109	Spectrogram 1	1	SB-IWC01-170910-181000.wav	699.517	699.784	0.266	51.1	1993.6	1942.5	761.7	
110	Spectrogram 1	1	SB-IWC01-170910-181000.wav	703.337	703.603	0.266	35.1	1987.2	1952.1	609.4	
111	Spectrogram 1	1	SB-IWC01-170910-181000.wav	707.041	707.263	0.222	12.8	1987.2	1974.4	339.8	
112	Spectrogram 1	1	SB-IWC01-170910-181000.wav	711.016	711.238	0.222	25.6	1987.2	1961.7	128.9	
113	Spectrogram 1	1	SB-IWC01-170910-181000.wav	714.613	714.879	0.266	70.3	1993.6	1923.3	117.2	
114	Spectrogram 1	1	SB-IWC01-170910-181000.wav	717.278	719.232	1.954	108.6	166.1	57.5	128.9	end main phrase - moan
115	Spectrogram 1	1	SB-IWC01-170910-181000.wav	726.382	726.648	0.266	31.9	1993.6	1961.7	527.3	
116	Spectrogram 1	1	SB-IWC01-170910-181000.wav	730.468	730.734	0.266	41.5	1990.4	1948.9	644.5	
118	Spectrogram 1	1	SB-IWC01-170910-181000.wav	734.332	734.598	0.266	31.9	1990.4	1958.5	246.1	
119	Spectrogram 1	1	SB-IWC01-170910-181000.wav	738.240	738.462	0.222	54.3	1990.4	1936.1	304.7	
120	Spectrogram 1	1	SB-IWC01-170910-181000.wav	742.192	742.415	0.222	51.1	1987.2	1936.1	281.2	
121	Spectrogram 1	1	SB-IWC01-170910-181000.wav	744.280	746.234	1.954	92.7	150.2	57.5	117.2	moan
122	Spectrogram 1	1	SB-IWC01-170910-181000.wav	752.363	752.585	0.222	38.3	1993.6	1955.3	480.5	
123	Spectrogram 1	1	SB-IWC01-170910-181000.wav	756.338	756.560	0.222	46.3	1992.0	1945.7	351.6	
124	Spectrogram 1	1	SB-IWC01-170910-181000.wav	760.623	760.845	0.222	41.5	1987.2	1945.7	339.8	
125	Spectrogram 1	1	SB-IWC01-170910-181000.wav	764.749	764.971	0.222	63.9	1987.2	1923.3	515.6	
126	Spectrogram 1	1	SB-IWC01-170910-181000.wav	768.746	769.013	0.266	60.7	1990.4	1929.7	246.1	end pattern
127	Spectrogram 1	1	SB-IWC01-170910-181000.wav	864.000	864.622	0.622	6.4	236.4	230.0	58.6	start pattern
128	Spectrogram 1	1	SB-IWC01-170910-181000.wav	866.487	866.976	0.489	16.0	255.6	239.6	82.0	
129	Spectrogram 1	1	SB-IWC01-170910-181000.wav	869.241	869.729	0.489	19.2	303.5	284.3	82.0	
130	Spectrogram 1	1	SB-IWC01-170910-181000.wav	871.861	872.394	0.533	6.4	293.9	287.5	152.3	
131	Spectrogram 1	1	SB-IWC01-170910-181000.wav	874.215	874.703	0.489	16.0	255.6	239.6	140.6	
132	Spectrogram 1	1	SB-IWC01-170910-181000.wav	876.213	876.879	0.666	19.2	262.0	242.8	175.8	
133	Spectrogram 1	1	SB-IWC01-170910-181000.wav	878.301	878.967	0.666	19.2	262.0	242.8	164.1	
134	Spectrogram 1	1	SB-IWC01-170910-181000.wav	880.699	881.454	0.755	19.2	258.8	239.6	187.5	
135	Spectrogram 1	1	SB-IWC01-170910-181000.wav	883.053	883.719	0.666	22.4	262.0	239.6	175.8	
136	Spectrogram 1	1	SB-IWC01-170910-181000.wav	885.273	885.984	0.711	22.4	297.1	274.8	210.9	
137	Spectrogram 1	1	SB-IWC01-170910-181000.wav	887.583	888.382	0.799	31.9	290.7	258.8	199.2	
138	Spectrogram 1	1	SB-IWC01-170910-181000.wav	890.203	891.047	0.844	12.8	313.1	300.3	199.2	
139	Spectrogram 1	1	SB-IWC01-170910-181000.wav	898.774	898.907	0.133	60.7	1993.6	1932.9	328.1	start gs
140	Spectrogram 1	1	SB-IWC01-170910-181000.wav	902.860	903.038	0.178	63.9	1993.6	1929.7	843.8	
141	Spectrogram 1	1	SB-IWC01-170910-181000.wav	906.768	906.946	0.178	38.3	1993.6	1955.3	574.2	
142	Spectrogram 1	1	SB-IWC01-170910-181000.wav	910.588	910.765	0.178	12.8	1993.6	1980.8	23.4	
143	Spectrogram 1	1	SB-IWC01-170910-181000.wav	914.318	914.540	0.222	63.9	1993.6	1929.7	773.4	
144	Spectrogram 1	1	SB-IWC01-170910-181000.wav	918.138	918.360	0.222	31.9	1993.6	1961.7	269.5	
145	Spectrogram 1	1	SB-IWC01-170910-181000.wav	921.935	922.157	0.222	36.7	1988.8	1952.1	914.1	
146	Spectrogram 1	1	SB-IWC01-170910-181000.wav	925.772	925.994	0.222	54.3	1990.4	1936.1	515.6	
147	Spectrogram 1	1	SB-IWC01-170910-181000.wav	929.591	929.813	0.222	54.3	1990.4	1936.1	878.9	
148	Spectrogram 1	1	SB-IWC01-170910-181000.wav	933.322	933.588	0.266	35.1	1993.6	1958.5	597.7	
149	Spectrogram 1	1	SB-IWC01-170910-181000.wav	937.141	937.408	0.266	47.9	1990.4	1942.5	1335.9	
150	Spectrogram 1	1	SB-IWC01-170910-181000.wav	940.872	941.094	0.222	19.2	1990.4	1971.2	304.7	
151	Spectrogram 1	1	SB-IWC01-170910-181000.wav	944.603	944.825	0.222	41.5	1993.6	1952.1	386.7	
152	Spectrogram 1	1	SB-IWC01-170910-181000.wav	948.377	948.600	0.222	19.2	1993.6	1974.4	375.0	
153	Spectrogram 1	1	SB-IWC01-170910-181000.wav	952.152	952.330	0.178	60.7	1990.4	1929.7	656.2	
154	Spectrogram 1	1	SB-IWC01-170910-181000.wav	955.883	956.061	0.178	22.4	1993.6	1971.2	503.9	
155	Spectrogram 1	1	SB-IWC01-170910-181000.wav	959.614	959.836	0.222	25.6	1996.8	1971.2	304.7	
156	Spectrogram 1	1	SB-IWC01-170910-181000.wav	963.389	963.655	0.266	19.2	1990.4	1971.2	257.8	
157	Spectrogram 1	1	SB-IWC01-170910-181000.wav	966.942	967.208	0.266	31.9	1987.2	1955.3	316.4	
158	Spectrogram 1	1	SB-IWC01-170910-181000.wav	970.450	970.672	0.222	28.8	1993.6	1964.9	152.3	end main phrase
159	Spectrogram 1	1	SB-IWC01-170910-181000.wav	979.905	980.083	0.178	22.4	1990.4	1968.1	304.7	
160	Spectrogram 1	1	SB-IWC01-170910-181000.wav	983.991	984.213	0.222	41.5	1993.6	1952.1	222.7	
161	Spectrogram 1	1	SB-IWC01-170910-181000.wav	987.944	988.166	0.222	57.5	1984.0	1926.5	539.1	
162	Spectrogram 1	1	SB-IWC01-170910-181000.wav	991.630	991.896	0.266	41.5	1990.4	1948.9	269.5	
163	Spectrogram 1	1	SB-IWC01-170910-181000.wav	995.405	995.627	0.222	44.7	1987.2	1942.5	187.5	
164	Spectrogram 1	1	SB-IWC01-170910-181000.wav	997.315	998.647	1.332	102.2	169.3	67.1	117.2	moan
165	Spectrogram 1	1	SB-IWC01-170910-181000.wav	1006.064	1006.330	0.266	41.5	1990.4	1948.9	351.6	
166	Spectrogram 1	1	SB-IWC01-170910-181000.wav	1010.283	1010.505	0.222	35.1	1993.6	1958.5	468.8	
167	Spectrogram 1	1	SB-IWC01-170910-181000.wav	1014.324	1014.546	0.222	51.1	1996.8	1945.7	351.6	
168	Spectrogram 1	1	SB-IWC01-170910-181000.wav	1018.454	1018.721	0.266	47.9	1993.6	1945.7	222.7	
169	Spectrogram 1	1	SB-IWC01-170910-181000.wav	1022.629	1022.896	0.266	44.7	1996.8	1952.1	574.2	
170	Spectrogram 1	1	SB-IWC01-170910-181000.wav	1024.406	1025.782	1.377	99.0	178.9	79.9	164.1	moan
171	Spectrogram 1	1	SB-IWC01-170910-181000.wav	1032.751	1032.928	0.178	67.1	1996.8	1929.7	339.8	
172	Spectrogram 1	1	SB-IWC01-170910-181000.wav	1037.236	1037.458	0.222	38.3	1996.8	1958.5	761.7	
173	Spectrogram 1	1	SB-IWC01-170910-181000.wav	1041.455	1041.811	0.355	41.5	1993.6	1952.1	257.8	
174	Spectrogram 1	1	SB-IWC01-170910-181000.wav	1045.941	1046.207	0.266	44.7	1990.4	1945.7	304.7	
175	Spectrogram 1	1	SB-IWC01-170910-181000.wav	1048.339	1050.515	2.176	95.8	147.0	51.1	128.9	moan
176	Spectrogram 1	1	SB-IWC01-170910-181000.wav	1058.465	1058.687	0.222	38.3	1996.8	1958.5	761.7	
177	Spectrogram 1	1	SB-IWC01-170910-181000.wav	1062.773	1062.995	0.222	35.1	1993.6	1958.5	445.3	
178	Spectrogram 1	1	SB-IWC01-170910-181000.wav	1066.725	1066.947	0.222	25.6	1993.6	1968.1	574.2	
179	Spectrogram 1	1	SB-IWC01-170910-181000.wav	1070.545	1070.767	0.222	22.4	1993.6	1971.2	539.1	
180	Spectrogram 1	1	SB-IWC01-170910-181000.wav	1074.764	1075.030	0.266	31.9	1993.6	1961.7	585.9	
181	Spectrogram 1	1	SB-IWC01-170910-181000.wav	1079.116	1079.383	0.266	19.2	1990.4	1971.2	398.4	end pattern
182	Spectrogram 1	1	SB-IWC01-170910-181000.wav	1116.417	1116.773	0.355	12.8	210.9	198.1	82.0	start pattenr
183	Spectrogram 1	1	SB-IWC01-170910-181000.wav	1119.082	1119.615	0.533	16.0	204.5	188.5	82.0	
184	Spectrogram 1	1	SB-IWC01-170910-181000.wav	1121.925	1122.502	0.577	16.0	217.3	201.3	82.0	
185	Spectrogram 1	1	SB-IWC01-170910-181000.wav	1124.900	1125.477	0.577	12.8	217.3	204.5	82.0	
186	Spectrogram 1	1	SB-IWC01-170910-181000.wav	1127.520	1128.053	0.533	9.6	226.8	217.3	82.0	
187	Spectrogram 1	1	SB-IWC01-170910-181000.wav	1129.830	1130.363	0.533	19.2	242.8	223.6	82.0	
188	Spectrogram 1	1	SB-IWC01-170910-181000.wav	1132.228	1132.761	0.533	16.0	249.2	233.2	199.2	
189	Spectrogram 1	1	SB-IWC01-170910-181000.wav	1134.560	1135.137	0.577	6.4	287.5	281.2	199.2	
190	Spectrogram 1	1	SB-IWC01-170910-181000.wav	1136.669	1137.291	0.622	25.6	290.7	265.2	164.1	
191	Spectrogram 1	1	SB-IWC01-170910-181000.wav	1138.930	1139.774	0.844	12.8	271.6	258.8	23.4	
192	Spectrogram 1	1	SB-IWC01-170910-181000.wav	1141.283	1142.083	0.799	22.4	284.3	262.0	187.5	
193	Spectrogram 1	1	SB-IWC01-170910-181000.wav	1143.548	1144.348	0.799	12.8	242.8	230.0	199.2	
194	Spectrogram 1	1	SB-IWC01-170910-181000.wav	1145.947	1146.879	0.933	22.4	258.8	236.4	152.3	
195	Spectrogram 1	1	SB-IWC01-170910-181000.wav	1149.411	1150.255	0.844	9.6	258.8	249.2	105.5	
196	Spectrogram 1	1	SB-IWC01-170910-181000.wav	1162.157	1162.379	0.222	28.8	1993.6	1964.9	597.7	start gs
197	Spectrogram 1	1	SB-IWC01-170910-181000.wav	1165.976	1166.198	0.222	3.2	1996.8	1993.6	210.9	
198	Spectrogram 1	1	SB-IWC01-170910-181000.wav	1169.885	1170.107	0.222	19.2	1996.8	1977.6	644.5	
199	Spectrogram 1	1	SB-IWC01-170910-181000.wav	1173.571	1173.837	0.266	54.3	1990.4	1936.1	668.0	
200	Spectrogram 1	1	SB-IWC01-170910-181000.wav	1177.390	1177.657	0.266	47.9	1990.4	1942.5	1031.2	
201	Spectrogram 1	1	SB-IWC01-170910-181000.wav	1181.232	1181.543	0.311	62.3	1995.2	1932.9	293.0	
202	Spectrogram 1	1	SB-IWC01-170910-181000.wav	1185.073	1185.384	0.311	38.3	1990.4	1952.1	691.4	
203	Spectrogram 1	1	SB-IWC01-170910-181000.wav	1188.977	1189.204	0.226	47.9	1987.2	1939.3	468.8	
204	Spectrogram 1	1	SB-IWC01-170910-181000.wav	1192.708	1192.930	0.222	22.4	1993.6	1971.2	457.0	
205	Spectrogram 1	1	SB-IWC01-170910-181000.wav	1196.527	1196.749	0.222	41.5	1990.4	1948.9	363.3	
206	Spectrogram 1	1	SB-IWC01-170910-182000.wav	1200.213	1200.435	0.222	31.9	1996.8	1964.9	433.6	
207	Spectrogram 1	1	SB-IWC01-170910-182000.wav	1203.988	1204.255	0.266	51.1	1990.4	1939.3	339.8	
208	Spectrogram 1	1	SB-IWC01-170910-182000.wav	1207.630	1207.941	0.311	38.3	1987.2	1948.9	398.4	
209	Spectrogram 1	1	SB-IWC01-170910-182000.wav	1211.449	1211.716	0.266	43.1	1988.8	1945.7	574.2	
210	Spectrogram 1	1	SB-IWC01-170910-182000.wav	1215.224	1215.446	0.222	22.4	1996.8	1974.4	398.4	
211	Spectrogram 1	1	SB-IWC01-170910-182000.wav	1218.866	1219.088	0.222	9.6	1987.2	1977.6	363.3	
212	Spectrogram 1	1	SB-IWC01-170910-182000.wav	1222.730	1222.996	0.266	9.6	1993.6	1984.0	351.6	
213	Spectrogram 1	1	SB-IWC01-170910-182000.wav	1226.327	1226.549	0.222	6.4	1993.6	1987.2	164.1	
214	Spectrogram 1	1	SB-IWC01-170910-182000.wav	1229.791	1230.013	0.222	12.8	1993.6	1980.8	199.2	
215	Spectrogram 1	1	SB-IWC01-170910-182000.wav	1231.834	1233.744	1.910	108.6	188.5	79.9	117.2	end main phrase - ,moan
216	Spectrogram 1	1	SB-IWC01-170910-182000.wav	1239.562	1239.784	0.222	9.6	1996.8	1987.2	644.5	
217	Spectrogram 1	1	SB-IWC01-170910-182000.wav	1243.603	1243.870	0.266	44.7	1990.4	1945.7	234.4	
218	Spectrogram 1	1	SB-IWC01-170910-182000.wav	1247.463	1247.729	0.266	19.2	1987.2	1968.1	222.7	
219	Spectrogram 1	1	SB-IWC01-170910-182000.wav	1251.504	1251.726	0.222	35.1	1980.8	1945.7	316.4	
220	Spectrogram 1	1	SB-IWC01-170910-182000.wav	1255.634	1255.901	0.266	19.2	1987.2	1968.1	386.7	
221	Spectrogram 1	1	SB-IWC01-170910-182000.wav	1257.899	1260.164	2.265	92.7	172.5	79.9	117.2	moan
222	Spectrogram 1	1	SB-IWC01-170910-182000.wav	1266.382	1266.648	0.266	12.8	1996.8	1984.0	550.8	
223	Spectrogram 1	1	SB-IWC01-170910-182000.wav	1270.468	1270.779	0.311	16.0	1996.8	1980.8	410.2	
224	Spectrogram 1	1	SB-IWC01-170910-182000.wav	1274.642	1274.909	0.266	25.6	1993.6	1968.1	679.7	
225	Spectrogram 1	1	SB-IWC01-170910-182000.wav	1278.728	1278.995	0.266	22.4	1990.4	1968.1	269.5	
226	Spectrogram 1	1	SB-IWC01-170910-182000.wav	1282.992	1283.258	0.266	22.4	1993.6	1971.2	785.2	
227	Spectrogram 1	1	SB-IWC01-170910-182000.wav	1285.079	1286.811	1.732	102.2	159.7	57.5	128.9	moan
228	Spectrogram 1	1	SB-IWC01-170910-182000.wav	1293.140	1293.362	0.222	28.8	1990.4	1961.7	316.4	
229	Spectrogram 1	1	SB-IWC01-170910-182000.wav	1297.825	1298.092	0.266	44.7	1996.8	1952.1	398.4	
230	Spectrogram 1	1	SB-IWC01-170910-182000.wav	1302.129	1302.395	0.266	9.6	1990.4	1980.8	339.8	
231	Spectrogram 1	1	SB-IWC01-170910-182000.wav	1306.481	1306.748	0.266	35.1	1990.4	1955.3	222.7	enbd pattern
232	Spectrogram 1	1	SB-IWC01-170910-182000.wav	1383.753	1384.241	0.489	3.2	198.1	194.9	70.3	start pattern
233	Spectrogram 1	1	SB-IWC01-170910-182000.wav	1386.195	1386.773	0.577	12.8	246.0	233.2	164.1	
234	Spectrogram 1	1	SB-IWC01-170910-182000.wav	1388.416	1388.993	0.577	12.8	249.2	236.4	128.9	
235	Spectrogram 1	1	SB-IWC01-170910-182000.wav	1390.548	1391.170	0.622	19.2	262.0	242.8	117.2	
236	Spectrogram 1	1	SB-IWC01-170910-182000.wav	1392.724	1393.346	0.622	6.4	262.0	255.6	210.9	
237	Spectrogram 1	1	SB-IWC01-170910-182000.wav	1394.856	1395.699	0.844	25.6	258.8	233.2	210.9	
238	Spectrogram 1	1	SB-IWC01-170910-182000.wav	1397.298	1398.098	0.799	6.4	268.4	262.0	117.2	
239	Spectrogram 1	1	SB-IWC01-170910-182000.wav	1399.430	1400.318	0.888	6.4	278.0	271.6	175.8	
240	Spectrogram 1	1	SB-IWC01-170910-182000.wav	1401.917	1402.761	0.844	3.2	268.4	265.2	175.8	
241	Spectrogram 1	1	SB-IWC01-170910-182000.wav	1405.115	1406.136	1.021	22.4	271.6	249.2	164.1	
242	Spectrogram 1	1	SB-IWC01-170910-182000.wav	1418.167	1418.434	0.266	38.3	1996.8	1958.5	269.5	start gs
243	Spectrogram 1	1	SB-IWC01-170910-182000.wav	1422.120	1422.386	0.266	19.2	1996.8	1977.6	515.6	
244	Spectrogram 1	1	SB-IWC01-170910-182000.wav	1425.939	1426.206	0.266	43.1	1995.2	1952.1	398.4	
245	Spectrogram 1	1	SB-IWC01-170910-182000.wav	1429.714	1429.981	0.266	44.7	1990.4	1945.7	199.2	
246	Spectrogram 1	1	SB-IWC01-170910-182000.wav	1433.578	1433.845	0.266	44.7	1993.6	1948.9	843.8	
247	Spectrogram 1	1	SB-IWC01-170910-182000.wav	1437.397	1437.620	0.222	28.8	1996.8	1968.1	562.5	
248	Spectrogram 1	1	SB-IWC01-170910-182000.wav	1441.217	1441.439	0.222	35.1	1990.4	1955.3	656.2	
249	Spectrogram 1	1	SB-IWC01-170910-182000.wav	1444.992	1445.214	0.222	28.8	1996.8	1968.1	714.8	
250	Spectrogram 1	1	SB-IWC01-170910-182000.wav	1448.811	1449.078	0.266	19.2	1993.6	1974.4	457.0	
251	Spectrogram 1	1	SB-IWC01-170910-182000.wav	1452.586	1452.808	0.222	28.8	1993.6	1964.9	796.9	
252	Spectrogram 1	1	SB-IWC01-170910-182000.wav	1456.317	1456.628	0.311	38.3	1996.8	1958.5	609.4	
253	Spectrogram 1	1	SB-IWC01-170910-182000.wav	1460.047	1460.314	0.266	19.2	1990.4	1971.2	585.9	
254	Spectrogram 1	1	SB-IWC01-170910-182000.wav	1463.729	1463.951	0.222	25.6	1990.4	1964.9	925.8	
255	Spectrogram 1	1	SB-IWC01-170910-182000.wav	1467.504	1467.771	0.266	16.0	1990.4	1974.4	492.2	
256	Spectrogram 1	1	SB-IWC01-170910-182000.wav	1471.235	1471.501	0.266	22.4	1990.4	1968.1	316.4	
257	Spectrogram 1	1	SB-IWC01-170910-182000.wav	1474.832	1475.098	0.266	20.8	1992.0	1971.2	363.3	
258	Spectrogram 1	1	SB-IWC01-170910-182000.wav	1478.651	1478.918	0.266	12.8	1990.4	1977.6	210.9	
259	Spectrogram 1	1	SB-IWC01-170910-182000.wav	1482.204	1482.471	0.266	19.2	1993.6	1974.4	140.6	
260	Spectrogram 1	1	SB-IWC01-170910-182000.wav	1485.668	1485.979	0.311	22.4	1996.8	1974.4	152.3	
261	Spectrogram 1	1	SB-IWC01-170910-182000.wav	1487.933	1489.843	1.910	95.8	150.2	54.3	117.2	end main phrase - moan
262	Spectrogram 1	1	SB-IWC01-170910-182000.wav	1495.972	1496.238	0.266	38.3	1990.4	1952.1	421.9	
263	Spectrogram 1	1	SB-IWC01-170910-182000.wav	1500.102	1500.369	0.266	41.5	1996.8	1955.3	363.3	
264	Spectrogram 1	1	SB-IWC01-170910-182000.wav	1504.010	1504.232	0.222	25.6	1993.6	1968.1	386.7	
265	Spectrogram 1	1	SB-IWC01-170910-182000.wav	1507.785	1508.052	0.266	38.3	1993.6	1955.3	293.0	
266	Spectrogram 1	1	SB-IWC01-170910-182000.wav	1511.649	1511.960	0.311	3.2	1996.8	1993.6	328.1	
267	Spectrogram 1	1	SB-IWC01-170910-182000.wav	1515.646	1515.913	0.266	16.0	1993.6	1977.6	328.1	
268	Spectrogram 1	1	SB-IWC01-170910-182000.wav	1517.285	1518.973	1.688	105.4	147.0	41.5	128.9	moan
269	Spectrogram 1	1	SB-IWC01-170910-182000.wav	1525.546	1525.812	0.266	25.6	1993.6	1968.1	421.9	
270	Spectrogram 1	1	SB-IWC01-170910-182000.wav	1529.809	1530.120	0.311	3.2	1996.8	1993.6	328.1	
271	Spectrogram 1	1	SB-IWC01-170910-182000.wav	1533.939	1534.206	0.266	28.8	1990.4	1961.7	550.8	
272	Spectrogram 1	1	SB-IWC01-170910-182000.wav	1538.025	1538.292	0.266	31.9	1984.0	1952.1	222.7	
273	Spectrogram 1	1	SB-IWC01-170910-182000.wav	1542.244	1542.466	0.222	25.6	1987.2	1961.7	480.5	
274	Spectrogram 1	1	SB-IWC01-170910-182000.wav	1544.554	1546.419	1.865	102.2	156.5	54.3	128.9	moan
275	Spectrogram 1	1	SB-IWC01-170910-182000.wav	1552.326	1552.592	0.266	16.0	1996.8	1980.8	796.9	
276	Spectrogram 1	1	SB-IWC01-170910-182000.wav	1556.678	1556.944	0.266	38.3	1987.2	1948.9	375.0	
277	Spectrogram 1	1	SB-IWC01-170910-182000.wav	1560.942	1561.208	0.266	38.3	1987.2	1948.9	386.7	
278	Spectrogram 1	1	SB-IWC01-170910-182000.wav	1565.072	1565.383	0.311	22.4	1984.0	1961.7	222.7	
279	Spectrogram 1	1	SB-IWC01-170910-182000.wav	1569.202	1571.112	1.910	102.2	188.5	86.3	128.9	end pattern - moan
280	Spectrogram 1	1	SB-IWC01-170910-182000.wav	1639.808	1640.207	0.400	0.0	166.1	166.1	70.3	start pattern
281	Spectrogram 1	1	SB-IWC01-170910-182000.wav	1642.694	1643.183	0.489	9.6	185.3	175.7	82.0	
282	Spectrogram 1	1	SB-IWC01-170910-182000.wav	1645.448	1645.981	0.533	16.0	198.1	182.1	70.3	
283	Spectrogram 1	1	SB-IWC01-170910-182000.wav	1648.290	1648.823	0.533	9.6	233.2	223.6	35.2	
284	Spectrogram 1	1	SB-IWC01-170910-182000.wav	1650.999	1651.532	0.533	12.8	217.3	204.5	23.4	
285	Spectrogram 1	1	SB-IWC01-170910-182000.wav	1653.597	1654.175	0.577	16.0	207.7	191.7	152.3	
286	Spectrogram 1	1	SB-IWC01-170910-182000.wav	1655.929	1656.462	0.533	16.0	258.8	242.8	152.3	
287	Spectrogram 1	1	SB-IWC01-170910-182000.wav	1658.016	1658.727	0.711	12.8	230.0	217.3	187.5	
288	Spectrogram 1	1	SB-IWC01-170910-182000.wav	1660.192	1660.992	0.799	25.6	278.0	252.4	234.4	
289	Spectrogram 1	1	SB-IWC01-170910-182000.wav	1662.546	1663.346	0.799	16.0	287.5	271.6	175.8	
290	Spectrogram 1	1	SB-IWC01-170910-182000.wav	1664.856	1665.655	0.799	12.8	290.7	278.0	187.5	
291	Spectrogram 1	1	SB-IWC01-170910-182000.wav	1667.121	1668.187	1.066	19.2	271.6	252.4	175.8	
292	Spectrogram 1	1	SB-IWC01-170910-182000.wav	1670.718	1671.739	1.021	12.8	300.3	287.5	175.8	
293	Spectrogram 1	1	SB-IWC01-170910-182000.wav	1679.596	1679.774	0.178	28.8	1996.8	1968.1	363.3	start gs
294	Spectrogram 1	1	SB-IWC01-170910-182000.wav	1683.726	1683.904	0.178	19.2	1987.2	1968.1	234.4	
295	Spectrogram 1	1	SB-IWC01-170910-182000.wav	1687.634	1687.856	0.222	31.9	1987.2	1955.3	187.5	
296	Spectrogram 1	1	SB-IWC01-170910-182000.wav	1691.454	1691.720	0.266	28.8	1996.8	1968.1	738.3	
297	Spectrogram 1	1	SB-IWC01-170910-182000.wav	1695.229	1695.540	0.311	25.6	1996.8	1971.2	410.2	
298	Spectrogram 1	1	SB-IWC01-170910-182000.wav	1699.004	1699.270	0.266	19.2	1980.8	1961.7	375.0	
299	Spectrogram 1	1	SB-IWC01-170910-182000.wav	1702.801	1703.045	0.244	52.7	1985.6	1932.9	421.9	
300	Spectrogram 1	1	SB-IWC01-170910-182000.wav	1706.687	1706.909	0.222	22.4	1990.4	1968.1	972.7	
301	Spectrogram 1	1	SB-IWC01-170910-182000.wav	1710.462	1710.684	0.222	12.8	1996.8	1984.0	585.9	
302	Spectrogram 1	1	SB-IWC01-170910-182000.wav	1714.237	1714.503	0.266	3.2	1996.8	1993.6	503.9	
303	Spectrogram 1	1	SB-IWC01-170910-182000.wav	1717.967	1718.189	0.222	51.1	1996.8	1945.7	609.4	
304	Spectrogram 1	1	SB-IWC01-170910-182000.wav	1721.698	1721.920	0.222	31.9	1990.4	1958.5	492.2	
305	Spectrogram 1	1	SB-IWC01-170910-182000.wav	1725.340	1725.562	0.222	16.0	1993.6	1977.6	585.9	
306	Spectrogram 1	1	SB-IWC01-170910-182000.wav	1729.115	1729.337	0.222	19.2	1993.6	1974.4	363.3	
307	Spectrogram 1	1	SB-IWC01-170910-182000.wav	1732.890	1733.156	0.266	25.6	1990.4	1964.9	246.1	
308	Spectrogram 1	1	SB-IWC01-170910-182000.wav	1736.749	1736.927	0.178	9.6	1990.4	1980.8	246.1	
309	Spectrogram 1	1	SB-IWC01-170910-182000.wav	1740.391	1740.657	0.266	22.4	1996.8	1974.4	222.7	
310	Spectrogram 1	1	SB-IWC01-170910-182000.wav	1744.166	1744.477	0.311	35.1	1993.6	1958.5	210.9	
311	Spectrogram 1	1	SB-IWC01-170910-182000.wav	1747.719	1747.985	0.266	16.0	1987.2	1971.2	152.3	end main phrase
312	Spectrogram 1	1	SB-IWC01-170910-182000.wav	1757.822	1758.044	0.222	38.3	1993.6	1955.3	351.6	
313	Spectrogram 1	1	SB-IWC01-170910-182000.wav	1761.886	1762.108	0.222	41.5	1993.6	1952.1	293.0	
314	Spectrogram 1	1	SB-IWC01-170910-182000.wav	1765.617	1765.883	0.266	35.1	1993.6	1958.5	210.9	
315	Spectrogram 1	1	SB-IWC01-170910-182000.wav	1769.214	1769.480	0.266	57.5	1987.2	1929.7	304.7	
316	Spectrogram 1	1	SB-IWC01-170910-182000.wav	1772.989	1773.300	0.311	25.6	1990.4	1964.9	222.7	
317	Spectrogram 1	1	SB-IWC01-170910-182000.wav	1774.454	1776.053	1.599	102.2	159.7	57.5	117.2	moan
318	Spectrogram 1	1	SB-IWC01-170910-182000.wav	1782.315	1782.582	0.266	57.5	1996.8	1939.3	117.2	
319	Spectrogram 1	1	SB-IWC01-170910-182000.wav	1786.312	1786.579	0.266	22.4	1996.8	1974.4	421.9	
320	Spectrogram 1	1	SB-IWC01-170910-182000.wav	1790.394	1790.660	0.266	41.5	1996.8	1955.3	234.4	
321	Spectrogram 1	1	SB-IWC01-170910-182000.wav	1794.702	1794.968	0.266	3.2	1993.6	1990.4	527.3	
322	Spectrogram 1	1	SB-IWC01-170910-182000.wav	1798.566	1798.832	0.266	6.4	1987.2	1980.8	246.1	
323	Spectrogram 1	1	SB-IWC01-170910-183000.wav	1801.674	1804.383	2.709	102.2	147.0	44.7	128.9	moan
324	Spectrogram 1	1	SB-IWC01-170910-183000.wav	1810.823	1811.090	0.266	35.1	1987.2	1952.1	714.8	
325	Spectrogram 1	1	SB-IWC01-170910-183000.wav	1815.309	1815.531	0.222	25.6	1984.0	1958.5	269.5	
326	Spectrogram 1	1	SB-IWC01-170910-183000.wav	1819.395	1819.617	0.222	16.0	1990.4	1974.4	539.1	
327	Spectrogram 1	1	SB-IWC01-170910-183000.wav	1823.525	1823.747	0.222	51.1	1993.6	1942.5	210.9	
328	Spectrogram 1	1	SB-IWC01-170910-183000.wav	1825.568	1827.922	2.354	92.7	153.4	60.7	117.2	moan
329	Spectrogram 1	1	SB-IWC01-170910-183000.wav	1836.315	1836.537	0.222	25.6	1996.8	1971.2	832.0	
330	Spectrogram 1	1	SB-IWC01-170910-183000.wav	1840.534	1840.752	0.218	12.8	1990.4	1977.6	386.7	
331	Spectrogram 1	1	SB-IWC01-170910-183000.wav	1844.527	1844.749	0.222	9.6	1987.2	1977.6	398.4	
332	Spectrogram 1	1	SB-IWC01-170910-183000.wav	1848.480	1848.657	0.178	35.1	1990.4	1955.3	527.3	
333	Spectrogram 1	1	SB-IWC01-170910-183000.wav	1852.299	1852.566	0.266	28.8	1990.4	1961.7	668.0	
334	Spectrogram 1	1	SB-IWC01-170910-183000.wav	1856.518	1856.696	0.178	38.3	1987.2	1948.9	410.2	end pattern
335	Spectrogram 1	1	SB-IWC01-170910-183000.wav	1904.212	1904.745	0.533	9.6	198.1	188.5	70.3	start pattern
336	Spectrogram 1	1	SB-IWC01-170910-183000.wav	1906.699	1907.276	0.577	6.4	207.7	201.3	70.3	
337	Spectrogram 1	1	SB-IWC01-170910-183000.wav	1909.408	1909.941	0.533	16.0	230.0	214.1	82.0	
338	Spectrogram 1	1	SB-IWC01-170910-183000.wav	1911.806	1912.295	0.489	6.4	268.4	262.0	82.0	
339	Spectrogram 1	1	SB-IWC01-170910-183000.wav	1913.938	1914.515	0.577	3.2	239.6	236.4	164.1	
340	Spectrogram 1	1	SB-IWC01-170910-183000.wav	1916.203	1916.736	0.533	6.4	249.2	242.8	210.9	
341	Spectrogram 1	1	SB-IWC01-170910-183000.wav	1918.512	1919.178	0.666	22.4	297.1	274.8	82.0	
342	Spectrogram 1	1	SB-IWC01-170910-183000.wav	1920.822	1921.665	0.844	22.4	271.6	249.2	187.5	
343	Spectrogram 1	1	SB-IWC01-170910-183000.wav	1923.087	1923.886	0.799	16.0	249.2	233.2	187.5	
344	Spectrogram 1	1	SB-IWC01-170910-183000.wav	1925.485	1926.195	0.711	22.4	220.4	198.1	187.5	
345	Spectrogram 1	1	SB-IWC01-170910-183000.wav	1928.816	1929.748	0.933	22.4	220.4	198.1	58.6	
346	Spectrogram 1	1	SB-IWC01-170910-183000.wav	1937.742	1938.009	0.266	28.8	1996.8	1968.1	386.7	start gs
347	Spectrogram 1	1	SB-IWC01-170910-183000.wav	1941.784	1942.050	0.266	57.5	1996.8	1939.3	210.9	
348	Spectrogram 1	1	SB-IWC01-170910-183000.wav	1945.692	1945.959	0.266	60.7	1990.4	1929.7	199.2	
349	Spectrogram 1	1	SB-IWC01-170910-183000.wav	1949.551	1949.729	0.178	44.7	1990.4	1945.7	199.2	
350	Spectrogram 1	1	SB-IWC01-170910-183000.wav	1953.326	1953.504	0.178	63.9	1987.2	1923.3	375.0	
351	Spectrogram 1	1	SB-IWC01-170910-183000.wav	1957.146	1957.368	0.222	31.9	1990.4	1958.5	843.8	
352	Spectrogram 1	1	SB-IWC01-170910-183000.wav	1960.965	1961.143	0.178	19.2	1993.6	1974.4	597.7	
353	Spectrogram 1	1	SB-IWC01-170910-183000.wav	1964.740	1964.918	0.178	60.7	1984.0	1923.3	363.3	
354	Spectrogram 1	1	SB-IWC01-170910-183000.wav	1968.560	1968.826	0.266	35.1	1993.6	1958.5	679.7	
355	Spectrogram 1	1	SB-IWC01-170910-183000.wav	1972.379	1972.557	0.178	47.9	1993.6	1945.7	433.6	
356	Spectrogram 1	1	SB-IWC01-170910-183000.wav	1976.065	1976.243	0.178	28.8	1987.2	1958.5	539.1	
357	Spectrogram 1	1	SB-IWC01-170910-183000.wav	1979.796	1980.018	0.222	35.1	1993.6	1958.5	492.2	
358	Spectrogram 1	1	SB-IWC01-170910-183000.wav	1983.571	1983.793	0.222	41.5	1990.4	1948.9	539.1	
359	Spectrogram 1	1	SB-IWC01-170910-183000.wav	1987.346	1987.568	0.222	31.9	1993.6	1961.7	304.7	
360	Spectrogram 1	1	SB-IWC01-170910-183000.wav	1991.121	1991.387	0.266	22.4	1993.6	1971.2	363.3	
361	Spectrogram 1	1	SB-IWC01-170910-183000.wav	1994.807	1995.073	0.266	41.5	1990.4	1948.9	445.3	
362	Spectrogram 1	1	SB-IWC01-170910-183000.wav	1998.671	1998.893	0.222	31.9	1990.4	1958.5	351.6	
363	Spectrogram 1	1	SB-IWC01-170910-183000.wav	2002.224	2002.490	0.266	31.9	1993.6	1961.7	117.2	
364	Spectrogram 1	1	SB-IWC01-170910-183000.wav	2005.728	2005.994	0.266	28.8	1996.8	1968.1	128.9	end main phrase
365	Spectrogram 1	1	SB-IWC01-170910-183000.wav	2015.587	2015.809	0.222	25.6	1990.4	1964.9	316.4	
366	Spectrogram 1	1	SB-IWC01-170910-183000.wav	2019.628	2019.895	0.266	51.1	1990.4	1939.3	257.8	
367	Spectrogram 1	1	SB-IWC01-170910-183000.wav	2023.581	2023.803	0.222	19.2	1993.6	1974.4	328.1	
368	Spectrogram 1	1	SB-IWC01-170910-183000.wav	2027.267	2027.534	0.266	41.5	1993.6	1952.1	492.2	
369	Spectrogram 1	1	SB-IWC01-170910-183000.wav	2030.953	2031.309	0.355	35.1	1990.4	1955.3	304.7	
370	Spectrogram 1	1	SB-IWC01-170910-183000.wav	2032.907	2035.172	2.265	92.7	172.5	79.9	128.9	moan
371	Spectrogram 1	1	SB-IWC01-170910-183000.wav	2040.857	2041.124	0.266	11.2	1988.8	1977.6	398.4	
372	Spectrogram 1	1	SB-IWC01-170910-183000.wav	2045.165	2045.432	0.266	35.1	1993.6	1958.5	433.6	
373	Spectrogram 1	1	SB-IWC01-170910-183000.wav	2049.295	2049.517	0.222	38.3	1990.4	1952.1	480.5	
374	Spectrogram 1	1	SB-IWC01-170910-183000.wav	2053.603	2053.825	0.222	22.4	1990.4	1968.1	644.5	
375	Spectrogram 1	1	SB-IWC01-170910-183000.wav	2057.551	2057.774	0.222	38.3	1990.4	1952.1	457.0	
376	Spectrogram 1	1	SB-IWC01-170910-183000.wav	2060.394	2062.037	1.643	102.2	166.1	63.9	128.9	moan
377	Spectrogram 1	1	SB-IWC01-170910-183000.wav	2070.120	2070.342	0.222	35.1	1993.6	1958.5	515.6	
378	Spectrogram 1	1	SB-IWC01-170910-183000.wav	2074.517	2074.739	0.222	19.2	1987.2	1968.1	304.7	
379	Spectrogram 1	1	SB-IWC01-170910-183000.wav	2078.780	2079.002	0.222	35.1	1993.6	1958.5	656.2	
380	Spectrogram 1	1	SB-IWC01-170910-183000.wav	2082.999	2083.221	0.222	35.1	1987.2	1952.1	445.3	
381	Spectrogram 1	1	SB-IWC01-170910-183000.wav	2085.397	2087.618	2.221	95.8	150.2	54.3	117.2	moan
382	Spectrogram 1	1	SB-IWC01-170910-183000.wav	2095.390	2095.612	0.222	73.5	1993.6	1920.1	351.6	
383	Spectrogram 1	1	SB-IWC01-170910-183000.wav	2099.520	2099.742	0.222	44.7	1990.4	1945.7	410.2	
384	Spectrogram 1	1	SB-IWC01-170910-183000.wav	2103.562	2103.784	0.222	38.3	1990.4	1952.1	468.8	
385	Spectrogram 1	1	SB-IWC01-170910-183000.wav	2107.736	2107.959	0.222	51.1	1993.6	1942.5	527.3	end pattern
386	Spectrogram 1	1	SB-IWC01-170910-183000.wav	2164.441	2165.019	0.577	38.3	242.8	204.5	164.1	start pattern
387	Spectrogram 1	1	SB-IWC01-170910-183000.wav	2167.239	2167.816	0.577	6.4	223.6	217.3	82.0	
388	Spectrogram 1	1	SB-IWC01-170910-183000.wav	2170.081	2170.703	0.622	3.2	220.4	217.3	82.0	
389	Spectrogram 1	1	SB-IWC01-170910-183000.wav	2172.568	2173.235	0.666	12.8	220.4	207.7	35.2	
390	Spectrogram 1	1	SB-IWC01-170910-183000.wav	2174.656	2175.278	0.622	12.8	236.4	223.6	164.1	
391	Spectrogram 1	1	SB-IWC01-170910-183000.wav	2176.965	2177.543	0.577	16.0	239.6	223.6	175.8	
392	Spectrogram 1	1	SB-IWC01-170910-183000.wav	2179.230	2179.763	0.533	16.0	239.6	223.6	175.8	
393	Spectrogram 1	1	SB-IWC01-170910-183000.wav	2181.318	2182.073	0.755	19.2	233.2	214.1	199.2	
394	Spectrogram 1	1	SB-IWC01-170910-183000.wav	2183.627	2184.338	0.711	22.4	236.4	214.1	175.8	
395	Spectrogram 1	1	SB-IWC01-170910-183000.wav	2185.670	2186.380	0.711	31.9	230.0	198.1	175.8	
396	Spectrogram 1	1	SB-IWC01-170910-183000.wav	2188.068	2188.823	0.755	25.6	233.2	207.7	199.2	
397	Spectrogram 1	1	SB-IWC01-170910-183000.wav	2190.733	2191.710	0.977	22.4	242.8	220.4	23.4	
398	Spectrogram 1	1	SB-IWC01-170910-183000.wav	2199.393	2199.660	0.266	44.7	1990.4	1945.7	398.4	start gs
399	Spectrogram 1	1	SB-IWC01-170910-183000.wav	2203.523	2203.790	0.266	70.3	1996.8	1926.5	199.2	
400	Spectrogram 1	1	SB-IWC01-170910-183000.wav	2207.387	2207.698	0.311	44.7	1993.6	1948.9	222.7	
401	Spectrogram 1	1	SB-IWC01-170910-183000.wav	2211.162	2211.429	0.266	35.1	1996.8	1961.7	199.2	
402	Spectrogram 1	1	SB-IWC01-170910-183000.wav	2214.937	2215.115	0.178	54.3	1977.6	1923.3	644.5	
403	Spectrogram 1	1	SB-IWC01-170910-183000.wav	2218.756	2218.934	0.178	62.3	1988.8	1926.5	597.7	
404	Spectrogram 1	1	SB-IWC01-170910-183000.wav	2222.571	2222.838	0.266	47.9	1987.2	1939.3	773.4	
405	Spectrogram 1	1	SB-IWC01-170910-183000.wav	2226.391	2226.613	0.222	25.6	1987.2	1961.7	515.6	
406	Spectrogram 1	1	SB-IWC01-170910-183000.wav	2230.255	2230.521	0.266	22.4	1993.6	1971.2	808.6	
407	Spectrogram 1	1	SB-IWC01-170910-183000.wav	2233.941	2234.163	0.222	35.1	1990.4	1955.3	609.4	
408	Spectrogram 1	1	SB-IWC01-170910-183000.wav	2237.671	2237.893	0.222	89.5	1996.8	1907.3	574.2	
409	Spectrogram 1	1	SB-IWC01-170910-183000.wav	2241.358	2241.668	0.311	31.9	1990.4	1958.5	515.6	
410	Spectrogram 1	1	SB-IWC01-170910-183000.wav	2245.088	2245.355	0.266	44.7	1987.2	1942.5	293.0	
411	Spectrogram 1	1	SB-IWC01-170910-183000.wav	2248.819	2249.085	0.266	63.9	1990.4	1926.5	679.7	
412	Spectrogram 1	1	SB-IWC01-170910-183000.wav	2252.638	2252.905	0.266	60.7	1996.8	1936.1	234.4	
413	Spectrogram 1	1	SB-IWC01-170910-183000.wav	2256.369	2256.635	0.266	12.8	1993.6	1980.8	515.6	
414	Spectrogram 1	1	SB-IWC01-170910-183000.wav	2260.232	2260.543	0.311	44.7	1990.4	1945.7	210.9	
415	Spectrogram 1	1	SB-IWC01-170910-183000.wav	2263.697	2263.963	0.266	3.2	1990.4	1987.2	164.1	end main phrase
416	Spectrogram 1	1	SB-IWC01-170910-183000.wav	2273.907	2274.173	0.266	54.3	1996.8	1942.5	316.4	
417	Spectrogram 1	1	SB-IWC01-170910-183000.wav	2277.859	2278.126	0.266	35.1	1990.4	1955.3	269.5	
418	Spectrogram 1	1	SB-IWC01-170910-183000.wav	2281.679	2281.945	0.266	35.1	1990.4	1955.3	363.3	
419	Spectrogram 1	1	SB-IWC01-170910-183000.wav	2285.454	2285.720	0.266	38.3	1996.8	1958.5	234.4	
420	Spectrogram 1	1	SB-IWC01-170910-183000.wav	2289.229	2289.540	0.311	51.1	1996.8	1945.7	492.2	
421	Spectrogram 1	1	SB-IWC01-170910-183000.wav	2291.405	2292.870	1.466	105.4	178.9	73.5	128.9	moan
422	Spectrogram 1	1	SB-IWC01-170910-183000.wav	2299.310	2299.532	0.222	28.8	1996.8	1968.1	386.7	
423	Spectrogram 1	1	SB-IWC01-170910-183000.wav	2303.396	2303.707	0.311	44.7	1987.2	1942.5	269.5	
424	Spectrogram 1	1	SB-IWC01-170910-183000.wav	2307.526	2307.793	0.266	38.3	1990.4	1952.1	421.9	
425	Spectrogram 1	1	SB-IWC01-170910-183000.wav	2311.523	2311.790	0.266	28.8	1996.8	1968.1	257.8	
426	Spectrogram 1	1	SB-IWC01-170910-183000.wav	2315.698	2315.964	0.266	31.9	1901.0	1869.0	234.4	
427	Spectrogram 1	1	SB-IWC01-170910-183000.wav	2318.185	2320.406	2.221	111.8	175.7	63.9	128.9	moan
428	Spectrogram 1	1	SB-IWC01-170910-183000.wav	2326.979	2327.196	0.218	35.1	1984.0	1948.9	375.0	
429	Spectrogram 1	1	SB-IWC01-170910-183000.wav	2331.282	2331.548	0.266	41.5	1993.6	1952.1	738.3	
430	Spectrogram 1	1	SB-IWC01-170910-183000.wav	2335.457	2335.768	0.311	41.5	1987.2	1945.7	433.6	
431	Spectrogram 1	1	SB-IWC01-170910-183000.wav	2339.631	2339.898	0.266	57.5	1984.0	1926.5	222.7	
432	Spectrogram 1	1	SB-IWC01-170910-183000.wav	2343.762	2344.028	0.266	22.4	1990.4	1968.1	210.9	
433	Spectrogram 1	1	SB-IWC01-170910-183000.wav	2345.938	2347.492	1.554	83.1	150.2	67.1	128.9	moan
434	Spectrogram 1	1	SB-IWC01-170910-183000.wav	2355.620	2355.930	0.311	44.7	1996.8	1952.1	668.0	
435	Spectrogram 1	1	SB-IWC01-170910-183000.wav	2359.883	2360.150	0.266	6.4	1993.6	1987.2	11.7	
436	Spectrogram 1	1	SB-IWC01-170910-183000.wav	2363.836	2364.102	0.266	44.7	1990.4	1945.7	304.7	
437	Spectrogram 1	1	SB-IWC01-170910-183000.wav	2367.922	2368.188	0.266	12.8	1996.8	1984.0	703.1	
438	Spectrogram 1	1	SB-IWC01-170910-183000.wav	2372.274	2372.496	0.222	28.8	1993.6	1964.9	597.7	end pattern
439	Spectrogram 1	1	SB-IWC01-170910-184000.wav	2452.250	2452.650	0.400	19.2	258.8	239.6	70.3	start pattern
440	Spectrogram 1	1	SB-IWC01-170910-184000.wav	2454.737	2455.359	0.622	16.0	271.6	255.6	210.9	
441	Spectrogram 1	1	SB-IWC01-170910-184000.wav	2457.491	2458.113	0.622	22.4	258.8	236.4	175.8	
442	Spectrogram 1	1	SB-IWC01-170910-184000.wav	2460.200	2460.822	0.622	22.4	268.4	246.0	23.4	
443	Spectrogram 1	1	SB-IWC01-170910-184000.wav	2462.731	2463.353	0.622	9.6	281.2	271.6	175.8	
444	Spectrogram 1	1	SB-IWC01-170910-184000.wav	2465.307	2465.973	0.666	25.6	271.6	246.0	187.5	
445	Spectrogram 1	1	SB-IWC01-170910-184000.wav	2467.617	2468.327	0.711	19.2	271.6	252.4	187.5	
446	Spectrogram 1	1	SB-IWC01-170910-184000.wav	2469.926	2470.725	0.799	9.6	268.4	258.8	82.0	
447	Spectrogram 1	1	SB-IWC01-170910-184000.wav	2472.280	2473.079	0.799	12.8	262.0	249.2	222.7	
448	Spectrogram 1	1	SB-IWC01-170910-184000.wav	2474.722	2475.477	0.755	12.8	265.2	252.4	105.5	
449	Spectrogram 1	1	SB-IWC01-170910-184000.wav	2478.320	2479.252	0.933	28.8	268.4	239.6	105.5	
450	Spectrogram 1	1	SB-IWC01-170910-184000.wav	2487.246	2487.469	0.222	44.7	1993.6	1948.9	293.0	start gs
451	Spectrogram 1	1	SB-IWC01-170910-184000.wav	2491.328	2491.550	0.222	35.1	1987.2	1952.1	609.4	
452	Spectrogram 1	1	SB-IWC01-170910-184000.wav	2495.281	2495.503	0.222	57.5	1996.8	1939.3	199.2	
453	Spectrogram 1	1	SB-IWC01-170910-184000.wav	2499.056	2499.278	0.222	70.3	1996.8	1926.5	210.9	
454	Spectrogram 1	1	SB-IWC01-170910-184000.wav	2502.853	2503.075	0.222	46.3	1992.0	1945.7	421.9	
455	Spectrogram 1	1	SB-IWC01-170910-184000.wav	2506.650	2506.872	0.222	105.4	1984.0	1878.6	269.5	
456	Spectrogram 1	1	SB-IWC01-170910-184000.wav	2510.469	2510.691	0.222	63.9	1990.4	1926.5	656.2	
457	Spectrogram 1	1	SB-IWC01-170910-184000.wav	2514.222	2514.444	0.222	47.9	1996.8	1948.9	691.4	
458	Spectrogram 1	1	SB-IWC01-170910-184000.wav	2517.930	2518.197	0.266	35.1	1993.6	1958.5	796.9	
459	Spectrogram 1	1	SB-IWC01-170910-184000.wav	2521.705	2521.972	0.266	12.8	1996.8	1984.0	316.4	
460	Spectrogram 1	1	SB-IWC01-170910-184000.wav	2525.436	2525.702	0.266	28.8	1984.0	1955.3	316.4	
461	Spectrogram 1	1	SB-IWC01-170910-184000.wav	2529.211	2529.522	0.311	19.2	1996.8	1977.6	691.4	
462	Spectrogram 1	1	SB-IWC01-170910-184000.wav	2532.942	2533.208	0.266	38.3	1993.6	1955.3	304.7	
463	Spectrogram 1	1	SB-IWC01-170910-184000.wav	2536.672	2536.894	0.222	35.1	1987.2	1952.1	339.8	
464	Spectrogram 1	1	SB-IWC01-170910-184000.wav	2540.536	2540.802	0.266	31.9	1980.8	1948.9	386.7	
465	Spectrogram 1	1	SB-IWC01-170910-184000.wav	2544.262	2544.484	0.222	38.3	1984.0	1945.7	445.3	
466	Spectrogram 1	1	SB-IWC01-170910-184000.wav	2547.815	2548.126	0.311	31.9	1993.6	1961.7	304.7	
467	Spectrogram 1	1	SB-IWC01-170910-184000.wav	2551.546	2551.723	0.178	9.6	1990.4	1980.8	1031.2	
468	Spectrogram 1	1	SB-IWC01-170910-184000.wav	2555.409	2555.676	0.266	28.8	1980.8	1952.1	316.4	
469	Spectrogram 1	1	SB-IWC01-170910-184000.wav	2559.406	2559.628	0.222	35.1	1980.8	1945.7	996.1	
470	Spectrogram 1	1	SB-IWC01-170910-184000.wav	2561.494	2563.315	1.821	102.2	153.4	51.1	140.6	end main phrase - moan
471	Spectrogram 1	1	SB-IWC01-170910-184000.wav	2569.132	2569.399	0.266	38.3	1990.4	1952.1	304.7	
472	Spectrogram 1	1	SB-IWC01-170910-184000.wav	2573.529	2573.796	0.266	47.9	1990.4	1942.5	281.2	
473	Spectrogram 1	1	SB-IWC01-170910-184000.wav	2577.615	2577.837	0.222	38.3	1993.6	1955.3	1195.3	
474	Spectrogram 1	1	SB-IWC01-170910-184000.wav	2581.790	2582.056	0.266	47.9	1993.6	1945.7	539.1	
475	Spectrogram 1	1	SB-IWC01-170910-184000.wav	2585.964	2586.187	0.222	6.4	1993.6	1987.2	480.5	
476	Spectrogram 1	1	SB-IWC01-170910-184000.wav	2590.050	2590.317	0.266	19.2	1993.6	1974.4	281.2	
477	Spectrogram 1	1	SB-IWC01-170910-184000.wav	2592.093	2593.292	1.199	102.2	150.2	47.9	128.9	moan
478	Spectrogram 1	1	SB-IWC01-170910-184000.wav	2600.038	2600.305	0.266	25.6	1993.6	1968.1	984.4	
479	Spectrogram 1	1	SB-IWC01-170910-184000.wav	2604.480	2604.702	0.222	67.1	1993.6	1926.5	222.7	
480	Spectrogram 1	1	SB-IWC01-170910-184000.wav	2608.743	2608.921	0.178	35.1	1984.0	1948.9	714.8	
481	Spectrogram 1	1	SB-IWC01-170910-184000.wav	2612.873	2613.140	0.266	12.8	1987.2	1974.4	246.1	
482	Spectrogram 1	1	SB-IWC01-170910-184000.wav	2617.181	2617.492	0.311	16.0	1990.4	1974.4	328.1	end pattern
483	Spectrogram 1	1	SB-IWC01-170910-184000.wav	2705.862	2706.395	0.533	16.0	194.9	178.9	82.0	start pattern
484	Spectrogram 1	1	SB-IWC01-170910-184000.wav	2708.749	2709.282	0.533	12.8	210.9	198.1	70.3	
485	Spectrogram 1	1	SB-IWC01-170910-184000.wav	2711.014	2711.503	0.489	3.2	230.0	226.8	82.0	
486	Spectrogram 1	1	SB-IWC01-170910-184000.wav	2713.190	2713.679	0.489	6.4	220.4	214.1	164.1	
487	Spectrogram 1	1	SB-IWC01-170910-184000.wav	2715.278	2715.766	0.489	19.2	220.4	201.3	199.2	
488	Spectrogram 1	1	SB-IWC01-170910-184000.wav	2717.587	2718.031	0.444	9.6	210.9	201.3	82.0	
489	Spectrogram 1	1	SB-IWC01-170910-184000.wav	2719.630	2720.252	0.622	16.0	258.8	242.8	187.5	
490	Spectrogram 1	1	SB-IWC01-170910-184000.wav	2721.673	2722.250	0.577	16.0	284.3	268.4	187.5	
491	Spectrogram 1	1	SB-IWC01-170910-184000.wav	2723.760	2724.560	0.799	12.8	274.8	262.0	187.5	
492	Spectrogram 1	1	SB-IWC01-170910-184000.wav	2725.981	2726.691	0.711	25.6	252.4	226.8	187.5	
493	Spectrogram 1	1	SB-IWC01-170910-184000.wav	2728.201	2728.956	0.755	19.2	262.0	242.8	187.5	
494	Spectrogram 1	1	SB-IWC01-170910-184000.wav	2731.754	2732.598	0.844	19.2	246.0	226.8	187.5	
495	Spectrogram 1	1	SB-IWC01-170910-184000.wav	2740.592	2740.814	0.222	76.7	1996.8	1920.1	421.9	start gs
496	Spectrogram 1	1	SB-IWC01-170910-184000.wav	2744.722	2744.944	0.222	41.5	1987.2	1945.7	257.8	
497	Spectrogram 1	1	SB-IWC01-170910-184000.wav	2748.542	2748.764	0.222	63.9	1993.6	1929.7	210.9	
498	Spectrogram 1	1	SB-IWC01-170910-184000.wav	2752.361	2752.583	0.222	38.3	1990.4	1952.1	1324.2	
499	Spectrogram 1	1	SB-IWC01-170910-184000.wav	2756.092	2756.314	0.222	12.8	1974.4	1961.7	960.9	
500	Spectrogram 1	1	SB-IWC01-170910-184000.wav	2759.929	2760.151	0.222	28.8	1996.8	1968.1	304.7	
501	Spectrogram 1	1	SB-IWC01-170910-184000.wav	2763.771	2763.948	0.178	25.6	1990.4	1964.9	738.3	
502	Spectrogram 1	1	SB-IWC01-170910-184000.wav	2767.546	2767.723	0.178	31.9	1990.4	1958.5	832.0	
503	Spectrogram 1	1	SB-IWC01-170910-184000.wav	2771.276	2771.498	0.222	31.9	1996.8	1964.9	410.2	
504	Spectrogram 1	1	SB-IWC01-170910-184000.wav	2775.095	2775.318	0.222	16.0	1996.8	1980.8	468.8	
505	Spectrogram 1	1	SB-IWC01-170910-184000.wav	2778.737	2778.959	0.222	12.8	1993.6	1980.8	433.6	
506	Spectrogram 1	1	SB-IWC01-170910-184000.wav	2782.468	2782.690	0.222	38.3	1996.8	1958.5	433.6	
507	Spectrogram 1	1	SB-IWC01-170910-184000.wav	2786.110	2786.332	0.222	22.4	1990.4	1968.1	363.3	
508	Spectrogram 1	1	SB-IWC01-170910-184000.wav	2789.973	2790.195	0.222	12.8	1996.8	1984.0	1031.2	
509	Spectrogram 1	1	SB-IWC01-170910-184000.wav	2793.793	2793.970	0.178	28.8	1996.8	1968.1	433.6	
510	Spectrogram 1	1	SB-IWC01-170910-184000.wav	2797.501	2797.723	0.222	25.6	1993.6	1968.1	281.2	
511	Spectrogram 1	1	SB-IWC01-170910-184000.wav	2801.432	2801.698	0.266	35.1	1990.4	1955.3	550.8	
512	Spectrogram 1	1	SB-IWC01-170910-184000.wav	2805.029	2805.340	0.311	19.2	1987.2	1968.1	117.2	
513	Spectrogram 1	1	SB-IWC01-170910-184000.wav	2808.449	2808.759	0.311	25.6	1980.8	1955.3	128.9	
514	Spectrogram 1	1	SB-IWC01-170910-184000.wav	2811.069	2812.401	1.332	83.1	166.1	83.1	128.9	end main phrase - moan
515	Spectrogram 1	1	SB-IWC01-170910-184000.wav	2818.748	2819.014	0.266	39.9	1985.6	1945.7	515.6	
516	Spectrogram 1	1	SB-IWC01-170910-184000.wav	2822.878	2823.144	0.266	44.7	1987.2	1942.5	339.8	
517	Spectrogram 1	1	SB-IWC01-170910-184000.wav	2826.919	2827.141	0.222	67.1	1977.6	1910.5	585.9	
518	Spectrogram 1	1	SB-IWC01-170910-184000.wav	2830.961	2831.138	0.178	47.9	1990.4	1942.5	468.8	
519	Spectrogram 1	1	SB-IWC01-170910-184000.wav	2835.091	2835.358	0.266	9.6	1996.8	1987.2	503.9	
520	Spectrogram 1	1	SB-IWC01-170910-184000.wav	2837.312	2839.443	2.132	102.2	147.0	44.7	128.9	moan
521	Spectrogram 1	1	SB-IWC01-170910-184000.wav	2845.839	2846.061	0.222	63.9	1977.6	1913.7	503.9	
522	Spectrogram 1	1	SB-IWC01-170910-184000.wav	2850.235	2850.502	0.266	63.9	1987.2	1923.3	304.7	
523	Spectrogram 1	1	SB-IWC01-170910-184000.wav	2854.499	2854.677	0.178	16.0	1987.2	1971.2	656.2	
524	Spectrogram 1	1	SB-IWC01-170910-184000.wav	2858.851	2859.073	0.222	47.9	1987.2	1939.3	316.4	
525	Spectrogram 1	1	SB-IWC01-170910-184000.wav	2863.248	2863.514	0.266	12.8	1974.4	1961.7	351.6	end pattern
526	Spectrogram 1	1	SB-IWC01-170910-184000.wav	2936.651	2937.273	0.622	28.8	226.8	198.1	35.2	start pattern
527	Spectrogram 1	1	SB-IWC01-170910-184000.wav	2939.050	2939.671	0.622	22.4	230.0	207.7	117.2	
528	Spectrogram 1	1	SB-IWC01-170910-184000.wav	2940.959	2941.537	0.577	28.8	230.0	201.3	82.0	
529	Spectrogram 1	1	SB-IWC01-170910-184000.wav	2943.180	2943.668	0.489	16.0	262.0	246.0	234.4	
530	Spectrogram 1	1	SB-IWC01-170910-184000.wav	2945.445	2945.978	0.533	22.4	262.0	239.6	187.5	
531	Spectrogram 1	1	SB-IWC01-170910-184000.wav	2947.665	2948.376	0.711	22.4	258.8	236.4	210.9	
532	Spectrogram 1	1	SB-IWC01-170910-184000.wav	2949.975	2950.641	0.666	31.9	265.2	233.2	35.2	
533	Spectrogram 1	1	SB-IWC01-170910-184000.wav	2952.018	2952.728	0.711	25.6	274.8	249.2	164.1	
534	Spectrogram 1	1	SB-IWC01-170910-184000.wav	2954.372	2955.127	0.755	31.9	268.4	236.4	234.4	
535	Spectrogram 1	1	SB-IWC01-170910-184000.wav	2957.436	2958.369	0.933	28.8	281.2	252.4	152.3	
536	Spectrogram 1	1	SB-IWC01-170910-184000.wav	2966.318	2966.585	0.266	67.1	1309.9	1242.8	363.3	start gs
537	Spectrogram 1	1	SB-IWC01-170910-184000.wav	2970.404	2970.671	0.266	51.1	1990.4	1939.3	222.7	
538	Spectrogram 1	1	SB-IWC01-170910-184000.wav	2974.312	2974.534	0.222	63.9	1987.2	1923.3	539.1	
539	Spectrogram 1	1	SB-IWC01-170910-184000.wav	2978.127	2978.349	0.222	51.1	1990.4	1939.3	761.7	
540	Spectrogram 1	1	SB-IWC01-170910-184000.wav	2981.813	2982.036	0.222	31.9	1993.6	1961.7	398.4	
541	Spectrogram 1	1	SB-IWC01-170910-184000.wav	2985.677	2985.899	0.222	38.3	1996.8	1958.5	539.1	
542	Spectrogram 1	1	SB-IWC01-170910-184000.wav	2989.452	2989.674	0.222	54.3	1996.8	1942.5	585.9	
543	Spectrogram 1	1	SB-IWC01-170910-184000.wav	2993.272	2993.494	0.222	31.9	1990.4	1958.5	562.5	
544	Spectrogram 1	1	SB-IWC01-170910-184000.wav	2997.047	2997.313	0.266	9.6	1990.4	1980.8	480.5	
545	Spectrogram 1	1	SB-IWC01-170910-185000.wav	3000.777	3001.044	0.266	38.3	1993.6	1955.3	714.8	
546	Spectrogram 1	1	SB-IWC01-170910-185000.wav	3004.552	3004.774	0.222	31.9	1977.6	1945.7	644.5	
547	Spectrogram 1	1	SB-IWC01-170910-185000.wav	3008.327	3008.594	0.266	12.8	1910.5	1897.8	562.5	
548	Spectrogram 1	1	SB-IWC01-170910-185000.wav	3011.925	3012.147	0.222	111.8	1262.0	1150.2	668.0	
549	Spectrogram 1	1	SB-IWC01-170910-185000.wav	3015.699	3015.922	0.222	54.3	1421.7	1367.4	269.5	end pattern but not last gs - can't see bc vessel noise
