Selection	View	Channel	Begin Time (s)	End Time (s)	Low Freq (Hz)	High Freq (Hz)
1	Spectrogram 1	1	75.212371826	75.490936279	135	165
2	Spectrogram 1	1	131.691314697	131.96987915	135	165
3	Spectrogram 1	1	375.017364502	375.713775635	135	165
4	Spectrogram 1	1	398.068572998	398.625701904	135	165
5	Spectrogram 1	1	467.988250732	468.406097412	135	165
6	Spectrogram 1	1	1110.427520752	1110.706085205	135	165
7	Spectrogram 1	1	1146.431976318	1146.780181885	135	165
8	Spectrogram 1	1	1867.356781006	1867.983551025	135	165
9	Spectrogram 1	1	1900.575592041	1901.132720947	135	165
10	Spectrogram 1	1	1943.335235596	1943.962005615	135	165
11	Spectrogram 1	1	1980.732513428	1981.150360107	135	165
12	Spectrogram 1	1	2101.281280518	2101.629486084	135	165
13	Spectrogram 1	1	2143.971282959	2144.458770752	135	165
14	Spectrogram 1	1	2183.945281982	2184.502410889	135	165
15	Spectrogram 1	1	2218.556915283	2219.114044189	135	165
16	Spectrogram 1	1	2248.781158447	2249.338287354	135	165
17	Spectrogram 1	1	2386.322357178	2386.670562744	135	165
18	Spectrogram 1	1	2773.944793701	2774.501922607	135	165
19	Spectrogram 1	1	2880.843902588	2881.192108154	135	165
20	Spectrogram 1	1	3010.654937744	3011.072784424	135	165
21	Spectrogram 1	1	3477.598602295	3478.503936768	135	165
22	Spectrogram 1	1	3900.320159912	3900.738006592	135	165
23	Spectrogram 1	1	4793.815643311	4794.303131104	135	165
24	Spectrogram 1	1	4927.526580811	4927.94442749	135	165
25	Spectrogram 1	1	5158.944000244	5159.361846924	135	165
26	Spectrogram 1	1	5170.852630615	5171.131195068	135	165
27	Spectrogram 1	1	5188.402191162	5188.820037842	135	165
28	Spectrogram 1	1	5698.105499268	5698.384063721	135	165
29	Spectrogram 1	1	6560.123199463	6560.610687256	135	165
30	Spectrogram 1	1	6638.817657471	6639.096221924	135	165
31	Spectrogram 1	1	6991.3409729	6991.619537354	135	165
32	Spectrogram 1	1	7138.562286377	7138.980133057	135	165
33	Spectrogram 1	1	7949.115203857	7949.533050537	135	165
34	Spectrogram 1	1	8086.656402588	8086.934967041	135	165
35	Spectrogram 1	1	8101.211395264	8101.55960083	135	165
36	Spectrogram 1	1	8182.761138916	8183.039703369	135	165
37	Spectrogram 1	1	8624.216156006	8624.494720459	135	165
38	Spectrogram 1	1	9099.307830811	9100.14352417	135	165
39	Spectrogram 1	1	9126.050018311	9126.746429443	135	165
40	Spectrogram 1	1	9590.765167236	9591.113372803	135	165
41	Spectrogram 1	1	10037.721832275	10038.348602295	135	165
42	Spectrogram 1	1	10087.445587158	10088.350921631	135	165
43	Spectrogram 1	1	10242.536346436	10243.163116455	135	165
44	Spectrogram 1	1	10506.406524658	10507.311859131	135	165
45	Spectrogram 1	1	10661.079437256	10661.775848389	135	165
46	Spectrogram 1	1	10715.120941162	10715.399505615	135	165
47	Spectrogram 1	1	11266.399993896	11267.026763916	135	165
48	Spectrogram 1	1	11312.850616455	11313.477386475	135	165
49	Spectrogram 1	1	11412.855255127	11413.203460693	135	165
50	Spectrogram 1	1	11611.889556885	11612.655609131	135	165
51	Spectrogram 1	1	11905.287567139	11906.123260498	135	165
52	Spectrogram 1	1	12071.799468994	12072.56552124	135	165
53	Spectrogram 1	1	12093.806060791	12094.084625244	135	165
54	Spectrogram 1	1	12118.110809326	12118.667938232	135	165
55	Spectrogram 1	1	12140.883453369	12141.440582275	135	165
56	Spectrogram 1	1	12160.661529541	12161.079376221	135	165
57	Spectrogram 1	1	12412.065948486	12412.483795166	135	165
58	Spectrogram 1	1	12505.942169189	12506.638580322	135	165
59	Spectrogram 1	1	12539.648468018	12540.34487915	135	165
60	Spectrogram 1	1	12626.282012939	12626.769500732	135	165
61	Spectrogram 1	1	12647.383270264	12648.14932251	135	165
62	Spectrogram 1	1	12685.128753662	12685.476959229	135	165
63	Spectrogram 1	1	12688.680450439	12689.376861572	135	165
64	Spectrogram 1	1	12726.843780518	12727.122344971	135	165
65	Spectrogram 1	1	12733.738250732	12734.365020752	135	165
66	Spectrogram 1	1	12735.688201904	12735.966766357	135	165
67	Spectrogram 1	1	12891.057525635	12891.545013428	135	165
68	Spectrogram 1	1	12924.833465576	12925.529876709	135	165
69	Spectrogram 1	1	12984.933746338	12985.560516357	135	165
70	Spectrogram 1	1	13059.658660889	13060.355072021	135	165
71	Spectrogram 1	1	13115.232269287	13115.789398193	135	165
72	Spectrogram 1	1	13153.395599365	13154.300933838	135	165
73	Spectrogram 1	1	13447.281097412	13447.559661865	135	165
74	Spectrogram 1	1	13540.878753662	13541.575164795	135	165
75	Spectrogram 1	1	13651.608123779	13652.095611572	135	165
76	Spectrogram 1	1	13687.055450439	13687.682220459	135	165
77	Spectrogram 1	1	13742.002288818	13742.837982178	135	165
78	Spectrogram 1	1	13908.6534729	13909.419525146	135	165
79	Spectrogram 1	1	14017.990020752	14018.825714111	135	165
80	Spectrogram 1	1	14051.90524292	14052.601654053	135	165
81	Spectrogram 1	1	14129.415802002	14129.694366455	135	165
82	Spectrogram 1	1	14283.531585693	14283.87979126	135	165
83	Spectrogram 1	1	14415.710418701	14415.988983154	135	165
84	Spectrogram 1	1	14477.969573975	14478.248138428	135	165
85	Spectrogram 1	1	14482.217681885	14482.705169678	135	165
86	Spectrogram 1	1	14587.1668396	14587.932891846	135	165
87	Spectrogram 1	1	14719.484954834	14720.181365967	135	165
88	Spectrogram 1	1	14763.358856201	14763.985626221	135	165
89	Spectrogram 1	1	14797.761566162	14798.249053955	135	165
90	Spectrogram 1	1	15036.49130249	15036.839508057	135	165
91	Spectrogram 1	1	15046.658905029	15047.355316162	135	165
92	Spectrogram 1	1	15078.833099365	15079.390228271	135	165
93	Spectrogram 1	1	15329.123260498	15329.750030518	135	165
94	Spectrogram 1	1	15554.13369751	15554.621185303	135	165
95	Spectrogram 1	1	15628.092559814	15628.928253174	135	165
96	Spectrogram 1	1	15700.937164307	15701.494293213	135	165
97	Spectrogram 1	1	15872.532867432	15872.881072998	135	165
98	Spectrogram 1	1	16089.813140869	16090.439910889	135	165
99	Spectrogram 1	1	16374.088165283	16374.714935303	135	165
100	Spectrogram 1	1	16426.945770264	16427.433258057	135	165
101	Spectrogram 1	1	16582.106170654	16582.593658447	135	165
102	Spectrogram 1	1	16625.005096436	16625.631866455	135	165
103	Spectrogram 1	1	16801.963165283	16802.659576416	135	165
104	Spectrogram 1	1	16833.371307373	16833.928436279	135	165
105	Spectrogram 1	1	16866.102630615	16866.590118408	135	165
106	Spectrogram 1	1	16887.134246826	16887.691375732	135	165
107	Spectrogram 1	1	16919.238800049	16920.004852295	135	165
108	Spectrogram 1	1	17068.061859131	17068.410064697	135	165
109	Spectrogram 1	1	17375.527374268	17376.014862061	135	165
110	Spectrogram 1	1	17921.931549072	17922.349395752	135	165
111	Spectrogram 1	1	18072.843841553	18073.331329346	135	165
112	Spectrogram 1	1	18123.194366455	18123.612213135	135	165
113	Spectrogram 1	1	18374.320220947	18375.086273193	135	165
114	Spectrogram 1	1	18494.799346924	18495.35647583	135	165
115	Spectrogram 1	1	18539.230377197	18539.578582764	135	165
116	Spectrogram 1	1	18556.571014404	18556.919219971	135	165
117	Spectrogram 1	1	18629.69418335	18629.972747803	135	165
118	Spectrogram 1	1	18686.173126221	18686.730255127	135	165
119	Spectrogram 1	1	19202.004852295	19202.353057861	135	165
120	Spectrogram 1	1	19527.925262451	19528.552032471	135	165
121	Spectrogram 1	1	19707.529693604	19707.947540283	135	165
122	Spectrogram 1	1	19756.48739624	19756.835601807	135	165
123	Spectrogram 1	1	19944.170196533	19944.657684326	135	165
124	Spectrogram 1	1	20002.25088501	20002.599090576	135	165
125	Spectrogram 1	1	20004.061553955	20004.409759521	135	165
126	Spectrogram 1	1	20480.267486572	20480.754974365	135	165
127	Spectrogram 1	1	20606.526824951	20606.944671631	135	165
128	Spectrogram 1	1	20700.054840088	20700.890533447	135	165
129	Spectrogram 1	1	20853.265289307	20853.613494873	135	165
130	Spectrogram 1	1	21057.522674561	21057.94052124	135	165
