Selection	View	Channel	Begin Time (s)	End Time (s)	Low Freq (Hz)	High Freq (Hz)
1	Spectrogram 1	1	11.978240967	12.6746521	105	145
2	Spectrogram 1	1	20.474456787	21.519073486	145	175
3	Spectrogram 1	1	29.597442627	30.154571533	145	205
4	Spectrogram 1	1	47.634490967	48.3309021	145	225
5	Spectrogram 1	1	69.641082764	70.40713501	155	225
6	Spectrogram 1	1	81.410430908	82.106842041	185	235
7	Spectrogram 1	1	134.198394775	135.034088135	185	225
8	Spectrogram 1	1	233.645904541	234.69052124	165	235
9	Spectrogram 1	1	235.874420166	236.501190186	155	205
10	Spectrogram 1	1	258.298858643	259.413116455	45	95
11	Spectrogram 1	1	269.511077881	270.1378479	155	205
12	Spectrogram 1	1	278.982269287	279.817962646	215	245
13	Spectrogram 1	1	403.8487854	404.47555542	165	195
14	Spectrogram 1	1	433.028411865	433.446258545	125	175
15	Spectrogram 1	1	441.524627686	442.151397705	45	85
16	Spectrogram 1	1	447.165557861	447.931610107	135	205
17	Spectrogram 1	1	449.324432373	449.951202393	85	105
18	Spectrogram 1	1	455.661773682	456.009979248	155	175
19	Spectrogram 1	1	499.396392822	499.953521729	85	125
20	Spectrogram 1	1	521.054779053	522.656524658	135	185
21	Spectrogram 1	1	543.409576416	544.105987549	165	195
22	Spectrogram 1	1	573.703460693	573.982025146	175	195
23	Spectrogram 1	1	601.211700439	601.559906006	95	125
24	Spectrogram 1	1	609.359710693	609.986480713	95	135
25	Spectrogram 1	1	629.416351318	629.834197998	115	175
26	Spectrogram 1	1	632.410919189	633.107330322	135	165
27	Spectrogram 1	1	667.44039917	668.415374756	125	215
28	Spectrogram 1	1	676.006256104	676.702667236	85	145
29	Spectrogram 1	1	680.463287354	681.090057373	95	125
30	Spectrogram 1	1	712.637481689	712.985687256	215	245
31	Spectrogram 1	1	725.17288208	725.59072876	55	95
32	Spectrogram 1	1	737.986846924	738.75289917	155	225
33	Spectrogram 1	1	771.484222412	772.180633545	195	245
34	Spectrogram 1	1	792.515838623	793.351531982	175	205
35	Spectrogram 1	1	880.890411377	881.58682251	85	155
36	Spectrogram 1	1	932.773040771	933.887298584	145	195
37	Spectrogram 1	1	944.472747803	945.238800049	175	215
38	Spectrogram 1	1	959.515228271	960.141998291	195	245
39	Spectrogram 1	1	967.245391846	968.081085205	195	245
40	Spectrogram 1	1	1070.801727295	1071.289215088	185	215
41	Spectrogram 1	1	1094.410064697	1094.827911377	115	165
42	Spectrogram 1	1	1173.870574951	1174.636627197	75	145
43	Spectrogram 1	1	1176.656219482	1177.561553955	165	215
44	Spectrogram 1	1	1188.216644287	1188.49520874	135	185
45	Spectrogram 1	1	1189.748748779	1190.584442139	65	145
46	Spectrogram 1	1	1216.282012939	1216.769500732	135	205
47	Spectrogram 1	1	1246.22769165	1246.85446167	145	195
48	Spectrogram 1	1	1247.899078369	1248.177642822	115	135
49	Spectrogram 1	1	1300.12991333	1300.687042236	215	245
50	Spectrogram 1	1	1302.149505615	1302.845916748	165	205
51	Spectrogram 1	1	1335.716522217	1336.482574463	65	125
52	Spectrogram 1	1	1368.378204346	1369.144256592	55	115
53	Spectrogram 1	1	1380.843963623	1381.401092529	185	215
54	Spectrogram 1	1	1389.966949463	1390.454437256	105	135
55	Spectrogram 1	1	1420.609039307	1421.235809326	185	235
56	Spectrogram 1	1	1474.37197876	1475.138031006	125	175
57	Spectrogram 1	1	1477.018341064	1477.784393311	175	235
58	Spectrogram 1	1	1589.070892334	1589.767303467	75	105
59	Spectrogram 1	1	1596.243927002	1596.870697021	115	155
60	Spectrogram 1	1	1618.946929932	1619.434417725	135	185
61	Spectrogram 1	1	1694.925384521	1695.621795654	165	225
62	Spectrogram 1	1	1797.854949951	1798.690643311	85	135
63	Spectrogram 1	1	1808.301116943	1808.927886963	175	235
64	Spectrogram 1	1	1849.319732666	1850.155426025	75	125
65	Spectrogram 1	1	1895.561431885	1896.536407471	185	245
66	Spectrogram 1	1	1899.948822021	1900.436309814	165	205
67	Spectrogram 1	1	1900.297027588	1901.550567627	125	195
68	Spectrogram 1	1	1943.195953369	1944.240570068	115	165
69	Spectrogram 1	1	1988.393035889	1988.880523682	75	105
70	Spectrogram 1	1	1998.630279541	1999.535614014	155	195
71	Spectrogram 1	1	2039.648895264	2040.972076416	155	185
72	Spectrogram 1	1	2045.777313232	2046.543365479	155	225
73	Spectrogram 1	1	2110.961395264	2111.72744751	165	215
74	Spectrogram 1	1	2120.084381104	2121.268280029	85	115
75	Spectrogram 1	1	2126.003875732	2126.561004639	65	155
76	Spectrogram 1	1	2138.887481689	2139.653533936	135	175
77	Spectrogram 1	1	2143.901641846	2144.806976318	135	185
78	Spectrogram 1	1	2153.860321045	2154.556732178	155	195
79	Spectrogram 1	1	2183.736358643	2184.502410889	115	185
80	Spectrogram 1	1	2226.356719971	2226.913848877	135	195
81	Spectrogram 1	1	2266.8878479	2267.375335693	55	105
82	Spectrogram 1	1	2307.906463623	2308.881439209	75	165
83	Spectrogram 1	1	2386.391998291	2386.879486084	165	185
84	Spectrogram 1	1	2404.916534424	2405.68258667	85	115
85	Spectrogram 1	1	2425.808868408	2426.574920654	145	195
86	Spectrogram 1	1	2450.322540283	2450.810028076	125	175
87	Spectrogram 1	1	2481.24319458	2481.939605713	145	195
88	Spectrogram 1	1	2528.111663818	2528.877716064	165	225
89	Spectrogram 1	1	2539.532806396	2540.229217529	165	215
90	Spectrogram 1	1	2578.601470947	2579.367523193	195	245
91	Spectrogram 1	1	2648.660430908	2649.287200928	195	225
92	Spectrogram 1	1	2692.673614502	2693.161102295	175	205
93	Spectrogram 1	1	2774.223358154	2774.641204834	195	215
94	Spectrogram 1	1	2839.616363525	2840.103851318	155	205
95	Spectrogram 1	1	2983.285980225	2984.539520264	65	135
96	Spectrogram 1	1	3078.415740967	3079.1121521	45	115
97	Spectrogram 1	1	3083.429901123	3083.917388916	215	235
98	Spectrogram 1	1	3106.620391846	3107.107879639	205	245
99	Spectrogram 1	1	3200.496612549	3201.471588135	85	115
100	Spectrogram 1	1	3307.674285889	3308.301055908	145	195
101	Spectrogram 1	1	3351.826751709	3352.662445068	105	185
102	Spectrogram 1	1	3366.799591064	3367.565643311	145	195
103	Spectrogram 1	1	3373.136932373	3374.042266846	115	205
104	Spectrogram 1	1	3405.868255615	3406.564666748	115	185
105	Spectrogram 1	1	3506.081817627	3506.847869873	135	195
106	Spectrogram 1	1	3516.527984619	3517.154754639	115	195
107	Spectrogram 1	1	3540.972015381	3541.5987854	125	185
108	Spectrogram 1	1	3545.916534424	3546.612945557	155	215
109	Spectrogram 1	1	3591.879669189	3592.367156982	145	195
110	Spectrogram 1	1	3616.880828857	3617.57723999	145	195
111	Spectrogram 1	1	3621.686065674	3622.8699646	105	195
112	Spectrogram 1	1	3696.132415771	3696.898468018	145	225
113	Spectrogram 1	1	3735.340362549	3736.245697021	215	245
114	Spectrogram 1	1	3751.009613037	3751.91494751	85	155
115	Spectrogram 1	1	3764.380706787	3764.937835693	105	125
116	Spectrogram 1	1	3852.128509521	3853.033843994	135	185
117	Spectrogram 1	1	3868.703094482	3869.260223389	145	195
118	Spectrogram 1	1	3879.427825928	3879.915313721	125	165
119	Spectrogram 1	1	3894.470306396	3896.211334229	135	225
120	Spectrogram 1	1	3935.210357666	3935.976409912	85	145
121	Spectrogram 1	1	3953.247406006	3953.943817139	85	135
122	Spectrogram 1	1	3954.779510498	3955.615203857	155	205
123	Spectrogram 1	1	3959.306182861	3959.932952881	125	185
124	Spectrogram 1	1	3962.161468506	3962.788238525	155	205
125	Spectrogram 1	1	3963.623931885	3964.389984131	75	155
126	Spectrogram 1	1	3969.89163208	3970.5184021	75	115
127	Spectrogram 1	1	3983.610931396	3984.725189209	155	215
128	Spectrogram 1	1	4029.922271729	4030.757965088	125	185
129	Spectrogram 1	1	4038.557769775	4038.975616455	185	215
130	Spectrogram 1	1	4075.397918701	4075.955047607	115	155
131	Spectrogram 1	1	4114.745147705	4115.789764404	175	205
132	Spectrogram 1	1	4142.671234131	4143.50692749	115	185
133	Spectrogram 1	1	4181.182769775	4182.018463135	165	205
134	Spectrogram 1	1	4190.932525635	4191.698577881	75	155
135	Spectrogram 1	1	4192.186065674	4192.812835693	195	245
136	Spectrogram 1	1	4196.364532471	4196.99130249	115	165
137	Spectrogram 1	1	4204.791107178	4205.90536499	115	155
138	Spectrogram 1	1	4216.072967529	4216.839019775	125	175
139	Spectrogram 1	1	4238.149200439	4238.845611572	55	125
140	Spectrogram 1	1	4297.135223389	4297.692352295	155	185
141	Spectrogram 1	1	4301.801177979	4302.358306885	145	185
142	Spectrogram 1	1	4380.286712646	4380.983123779	115	135
143	Spectrogram 1	1	4381.679534912	4382.445587158	85	125
144	Spectrogram 1	1	4427.155181885	4427.851593018	85	155
145	Spectrogram 1	1	4430.149749756	4430.985443115	95	155
146	Spectrogram 1	1	4457.866912842	4458.702606201	45	115
147	Spectrogram 1	1	4478.480682373	4479.177093506	155	175
148	Spectrogram 1	1	4612.052337646	4613.236236572	135	175
149	Spectrogram 1	1	4653.767364502	4654.603057861	75	145
150	Spectrogram 1	1	4662.402862549	4663.308197021	65	125
151	Spectrogram 1	1	4668.043792725	4668.740203857	75	145
152	Spectrogram 1	1	4739.425933838	4739.774139404	145	185
153	Spectrogram 1	1	4806.977813721	4807.60458374	65	155
154	Spectrogram 1	1	4832.466461182	4833.093231201	55	105
155	Spectrogram 1	1	4862.203216553	4862.899627686	95	165
156	Spectrogram 1	1	4956.984771729	4957.681182861	65	145
157	Spectrogram 1	1	4983.935882568	4984.771575928	55	145
158	Spectrogram 1	1	5003.783599854	5004.828216553	135	245
159	Spectrogram 1	1	5087.004730225	5087.561859131	155	215
160	Spectrogram 1	1	5126.212677002	5126.909088135	125	145
161	Spectrogram 1	1	5127.118011475	5127.605499268	205	245
162	Spectrogram 1	1	5158.944000244	5159.71005249	135	165
163	Spectrogram 1	1	5191.7449646	5192.441375732	45	75
164	Spectrogram 1	1	5225.381622314	5226.217315674	85	145
165	Spectrogram 1	1	5238.195587158	5238.961639404	155	205
166	Spectrogram 1	1	5262.709259033	5263.336029053	125	165
167	Spectrogram 1	1	5303.727874756	5304.215362549	45	75
168	Spectrogram 1	1	5308.742034912	5309.577728271	105	125
169	Spectrogram 1	1	5441.686920166	5442.592254639	95	165
170	Spectrogram 1	1	5473.652191162	5474.278961182	45	105
171	Spectrogram 1	1	5519.615325928	5520.311737061	215	245
172	Spectrogram 1	1	5590.440338135	5591.206390381	55	85
173	Spectrogram 1	1	5648.938873291	5649.565643311	195	245
174	Spectrogram 1	1	5744.765045166	5745.531097412	85	135
175	Spectrogram 1	1	5746.088226318	5746.575714111	95	125
176	Spectrogram 1	1	5791.703155518	5792.81741333	85	135
177	Spectrogram 1	1	5810.715179443	5811.899078369	135	205
178	Spectrogram 1	1	5843.307220459	5844.003631592	145	175
179	Spectrogram 1	1	5855.912261963	5856.678314209	165	215
180	Spectrogram 1	1	5911.346588135	5911.764434814	85	165
181	Spectrogram 1	1	5947.142120361	5947.768890381	155	195
182	Spectrogram 1	1	6021.797393799	6022.215240479	165	195
183	Spectrogram 1	1	6043.943267822	6044.430755615	195	225
184	Spectrogram 1	1	6082.1065979	6082.663726807	55	105
185	Spectrogram 1	1	6151.190582275	6151.747711182	205	225
186	Spectrogram 1	1	6163.029571533	6163.865264893	115	185
187	Spectrogram 1	1	6202.028594971	6202.933929443	65	115
188	Spectrogram 1	1	6242.002593994	6242.699005127	65	115
189	Spectrogram 1	1	6255.861175537	6256.696868896	155	205
190	Spectrogram 1	1	6291.169219971	6291.726348877	105	185
191	Spectrogram 1	1	6374.529632568	6375.017120361	45	75
192	Spectrogram 1	1	6466.804107666	6467.430877686	115	135
193	Spectrogram 1	1	6481.498382568	6482.682281494	65	125
194	Spectrogram 1	1	6563.396331787	6564.232025146	135	205
195	Spectrogram 1	1	6582.826202393	6583.383331299	75	95
196	Spectrogram 1	1	6629.833953857	6630.460723877	95	135
197	Spectrogram 1	1	6652.258392334	6652.954803467	85	135
198	Spectrogram 1	1	6717.442474365	6717.999603271	95	125
199	Spectrogram 1	1	6772.737518311	6773.15536499	85	145
200	Spectrogram 1	1	6787.431793213	6788.128204346	105	175
201	Spectrogram 1	1	6794.186981201	6795.161956787	195	245
202	Spectrogram 1	1	6822.043426514	6823.227325439	65	125
203	Spectrogram 1	1	6835.623443604	6837.085906982	105	205
204	Spectrogram 1	1	6914.248260498	6915.223236084	115	195
205	Spectrogram 1	1	6952.968719482	6953.734771729	75	125
206	Spectrogram 1	1	6968.359405518	6968.986175537	125	155
207	Spectrogram 1	1	6976.159210205	6977.064544678	135	195
208	Spectrogram 1	1	6980.407318115	6981.382293701	55	125
209	Spectrogram 1	1	7004.572784424	7005.826324463	135	185
210	Spectrogram 1	1	7009.37802124	7010.2137146	55	175
211	Spectrogram 1	1	7033.613128662	7033.961334229	75	105
212	Spectrogram 1	1	7044.686065674	7045.730682373	125	215
213	Spectrogram 1	1	7076.86026001	7077.695953369	65	135
214	Spectrogram 1	1	7083.476165771	7084.172576904	75	155
215	Spectrogram 1	1	7136.055206299	7136.403411865	215	245
216	Spectrogram 1	1	7138.353363037	7139.189056396	125	175
217	Spectrogram 1	1	7140.651519775	7141.139007568	175	225
218	Spectrogram 1	1	7188.146759033	7188.843170166	75	125
219	Spectrogram 1	1	7197.339385986	7198.035797119	95	125
220	Spectrogram 1	1	7240.029388428	7240.377593994	185	205
221	Spectrogram 1	1	7249.8487854	7250.614837646	205	235
222	Spectrogram 1	1	7283.067596436	7283.903289795	65	145
223	Spectrogram 1	1	7287.872833252	7288.569244385	85	145
224	Spectrogram 1	1	7424.50869751	7424.926544189	105	135
225	Spectrogram 1	1	7567.412261963	7568.317596436	125	165
226	Spectrogram 1	1	7655.090423584	7655.926116943	85	145
227	Spectrogram 1	1	7691.93057251	7692.975189209	75	95
228	Spectrogram 1	1	7759.621734619	7760.109222412	55	125
229	Spectrogram 1	1	7773.828521729	7774.385650635	115	145
230	Spectrogram 1	1	7775.360626221	7776.126678467	165	195
231	Spectrogram 1	1	7781.001556396	7781.628326416	155	205
232	Spectrogram 1	1	7794.860137939	7795.835113525	125	185
233	Spectrogram 1	1	7815.056060791	7815.543548584	165	215
234	Spectrogram 1	1	7824.457611084	7824.945098877	215	235
235	Spectrogram 1	1	7825.43258667	7825.989715576	145	175
236	Spectrogram 1	1	7856.701446533	7857.0496521	135	155
237	Spectrogram 1	1	7923.69619751	7924.392608643	135	175
238	Spectrogram 1	1	7985.050018311	7985.537506104	165	195
239	Spectrogram 1	1	7999.953216553	8000.440704346	75	165
240	Spectrogram 1	1	8069.872894287	8070.499664307	145	175
241	Spectrogram 1	1	8122.800140381	8123.287628174	205	245
242	Spectrogram 1	1	8145.781707764	8146.478118896	175	225
243	Spectrogram 1	1	8222.31729126	8223.013702393	155	225
244	Spectrogram 1	1	8243.906036377	8244.60244751	135	215
245	Spectrogram 1	1	8254.421844482	8255.327178955	85	135
246	Spectrogram 1	1	8259.505645752	8260.202056885	115	135
247	Spectrogram 1	1	8308.045501709	8309.299041748	95	175
248	Spectrogram 1	1	8322.113006592	8322.948699951	55	105
249	Spectrogram 1	1	8324.062957764	8324.62008667	205	235
250	Spectrogram 1	1	8362.295928955	8362.853057861	165	205
251	Spectrogram 1	1	8366.404754639	8367.101165771	205	245
252	Spectrogram 1	1	8370.583221436	8371.209991455	95	145
253	Spectrogram 1	1	8404.498443604	8405.125213623	165	245
254	Spectrogram 1	1	8416.964202881	8417.660614014	135	185
255	Spectrogram 1	1	8465.295135498	8465.991546631	85	155
256	Spectrogram 1	1	8550.675140381	8551.441192627	165	225
257	Spectrogram 1	1	8569.33895874	8570.1746521	165	185
258	Spectrogram 1	1	8630.623138428	8631.389190674	105	155
259	Spectrogram 1	1	8634.453399658	8635.776580811	125	195
260	Spectrogram 1	1	8698.244659424	8698.941070557	85	135
261	Spectrogram 1	1	8727.006439209	8727.633209229	165	215
262	Spectrogram 1	1	8730.279571533	8730.906341553	195	235
263	Spectrogram 1	1	8756.74319458	8757.509246826	145	225
264	Spectrogram 1	1	8830.075286865	8831.189544678	95	165
265	Spectrogram 1	1	8890.0362854	8890.523773193	95	135
266	Spectrogram 1	1	8892.613006592	8893.796905518	145	245
267	Spectrogram 1	1	8898.532501221	8898.9503479	165	235
268	Spectrogram 1	1	8971.377105713	8971.934234619	135	185
269	Spectrogram 1	1	9040.739654541	9041.714630127	175	245
270	Spectrogram 1	1	9051.603668213	9052.091156006	85	125
271	Spectrogram 1	1	9055.78213501	9056.339263916	165	215
272	Spectrogram 1	1	9074.097747803	9074.863800049	75	155
273	Spectrogram 1	1	9078.833343506	9079.599395752	135	195
274	Spectrogram 1	1	9105.993377686	9107.037994385	115	205
275	Spectrogram 1	1	9124.866119385	9125.632171631	185	235
276	Spectrogram 1	1	9153.697540283	9154.324310303	175	245
277	Spectrogram 1	1	9232.531280518	9233.018768311	125	155
278	Spectrogram 1	1	9283.160369873	9283.508575439	95	125
279	Spectrogram 1	1	9288.801300049	9289.567352295	95	145
280	Spectrogram 1	1	9312.270355225	9313.036407471	75	185
281	Spectrogram 1	1	9362.760162354	9363.247650146	195	245
282	Spectrogram 1	1	9402.873443604	9403.500213623	175	225
283	Spectrogram 1	1	9446.259857178	9447.16519165	55	165
284	Spectrogram 1	1	9484.980316162	9485.676727295	45	95
285	Spectrogram 1	1	9506.360137939	9507.195831299	45	85
286	Spectrogram 1	1	9510.260040283	9510.538604736	215	235
287	Spectrogram 1	1	9520.218719482	9521.124053955	45	95
288	Spectrogram 1	1	9550.442962646	9551.069732666	215	235
289	Spectrogram 1	1	9590.556243896	9591.252655029	125	165
290	Spectrogram 1	1	9650.656524658	9651.910064697	145	225
291	Spectrogram 1	1	9680.741485596	9681.368255615	75	105
292	Spectrogram 1	1	9728.933135986	9729.629547119	165	225
293	Spectrogram 1	1	9759.505584717	9759.99307251	115	165
294	Spectrogram 1	1	9798.574249268	9799.340301514	175	205
295	Spectrogram 1	1	9802.056304932	9802.474151611	155	175
296	Spectrogram 1	1	9832.559112549	9833.116241455	125	145
297	Spectrogram 1	1	9885.207794189	9886.113128662	105	155
298	Spectrogram 1	1	9905.682281494	9906.44833374	185	235
299	Spectrogram 1	1	9926.296051025	9927.131744385	125	195
300	Spectrogram 1	1	10001.856658936	10002.344146729	145	165
301	Spectrogram 1	1	10003.736968994	10004.2940979	85	155
302	Spectrogram 1	1	10031.732696533	10032.707672119	145	185
303	Spectrogram 1	1	10034.170135498	10034.796905518	125	165
304	Spectrogram 1	1	10139.119293213	10139.537139893	135	165
305	Spectrogram 1	1	10142.46206665	10143.08883667	145	175
306	Spectrogram 1	1	10197.687469482	10198.035675049	165	185
307	Spectrogram 1	1	10228.538482666	10229.304534912	55	115
308	Spectrogram 1	1	10241.631011963	10242.675628662	145	215
309	Spectrogram 1	1	10264.264373779	10265.100067139	145	215
310	Spectrogram 1	1	10342.262420654	10342.889190674	195	245
311	Spectrogram 1	1	10345.953399658	10346.301605225	135	195
312	Spectrogram 1	1	10409.117889404	10409.744659424	65	125
313	Spectrogram 1	1	10421.165802002	10421.653289795	115	175
314	Spectrogram 1	1	10435.929718018	10436.974334717	135	225
315	Spectrogram 1	1	10463.925445557	10464.691497803	85	145
316	Spectrogram 1	1	10490.11050415	10490.667633057	45	75
317	Spectrogram 1	1	10491.781890869	10492.408660889	205	235
318	Spectrogram 1	1	10524.095367432	10524.652496338	195	235
319	Spectrogram 1	1	10595.198944092	10595.825714111	145	165
320	Spectrogram 1	1	10673.823760986	10674.520172119	75	115
321	Spectrogram 1	1	10683.782440186	10684.339569092	205	235
322	Spectrogram 1	1	10719.229766846	10719.856536865	115	145
323	Spectrogram 1	1	10796.740325928	10797.506378174	175	235
324	Spectrogram 1	1	10861.854766846	10862.272613525	165	215
325	Spectrogram 1	1	10878.847198486	10879.891815186	125	165
326	Spectrogram 1	1	10985.04989624	10985.67666626	115	185
327	Spectrogram 1	1	11002.599456787	11003.365509033	165	215
328	Spectrogram 1	1	11033.102264404	11033.659393311	105	135
329	Spectrogram 1	1	11037.420013428	11038.255706787	175	205
330	Spectrogram 1	1	11066.042510986	11066.738922119	195	215
331	Spectrogram 1	1	11077.742218018	11078.160064697	115	155
332	Spectrogram 1	1	11163.818634033	11165.002532959	145	215
333	Spectrogram 1	1	11173.568389893	11174.613006592	185	235
334	Spectrogram 1	1	11297.738494873	11298.504547119	145	215
335	Spectrogram 1	1	11323.087860107	11324.132476807	95	165
336	Spectrogram 1	1	11412.089202881	11412.7159729	105	125
337	Spectrogram 1	1	11419.401519775	11420.376495361	125	165
338	Spectrogram 1	1	11425.738861084	11426.365631104	155	185
339	Spectrogram 1	1	11454.222076416	11455.266693115	55	85
340	Spectrogram 1	1	11585.774139404	11586.470550537	65	115
341	Spectrogram 1	1	11610.844940186	11611.471710205	205	235
342	Spectrogram 1	1	11647.963653564	11649.008270264	135	215
343	Spectrogram 1	1	11706.740753174	11707.437164307	185	245
344	Spectrogram 1	1	11764.612518311	11765.100006104	95	125
345	Spectrogram 1	1	11818.793304443	11819.907562256	95	165
346	Spectrogram 1	1	11908.003570557	11909.187469482	85	145
347	Spectrogram 1	1	12024.443511963	12025.000640869	165	195
348	Spectrogram 1	1	12060.587249756	12061.562225342	125	175
349	Spectrogram 1	1	12082.942047119	12085.031280518	145	245
350	Spectrogram 1	1	12197.432037354	12198.128448486	165	225
351	Spectrogram 1	1	12270.694488525	12271.112335205	85	115
352	Spectrogram 1	1	12288.244049072	12288.522613525	155	205
353	Spectrogram 1	1	12350.503204346	12351.199615479	65	115
354	Spectrogram 1	1	12451.900665283	12452.457794189	215	235
355	Spectrogram 1	1	12572.101226807	12572.519073486	85	135
356	Spectrogram 1	1	12608.453887939	12609.289581299	55	105
357	Spectrogram 1	1	12633.106842041	12633.9425354	85	135
358	Spectrogram 1	1	12666.325653076	12666.952423096	165	195
359	Spectrogram 1	1	12674.334381104	12674.89151001	175	205
360	Spectrogram 1	1	12679.487823486	12679.975311279	115	175
361	Spectrogram 1	1	12687.217987061	12687.63583374	185	205
362	Spectrogram 1	1	12795.927764893	12796.484893799	85	105
363	Spectrogram 1	1	12828.101959229	12828.659088135	175	215
364	Spectrogram 1	1	12861.66897583	12862.574310303	205	235
365	Spectrogram 1	1	12934.513580322	12935.349273682	75	115
366	Spectrogram 1	1	13044.128692627	13044.82510376	75	105
367	Spectrogram 1	1	13115.441192627	13116.067962646	155	195
368	Spectrogram 1	1	13116.276885986	13116.694732666	165	215
369	Spectrogram 1	1	13123.589202881	13124.285614014	75	165
370	Spectrogram 1	1	13224.847381592	13225.683074951	185	235
371	Spectrogram 1	1	13229.582977295	13230.140106201	155	215
372	Spectrogram 1	1	13236.407806396	13236.964935303	185	215
373	Spectrogram 1	1	13241.213043213	13241.979095459	125	205
374	Spectrogram 1	1	13260.642913818	13261.200042725	205	245
375	Spectrogram 1	1	13348.669281006	13349.087127686	75	115
376	Spectrogram 1	1	13359.951141357	13360.64755249	165	245
377	Spectrogram 1	1	13453.757720947	13454.175567627	115	145
378	Spectrogram 1	1	13489.065765381	13489.831817627	185	225
379	Spectrogram 1	1	13511.699127197	13512.047332764	155	185
380	Spectrogram 1	1	13611.843048096	13612.330535889	215	235
381	Spectrogram 1	1	13623.61239624	13624.169525146	55	105
382	Spectrogram 1	1	13654.881256104	13655.159820557	105	125
383	Spectrogram 1	1	13677.027130127	13677.375335693	125	165
384	Spectrogram 1	1	13685.523345947	13686.21975708	195	235
385	Spectrogram 1	1	13697.362335205	13698.128387451	125	155
386	Spectrogram 1	1	13840.683746338	13841.519439697	95	155
387	Spectrogram 1	1	13874.0418396	13875.086456299	105	165
388	Spectrogram 1	1	13879.055999756	13879.752410889	185	215
389	Spectrogram 1	1	13908.444549561	13909.349884033	95	145
390	Spectrogram 1	1	14034.216400146	14034.843170166	45	95
391	Spectrogram 1	1	14037.350250244	14037.90737915	125	215
392	Spectrogram 1	1	14045.289337158	14045.846466064	125	195
393	Spectrogram 1	1	14063.326385498	14064.022796631	85	155
394	Spectrogram 1	1	14104.902130127	14105.59854126	95	145
395	Spectrogram 1	1	14111.518035889	14111.866241455	135	195
396	Spectrogram 1	1	14113.398345947	14113.816192627	115	135
397	Spectrogram 1	1	14129.415802002	14129.903289795	165	205
398	Spectrogram 1	1	14182.551971436	14183.318023682	125	205
399	Spectrogram 1	1	14191.048187256	14191.466033936	65	85
400	Spectrogram 1	1	14198.290863037	14199.335479736	145	215
401	Spectrogram 1	1	14225.172332764	14226.077667236	105	135
402	Spectrogram 1	1	14329.216156006	14329.634002686	205	245
403	Spectrogram 1	1	14334.021392822	14335.274932861	95	145
404	Spectrogram 1	1	14375.248931885	14375.736419678	165	205
405	Spectrogram 1	1	14393.285980225	14393.703826904	185	225
406	Spectrogram 1	1	14453.177337646	14454.013031006	105	195
407	Spectrogram 1	1	14456.520111084	14457.49508667	155	215
408	Spectrogram 1	1	14559.519317627	14560.633575439	105	195
409	Spectrogram 1	1	14627.210479736	14627.767608643	115	145
410	Spectrogram 1	1	14711.894073486	14712.520843506	185	235
411	Spectrogram 1	1	14742.814727783	14743.371856689	185	215
412	Spectrogram 1	1	14791.215301514	14791.702789307	115	165
413	Spectrogram 1	1	14880.634490967	14880.91305542	145	165
414	Spectrogram 1	1	14952.991607666	14953.479095459	115	145
415	Spectrogram 1	1	14978.3409729	14979.246307373	135	235
416	Spectrogram 1	1	15002.993927002	15003.690338135	175	235
417	Spectrogram 1	1	15013.231170654	15013.857940674	155	215
418	Spectrogram 1	1	15038.928741455	15039.625152588	85	125
419	Spectrogram 1	1	15058.915740967	15059.751434326	135	215
420	Spectrogram 1	1	15109.405548096	15110.171600342	205	245
421	Spectrogram 1	1	15118.249969482	15119.085662842	75	145
422	Spectrogram 1	1	15134.824554443	15135.38168335	85	135
423	Spectrogram 1	1	15226.054412842	15226.890106201	195	235
424	Spectrogram 1	1	15263.521331787	15264.774871826	135	175
425	Spectrogram 1	1	15309.066619873	15309.902313232	145	185
426	Spectrogram 1	1	15355.308319092	15356.004730225	75	155
427	Spectrogram 1	1	15424.25302124	15425.715484619	75	165
428	Spectrogram 1	1	15487.835357666	15488.671051025	115	185
429	Spectrogram 1	1	15509.77230835	15510.259796143	145	195
430	Spectrogram 1	1	15554.272979736	15554.899749756	155	185
431	Spectrogram 1	1	15556.571136475	15557.197906494	185	215
432	Spectrogram 1	1	15628.301483154	15629.206817627	155	215
433	Spectrogram 1	1	15705.67276001	15706.229888916	135	195
434	Spectrogram 1	1	15716.327850342	15716.954620361	155	175
435	Spectrogram 1	1	15830.26071167	15831.026763916	115	185
436	Spectrogram 1	1	15890.082427979	15890.848480225	165	215
437	Spectrogram 1	1	16025.464752197	16026.021881104	105	155
438	Spectrogram 1	1	16097.89151001	16098.239715576	55	105
439	Spectrogram 1	1	16147.197418213	16148.033111572	45	85
440	Spectrogram 1	1	16168.089752197	16169.064727783	95	175
441	Spectrogram 1	1	16236.198760986	16237.173736572	135	225
442	Spectrogram 1	1	16289.7527771	16290.588470459	85	135
443	Spectrogram 1	1	16298.388275146	16298.945404053	135	185
444	Spectrogram 1	1	16375.132781982	16376.107757568	65	135
445	Spectrogram 1	1	16380.704071045	16381.330841064	205	245
446	Spectrogram 1	1	16382.375457764	16383.071868896	95	145
447	Spectrogram 1	1	16419.285247803	16420.120941162	95	155
448	Spectrogram 1	1	16430.776031494	16431.472442627	145	165
449	Spectrogram 1	1	16450.902313232	16452.504058838	85	145
450	Spectrogram 1	1	16492.199493408	16493.035186768	45	135
451	Spectrogram 1	1	16607.803741455	16608.569793701	45	125
452	Spectrogram 1	1	16638.724395752	16639.420806885	65	135
453	Spectrogram 1	1	16658.014984131	16659.05960083	75	125
454	Spectrogram 1	1	16659.47744751	16660.522064209	45	115
455	Spectrogram 1	1	16668.321868896	16668.948638916	65	115
456	Spectrogram 1	1	16689.144561768	16689.980255127	55	105
457	Spectrogram 1	1	16719.090240479	16720.204498291	115	175
458	Spectrogram 1	1	16723.338348389	16724.174041748	165	225
459	Spectrogram 1	1	16733.645233154	16734.272003174	85	115
460	Spectrogram 1	1	16775.56918335	16776.056671143	85	135
461	Spectrogram 1	1	16794.790130615	16795.486541748	195	235
462	Spectrogram 1	1	16801.127471924	16801.68460083	145	185
463	Spectrogram 1	1	16818.328826904	16819.30380249	75	125
464	Spectrogram 1	1	16838.524749756	16839.290802002	65	125
465	Spectrogram 1	1	16864.988372803	16865.475860596	175	245
466	Spectrogram 1	1	16898.416107178	16898.764312744	155	195
467	Spectrogram 1	1	16920.213775635	16920.910186768	55	125
468	Spectrogram 1	1	16971.608917236	16972.026763916	215	245
469	Spectrogram 1	1	16974.115997314	16974.742767334	225	245
470	Spectrogram 1	1	16996.819000244	16998.00289917	75	125
471	Spectrogram 1	1	17016.945281982	17018.059539795	125	225
472	Spectrogram 1	1	17021.680877686	17022.516571045	135	175
473	Spectrogram 1	1	17054.690765381	17055.3175354	105	125
474	Spectrogram 1	1	17063.117340088	17064.161956787	135	205
475	Spectrogram 1	1	17068.270782471	17068.68862915	155	185
476	Spectrogram 1	1	17070.220733643	17070.777862549	55	135
477	Spectrogram 1	1	17095.291534424	17096.196868896	195	225
478	Spectrogram 1	1	17108.941192627	17109.63760376	125	195
479	Spectrogram 1	1	17117.7159729	17118.273101807	125	145
480	Spectrogram 1	1	17152.536529541	17153.232940674	55	115
481	Spectrogram 1	1	17176.423431396	17177.398406982	45	95
482	Spectrogram 1	1	17218.417022705	17218.904510498	115	145
483	Spectrogram 1	1	17221.202667236	17221.829437256	145	175
484	Spectrogram 1	1	17244.532440186	17245.019927979	105	145
485	Spectrogram 1	1	17272.528167725	17273.154937744	185	245
486	Spectrogram 1	1	17273.085296631	17273.92098999	145	235
487	Spectrogram 1	1	17278.1690979	17279.074432373	105	185
488	Spectrogram 1	1	17287.361724854	17288.336700439	85	135
489	Spectrogram 1	1	17288.336700439	17289.102752686	105	165
490	Spectrogram 1	1	17294.882965088	17295.649017334	85	145
491	Spectrogram 1	1	17309.507598877	17309.99508667	135	185
492	Spectrogram 1	1	17320.093048096	17320.510894775	185	215
493	Spectrogram 1	1	17340.637176514	17341.333587646	95	125
494	Spectrogram 1	1	17357.838531494	17358.534942627	205	235
495	Spectrogram 1	1	17363.47946167	17364.106231689	105	125
496	Spectrogram 1	1	17381.655792236	17382.630767822	215	245
497	Spectrogram 1	1	17392.241241455	17392.728729248	105	135
498	Spectrogram 1	1	17416.476348877	17416.75491333	95	115
499	Spectrogram 1	1	17431.100982666	17431.727752686	135	215
500	Spectrogram 1	1	17442.104278564	17442.870330811	195	235
501	Spectrogram 1	1	17465.294769287	17466.269744873	185	245
502	Spectrogram 1	1	17519.26663208	17519.823760986	115	185
503	Spectrogram 1	1	17625.608612061	17626.23538208	135	185
504	Spectrogram 1	1	17629.996002197	17630.48348999	155	205
505	Spectrogram 1	1	17654.161468506	17654.857879639	75	145
506	Spectrogram 1	1	17688.912384033	17689.817718506	55	105
507	Spectrogram 1	1	17726.031097412	17727.284637451	205	235
508	Spectrogram 1	1	17801.591705322	17802.148834229	55	115
509	Spectrogram 1	1	17803.680938721	17804.30770874	45	105
510	Spectrogram 1	1	17900.830291748	17902.083831787	75	195
511	Spectrogram 1	1	17934.39730835	17935.024078369	115	175
512	Spectrogram 1	1	17960.582366943	17961.557342529	105	165
513	Spectrogram 1	1	17989.692352295	17990.179840088	65	115
514	Spectrogram 1	1	17992.686920166	17993.452972412	85	135
515	Spectrogram 1	1	18082.802520752	18083.498931885	45	125
516	Spectrogram 1	1	18186.149932861	18186.846343994	125	175
517	Spectrogram 1	1	18198.337127686	18198.963897705	125	175
518	Spectrogram 1	1	18214.076019287	18215.050994873	155	215
519	Spectrogram 1	1	18315.125274658	18315.821685791	65	135
520	Spectrogram 1	1	18316.86630249	18317.841278076	155	245
521	Spectrogram 1	1	18332.883758545	18333.789093018	65	145
522	Spectrogram 1	1	18336.574737549	18337.271148682	175	215
523	Spectrogram 1	1	18374.389862061	18375.155914307	135	175
524	Spectrogram 1	1	18391.173370361	18392.148345947	145	235
525	Spectrogram 1	1	18592.575469971	18593.341522217	155	215
526	Spectrogram 1	1	18642.090301514	18642.64743042	145	235
527	Spectrogram 1	1	18657.550628662	18658.107757568	165	225
528	Spectrogram 1	1	18688.053436279	18688.610565186	145	185
529	Spectrogram 1	1	18710.895721436	18711.383209229	175	225
530	Spectrogram 1	1	18741.886016846	18742.512786865	145	175
531	Spectrogram 1	1	18765.772918701	18766.190765381	45	75
532	Spectrogram 1	1	18861.390167236	18862.016937256	95	125
533	Spectrogram 1	1	18901.36416626	18901.990936279	45	105
534	Spectrogram 1	1	18903.592681885	18904.637298584	75	125
535	Spectrogram 1	1	18917.590545654	18918.286956787	185	215
536	Spectrogram 1	1	18933.468719482	18934.095489502	195	245
537	Spectrogram 1	1	18937.02041626	18937.647186279	95	145
538	Spectrogram 1	1	18959.027008057	18959.51449585	115	145
539	Spectrogram 1	1	18963.066192627	18963.623321533	135	185
540	Spectrogram 1	1	18966.130401611	18967.38394165	55	125
541	Spectrogram 1	1	18979.222930908	18980.058624268	165	235
542	Spectrogram 1	1	19056.663848877	19057.917388916	105	175
543	Spectrogram 1	1	19069.965301514	19071.218841553	85	245
544	Spectrogram 1	1	19090.787994385	19091.484405518	65	125
545	Spectrogram 1	1	19127.83706665	19128.812042236	85	145
546	Spectrogram 1	1	19147.058013916	19147.824066162	55	105
547	Spectrogram 1	1	19202.004852295	19202.701263428	145	185
548	Spectrogram 1	1	19207.506500244	19208.202911377	115	185
549	Spectrogram 1	1	19213.14743042	19213.913482666	75	135
550	Spectrogram 1	1	19223.384674072	19224.011444092	175	245
551	Spectrogram 1	1	19354.170684814	19355.1456604	125	215
552	Spectrogram 1	1	19380.634307861	19381.470001221	135	195
553	Spectrogram 1	1	19398.810638428	19399.158843994	135	185
