Selection	View	Channel	Begin Time (s)	End Time (s)	Low Freq (Hz)	High Freq (Hz)
1438	Waveform 1	1	15152.73584	15153.70264	110	200
1438	Spectrogram 1	1	15152.73584	15153.70264	110	200
4	Waveform 1	1	83.59521484	85.46435547	70	220
4	Spectrogram 1	1	83.59521484	85.46435547	70	220
11	Waveform 1	1	219.0112305	219.7202148	80	160
11	Spectrogram 1	1	219.0112305	219.7202148	80	160
17	Waveform 1	1	255.2983398	256.3295898	60	190
17	Spectrogram 1	1	255.2983398	256.3295898	60	190
32	Waveform 1	1	455.6186523	457.7456055	60	240
32	Spectrogram 1	1	455.6186523	457.7456055	60	240
35	Waveform 1	1	493.6459961	494.8706055	60	190
35	Spectrogram 1	1	493.6459961	494.8706055	60	190
37	Waveform 1	1	532.8979492	534.3803711	70	170
37	Spectrogram 1	1	532.8979492	534.3803711	70	170
39	Waveform 1	1	562.4174805	563.5776367	60	120
39	Spectrogram 1	1	562.4174805	563.5776367	60	120
44	Waveform 1	1	608.7592773	610.0483398	60	230
44	Spectrogram 1	1	608.7592773	610.0483398	60	230
45	Waveform 1	1	624.2280273	625.5170898	60	180
45	Spectrogram 1	1	624.2280273	625.5170898	60	180
49	Waveform 1	1	653.2319336	653.940918	60	220
49	Spectrogram 1	1	653.2319336	653.940918	60	220
53	Waveform 1	1	670.7631836	671.7299805	80	190
53	Spectrogram 1	1	670.7631836	671.7299805	80	190
55	Waveform 1	1	693.7084961	695.3842773	80	240
55	Spectrogram 1	1	693.7084961	695.3842773	80	240
56	Waveform 1	1	706.7280273	707.6948242	70	170
56	Spectrogram 1	1	706.7280273	707.6948242	70	170
60	Waveform 1	1	732.8959961	733.6694336	60	170
60	Spectrogram 1	1	732.8959961	733.6694336	60	170
63	Waveform 1	1	741.9838867	743.144043	60	180
63	Spectrogram 1	1	741.9838867	743.144043	60	180
65	Waveform 1	1	747.5268555	748.1713867	60	160
65	Spectrogram 1	1	747.5268555	748.1713867	60	160
69	Waveform 1	1	806.9526367	808.2416992	80	190
69	Spectrogram 1	1	806.9526367	808.2416992	80	190
70	Waveform 1	1	833.1850586	834.925293	70	140
70	Spectrogram 1	1	833.1850586	834.925293	70	140
73	Waveform 1	1	863.4135742	864.6381836	60	240
73	Spectrogram 1	1	863.4135742	864.6381836	60	240
77	Waveform 1	1	898.9916992	900.0874023	70	150
77	Spectrogram 1	1	898.9916992	900.0874023	70	150
79	Waveform 1	1	916.7807617	918.0053711	80	190
79	Spectrogram 1	1	916.7807617	918.0053711	80	190
81	Waveform 1	1	926.9643555	927.9311523	70	140
81	Spectrogram 1	1	926.9643555	927.9311523	70	140
84	Waveform 1	1	948.5561523	949.6518555	60	140
84	Spectrogram 1	1	948.5561523	949.6518555	60	140
86	Waveform 1	1	972.081543	972.9838867	70	180
86	Spectrogram 1	1	972.081543	972.9838867	70	180
95	Waveform 1	1	1082.747559	1084.036621	60	230
95	Spectrogram 1	1	1082.747559	1084.036621	60	230
96	Waveform 1	1	1094.929199	1096.347168	60	170
96	Spectrogram 1	1	1094.929199	1096.347168	60	170
101	Waveform 1	1	1164.925293	1166.72998	60	200
101	Spectrogram 1	1	1164.925293	1166.72998	60	200
102	Waveform 1	1	1175.044434	1176.655762	60	200
102	Spectrogram 1	1	1175.044434	1176.655762	60	200
106	Waveform 1	1	1216.165527	1217.45459	70	190
106	Spectrogram 1	1	1216.165527	1217.45459	70	190
107	Waveform 1	1	1220.806152	1222.353027	80	200
107	Spectrogram 1	1	1220.806152	1222.353027	80	200
108	Waveform 1	1	1245.233887	1246.587402	70	200
108	Spectrogram 1	1	1245.233887	1246.587402	70	200
110	Waveform 1	1	1252.774902	1253.935059	60	180
110	Spectrogram 1	1	1252.774902	1253.935059	60	180
113	Waveform 1	1	1273.722168	1275.269043	80	220
113	Spectrogram 1	1	1273.722168	1275.269043	80	220
114	Waveform 1	1	1280.038574	1281.585449	80	200
114	Spectrogram 1	1	1280.038574	1281.585449	80	200
116	Waveform 1	1	1293.638184	1294.79834	60	230
116	Spectrogram 1	1	1293.638184	1294.79834	60	230
118	Waveform 1	1	1309.04248	1310.138184	60	190
118	Spectrogram 1	1	1309.04248	1310.138184	60	190
121	Waveform 1	1	1344.233887	1345.780762	90	150
121	Spectrogram 1	1	1344.233887	1345.780762	90	150
130	Waveform 1	1	1515.034668	1516.259277	60	180
130	Spectrogram 1	1	1515.034668	1516.259277	60	180
134	Waveform 1	1	1570.851074	1572.333496	60	180
134	Spectrogram 1	1	1570.851074	1572.333496	60	180
135	Waveform 1	1	1605.01123	1606.364746	60	200
135	Spectrogram 1	1	1605.01123	1606.364746	60	200
137	Waveform 1	1	1625.120605	1626.151855	60	210
137	Spectrogram 1	1	1625.120605	1626.151855	60	210
139	Waveform 1	1	1642.716309	1643.812012	70	190
139	Spectrogram 1	1	1642.716309	1643.812012	70	190
140	Waveform 1	1	1652.384277	1653.351074	60	130
140	Spectrogram 1	1	1652.384277	1653.351074	60	130
145	Waveform 1	1	1715.870605	1717.804199	60	190
145	Spectrogram 1	1	1715.870605	1717.804199	60	190
149	Waveform 1	1	1755.960449	1756.991699	60	250
149	Spectrogram 1	1	1755.960449	1756.991699	60	250
151	Waveform 1	1	1764.210449	1765.04834	60	210
151	Spectrogram 1	1	1764.210449	1765.04834	60	210
153	Waveform 1	1	1793.149902	1794.632324	60	180
153	Spectrogram 1	1	1793.149902	1794.632324	60	180
154	Waveform 1	1	1829.501465	1831.177246	60	200
154	Spectrogram 1	1	1829.501465	1831.177246	60	200
156	Waveform 1	1	1849.095215	1849.868652	70	190
156	Spectrogram 1	1	1849.095215	1849.868652	70	190
158	Waveform 1	1	1877.647949	1878.937012	90	180
158	Spectrogram 1	1	1877.647949	1878.937012	90	180
160	Waveform 1	1	1889.958496	1892.085449	100	190
160	Spectrogram 1	1	1889.958496	1892.085449	100	190
163	Waveform 1	1	1914.128418	1915.868652	100	190
163	Spectrogram 1	1	1914.128418	1915.868652	100	190
167	Waveform 1	1	1936.171387	1937.138184	70	180
167	Spectrogram 1	1	1936.171387	1937.138184	70	180
170	Waveform 1	1	1973.296387	1974.327637	60	160
170	Spectrogram 1	1	1973.296387	1974.327637	60	160
172	Waveform 1	1	1980.901855	1981.933105	60	170
172	Spectrogram 1	1	1980.901855	1981.933105	60	170
176	Waveform 1	1	2002.04248	2003.138184	70	160
176	Spectrogram 1	1	2002.04248	2003.138184	70	160
191	Waveform 1	1	2193.532715	2194.950684	70	170
191	Spectrogram 1	1	2193.532715	2194.950684	70	170
195	Waveform 1	1	2255.472168	2256.890137	70	160
195	Spectrogram 1	1	2255.472168	2256.890137	70	160
200	Waveform 1	1	2299.300293	2300.782715	70	170
200	Spectrogram 1	1	2299.300293	2300.782715	70	170
205	Waveform 1	1	2354.407715	2355.374512	80	150
205	Spectrogram 1	1	2354.407715	2355.374512	80	150
207	Waveform 1	1	2367.169434	2369.038574	70	170
207	Spectrogram 1	1	2367.169434	2369.038574	70	170
209	Waveform 1	1	2396.431152	2397.462402	60	160
209	Spectrogram 1	1	2396.431152	2397.462402	60	160
212	Waveform 1	1	2409.192871	2410.61084	60	180
212	Spectrogram 1	1	2409.192871	2410.61084	60	180
213	Waveform 1	1	2430.978027	2431.880371	60	170
213	Spectrogram 1	1	2430.978027	2431.880371	60	170
229	Waveform 1	1	2613.251465	2614.927246	80	200
229	Spectrogram 1	1	2613.251465	2614.927246	80	200
231	Waveform 1	1	2635.681152	2637.550293	90	180
231	Spectrogram 1	1	2635.681152	2637.550293	90	180
233	Waveform 1	1	2675.062012	2675.899902	100	170
233	Spectrogram 1	1	2675.062012	2675.899902	100	170
235	Waveform 1	1	2687.565918	2688.468262	60	170
235	Spectrogram 1	1	2687.565918	2688.468262	60	170
237	Waveform 1	1	2714.442871	2715.216309	60	170
237	Spectrogram 1	1	2714.442871	2715.216309	60	170
238	Waveform 1	1	2740.675293	2741.319824	100	160
238	Spectrogram 1	1	2740.675293	2741.319824	100	160
239	Waveform 1	1	2745.76709	2747.249512	90	160
239	Spectrogram 1	1	2745.76709	2747.249512	90	160
241	Waveform 1	1	2773.739746	2775.351074	70	130
241	Spectrogram 1	1	2773.739746	2775.351074	70	130
242	Waveform 1	1	2795.138184	2796.040527	70	140
242	Spectrogram 1	1	2795.138184	2796.040527	70	140
244	Waveform 1	1	2803.968262	2804.870605	60	160
244	Spectrogram 1	1	2803.968262	2804.870605	60	160
251	Waveform 1	1	2864.554199	2865.714355	100	170
251	Spectrogram 1	1	2864.554199	2865.714355	100	170
252	Waveform 1	1	2884.728027	2885.952637	80	180
252	Spectrogram 1	1	2884.728027	2885.952637	80	180
255	Waveform 1	1	2917.083496	2917.534668	110	150
255	Spectrogram 1	1	2917.083496	2917.534668	110	150
257	Waveform 1	1	2942.091309	2943.509277	70	180
257	Spectrogram 1	1	2942.091309	2943.509277	70	180
258	Waveform 1	1	2946.603027	2946.925293	80	130
258	Spectrogram 1	1	2946.603027	2946.925293	80	130
259	Waveform 1	1	2950.470215	2950.98584	60	150
259	Spectrogram 1	1	2950.470215	2950.98584	60	150
271	Waveform 1	1	3142.862793	3143.894043	60	170
271	Spectrogram 1	1	3142.862793	3143.894043	60	170
272	Waveform 1	1	3156.462402	3156.784668	180	230
272	Spectrogram 1	1	3156.462402	3156.784668	180	230
277	Waveform 1	1	3181.728027	3183.339355	60	170
277	Spectrogram 1	1	3181.728027	3183.339355	60	170
279	Waveform 1	1	3209.958496	3210.731934	90	140
279	Spectrogram 1	1	3209.958496	3210.731934	90	140
281	Waveform 1	1	3227.683105	3228.134277	110	150
281	Spectrogram 1	1	3227.683105	3228.134277	110	150
284	Waveform 1	1	3249.081543	3250.628418	80	180
284	Spectrogram 1	1	3249.081543	3250.628418	80	180
285	Waveform 1	1	3269.706543	3270.608887	100	180
285	Spectrogram 1	1	3269.706543	3270.608887	100	180
286	Waveform 1	1	3282.145996	3283.757324	70	140
286	Spectrogram 1	1	3282.145996	3283.757324	70	140
291	Waveform 1	1	3320.624512	3322.558105	70	210
291	Spectrogram 1	1	3320.624512	3322.558105	70	210
293	Waveform 1	1	3355.944824	3357.040527	60	140
293	Spectrogram 1	1	3355.944824	3357.040527	60	140
298	Waveform 1	1	3410.794434	3411.890137	60	150
298	Spectrogram 1	1	3410.794434	3411.890137	60	150
301	Waveform 1	1	3448.435059	3449.208496	60	130
301	Spectrogram 1	1	3448.435059	3449.208496	60	130
302	Waveform 1	1	3467.319824	3467.835449	60	120
302	Spectrogram 1	1	3467.319824	3467.835449	60	120
305	Waveform 1	1	3481.177246	3482.07959	60	120
305	Spectrogram 1	1	3481.177246	3482.07959	60	120
323	Waveform 1	1	3697.61084	3699.157715	60	200
323	Spectrogram 1	1	3697.61084	3699.157715	60	200
328	Waveform 1	1	3732.995605	3734.349121	60	160
328	Spectrogram 1	1	3732.995605	3734.349121	60	160
331	Waveform 1	1	3761.032715	3761.870605	70	160
331	Spectrogram 1	1	3761.032715	3761.870605	70	160
333	Waveform 1	1	3790.810059	3792.228027	100	160
333	Spectrogram 1	1	3790.810059	3792.228027	100	160
335	Waveform 1	1	3818.138184	3818.782715	60	160
335	Spectrogram 1	1	3818.138184	3818.782715	60	160
336	Waveform 1	1	3846.884277	3848.044434	60	160
336	Spectrogram 1	1	3846.884277	3848.044434	60	160
340	Waveform 1	1	3872.020996	3873.503418	90	140
340	Spectrogram 1	1	3872.020996	3873.503418	90	140
348	Waveform 1	1	3950.202637	3951.10498	80	150
348	Spectrogram 1	1	3950.202637	3951.10498	80	150
350	Waveform 1	1	3980.302246	3980.882324	120	200
350	Spectrogram 1	1	3980.302246	3980.882324	120	200
353	Waveform 1	1	3987.843262	3988.358887	150	210
353	Spectrogram 1	1	3987.843262	3988.358887	150	210
358	Waveform 1	1	4022.519043	4024.581543	60	230
358	Spectrogram 1	1	4022.519043	4024.581543	60	230
360	Waveform 1	1	4041.790527	4044.497559	60	220
360	Spectrogram 1	1	4041.790527	4044.497559	60	220
362	Waveform 1	1	4058.35498	4059.57959	60	180
362	Spectrogram 1	1	4058.35498	4059.57959	60	180
366	Waveform 1	1	4082.847168	4083.491699	80	170
366	Spectrogram 1	1	4082.847168	4083.491699	80	170
367	Waveform 1	1	4095.415527	4096.640137	60	180
367	Spectrogram 1	1	4095.415527	4096.640137	60	180
370	Waveform 1	1	4124.54834	4125.837402	60	160
370	Spectrogram 1	1	4124.54834	4125.837402	60	160
373	Waveform 1	1	4142.724121	4144.335449	90	180
373	Spectrogram 1	1	4142.724121	4144.335449	90	180
374	Waveform 1	1	4156.581543	4157.097168	150	210
374	Spectrogram 1	1	4156.581543	4157.097168	150	210
375	Waveform 1	1	4180.493652	4181.589355	60	180
375	Spectrogram 1	1	4180.493652	4181.589355	60	180
380	Waveform 1	1	4211.302246	4212.526855	60	160
380	Spectrogram 1	1	4211.302246	4212.526855	60	160
383	Waveform 1	1	4224.837402	4226.319824	70	160
383	Spectrogram 1	1	4224.837402	4226.319824	70	160
386	Waveform 1	1	4257.772949	4259.384277	80	170
386	Spectrogram 1	1	4257.772949	4259.384277	80	170
389	Waveform 1	1	4305.85498	4307.272949	70	190
389	Spectrogram 1	1	4305.85498	4307.272949	70	190
392	Waveform 1	1	4336.599121	4338.145996	70	160
392	Spectrogram 1	1	4336.599121	4338.145996	70	160
407	Waveform 1	1	4542.526855	4544.009277	60	210
407	Spectrogram 1	1	4542.526855	4544.009277	60	210
410	Waveform 1	1	4563.280762	4564.89209	60	170
410	Spectrogram 1	1	4563.280762	4564.89209	60	170
412	Waveform 1	1	4603.88623	4605.046387	80	160
412	Spectrogram 1	1	4603.88623	4605.046387	80	160
417	Waveform 1	1	4717.581543	4718.54834	60	140
417	Spectrogram 1	1	4717.581543	4718.54834	60	140
422	Waveform 1	1	4833.597168	4834.112793	100	160
422	Spectrogram 1	1	4833.597168	4834.112793	100	160
429	Waveform 1	1	4886.899902	4887.608887	60	140
429	Spectrogram 1	1	4886.899902	4887.608887	60	140
437	Waveform 1	1	4983.837402	4984.159668	140	190
437	Spectrogram 1	1	4983.837402	4984.159668	140	190
438	Waveform 1	1	4990.733887	4991.120605	140	210
438	Spectrogram 1	1	4990.733887	4991.120605	140	210
454	Waveform 1	1	5215.030762	5216.44873	90	130
454	Spectrogram 1	1	5215.030762	5216.44873	90	130
456	Waveform 1	1	5242.552246	5244.163574	70	170
456	Spectrogram 1	1	5242.552246	5244.163574	70	170
457	Waveform 1	1	5264.853027	5266.077637	80	180
457	Spectrogram 1	1	5264.853027	5266.077637	80	180
460	Waveform 1	1	5290.505371	5292.181152	60	200
460	Spectrogram 1	1	5290.505371	5292.181152	60	200
461	Waveform 1	1	5303.524902	5305.007324	60	170
461	Spectrogram 1	1	5303.524902	5305.007324	60	170
463	Waveform 1	1	5341.938965	5342.647949	100	160
463	Spectrogram 1	1	5341.938965	5342.647949	100	160
467	Waveform 1	1	5414.190918	5415.67334	80	160
467	Spectrogram 1	1	5414.190918	5415.67334	80	160
474	Waveform 1	1	5499.913574	5500.880371	60	150
474	Spectrogram 1	1	5499.913574	5500.880371	60	150
481	Waveform 1	1	5581.833496	5582.800293	60	160
481	Spectrogram 1	1	5581.833496	5582.800293	60	160
488	Waveform 1	1	5686.634277	5687.020996	100	190
488	Spectrogram 1	1	5686.634277	5687.020996	100	190
492	Waveform 1	1	5731.687012	5732.202637	110	190
492	Spectrogram 1	1	5731.687012	5732.202637	110	190
495	Waveform 1	1	5751.603027	5752.118652	100	230
495	Spectrogram 1	1	5751.603027	5752.118652	100	230
497	Waveform 1	1	5790.919434	5791.435059	110	180
497	Spectrogram 1	1	5790.919434	5791.435059	110	180
498	Waveform 1	1	5800.651855	5802.327637	60	220
498	Spectrogram 1	1	5800.651855	5802.327637	60	220
499	Waveform 1	1	5812.962402	5813.671387	110	230
499	Spectrogram 1	1	5812.962402	5813.671387	110	230
501	Waveform 1	1	5831.976074	5832.749512	110	180
501	Spectrogram 1	1	5831.976074	5832.749512	110	180
502	Waveform 1	1	5844.351074	5845.253418	110	230
502	Spectrogram 1	1	5844.351074	5845.253418	110	230
503	Waveform 1	1	5850.66748	5851.054199	120	160
503	Spectrogram 1	1	5850.66748	5851.054199	120	160
505	Waveform 1	1	5873.806152	5874.450684	100	180
505	Spectrogram 1	1	5873.806152	5874.450684	100	180
508	Waveform 1	1	5896.04248	5896.558105	140	220
508	Spectrogram 1	1	5896.04248	5896.558105	140	220
514	Waveform 1	1	5976.737793	5978.413574	60	190
514	Spectrogram 1	1	5976.737793	5978.413574	60	190
516	Waveform 1	1	5997.29834	5998.780762	60	200
516	Spectrogram 1	1	5997.29834	5998.780762	60	200
518	Waveform 1	1	6019.341309	6020.565918	80	160
518	Spectrogram 1	1	6019.341309	6020.565918	80	160
519	Waveform 1	1	6025.077637	6025.593262	80	180
519	Spectrogram 1	1	6025.077637	6025.593262	80	180
520	Waveform 1	1	6038.032715	6038.870605	70	160
520	Spectrogram 1	1	6038.032715	6038.870605	70	160
523	Waveform 1	1	6089.724121	6090.11084	120	180
523	Spectrogram 1	1	6089.724121	6090.11084	120	180
534	Waveform 1	1	6258.526855	6259.751465	60	170
534	Spectrogram 1	1	6258.526855	6259.751465	60	170
537	Waveform 1	1	6288.626465	6289.915527	70	150
537	Spectrogram 1	1	6288.626465	6289.915527	70	150
538	Waveform 1	1	6302.032715	6302.935059	60	180
538	Spectrogram 1	1	6302.032715	6302.935059	60	180
541	Waveform 1	1	6323.366699	6324.526855	80	150
541	Spectrogram 1	1	6323.366699	6324.526855	80	150
542	Waveform 1	1	6332.519043	6333.356934	80	170
542	Spectrogram 1	1	6332.519043	6333.356934	80	170
544	Waveform 1	1	6358.815918	6359.847168	60	160
544	Spectrogram 1	1	6358.815918	6359.847168	60	160
546	Waveform 1	1	6368.999512	6369.257324	180	230
546	Spectrogram 1	1	6368.999512	6369.257324	180	230
547	Waveform 1	1	6374.091309	6374.349121	180	250
547	Spectrogram 1	1	6374.091309	6374.349121	180	250
550	Waveform 1	1	6405.028809	6406.51123	60	160
550	Spectrogram 1	1	6405.028809	6406.51123	60	160
560	Waveform 1	1	6638.800293	6639.509277	60	160
560	Spectrogram 1	1	6638.800293	6639.509277	60	160
569	Waveform 1	1	6733.675293	6735.222168	80	190
569	Spectrogram 1	1	6733.675293	6735.222168	80	190
575	Waveform 1	1	6782.724121	6783.175293	90	170
575	Spectrogram 1	1	6782.724121	6783.175293	90	170
576	Waveform 1	1	6797.677246	6798.772949	70	180
576	Spectrogram 1	1	6797.677246	6798.772949	70	180
578	Waveform 1	1	6818.302246	6819.20459	90	170
578	Spectrogram 1	1	6818.302246	6819.20459	90	170
581	Waveform 1	1	6871.79834	6872.378418	80	170
581	Spectrogram 1	1	6871.79834	6872.378418	80	170
583	Waveform 1	1	6903.380371	6904.476074	70	160
583	Spectrogram 1	1	6903.380371	6904.476074	70	160
586	Waveform 1	1	6931.739746	6932.577637	90	140
586	Spectrogram 1	1	6931.739746	6932.577637	90	140
595	Waveform 1	1	7109.630371	7110.145996	70	170
595	Spectrogram 1	1	7109.630371	7110.145996	70	170
599	Waveform 1	1	7131.67334	7132.188965	80	180
599	Spectrogram 1	1	7131.67334	7132.188965	80	180
600	Waveform 1	1	7151.202637	7151.524902	100	150
600	Spectrogram 1	1	7151.202637	7151.524902	100	150
607	Waveform 1	1	7230.931152	7231.51123	120	160
607	Spectrogram 1	1	7230.931152	7231.51123	120	160
609	Waveform 1	1	7259.419434	7259.935059	110	190
609	Spectrogram 1	1	7259.419434	7259.935059	110	190
613	Waveform 1	1	7300.60498	7301.378418	100	180
613	Spectrogram 1	1	7300.60498	7301.378418	100	180
647	Waveform 1	1	7843.23584	7843.622559	140	200
647	Spectrogram 1	1	7843.23584	7843.622559	140	200
655	Waveform 1	1	7902.726074	7903.628418	100	160
655	Spectrogram 1	1	7902.726074	7903.628418	100	160
663	Waveform 1	1	7976.847168	7977.556152	90	210
663	Spectrogram 1	1	7976.847168	7977.556152	90	210
669	Waveform 1	1	8012.231934	8013.39209	60	240
669	Spectrogram 1	1	8012.231934	8013.39209	60	240
676	Waveform 1	1	8052.966309	8053.804199	90	200
676	Spectrogram 1	1	8052.966309	8053.804199	90	200
679	Waveform 1	1	8084.741699	8085.38623	80	170
679	Spectrogram 1	1	8084.741699	8085.38623	80	170
687	Waveform 1	1	8122.188965	8123.026855	100	190
687	Spectrogram 1	1	8122.188965	8123.026855	100	190
693	Waveform 1	1	8151.063965	8153.062012	60	250
693	Spectrogram 1	1	8151.063965	8153.062012	60	250
702	Waveform 1	1	8208.10498	8208.878418	80	170
702	Spectrogram 1	1	8208.10498	8208.878418	80	170
707	Waveform 1	1	8236.786621	8238.462402	90	180
707	Spectrogram 1	1	8236.786621	8238.462402	90	180
725	Waveform 1	1	8396.243652	8397.726074	70	200
725	Spectrogram 1	1	8396.243652	8397.726074	70	200
734	Waveform 1	1	8474.16748	8474.876465	110	190
734	Spectrogram 1	1	8474.16748	8474.876465	110	190
760	Waveform 1	1	8630.015137	8630.788574	100	210
760	Spectrogram 1	1	8630.015137	8630.788574	100	210
770	Waveform 1	1	8711.35498	8712.321777	100	220
770	Spectrogram 1	1	8711.35498	8712.321777	100	220
771	Waveform 1	1	8716.382324	8716.70459	110	160
771	Spectrogram 1	1	8716.382324	8716.70459	110	160
781	Waveform 1	1	8853.087402	8854.054199	120	210
781	Spectrogram 1	1	8853.087402	8854.054199	120	210
789	Waveform 1	1	8934.878418	8936.038574	110	190
789	Spectrogram 1	1	8934.878418	8936.038574	110	190
799	Waveform 1	1	9086.278809	9087.374512	100	220
799	Spectrogram 1	1	9086.278809	9087.374512	100	220
802	Waveform 1	1	9131.138184	9132.233887	100	200
802	Spectrogram 1	1	9131.138184	9132.233887	100	200
809	Waveform 1	1	9173.032715	9173.999512	70	170
809	Spectrogram 1	1	9173.032715	9173.999512	70	170
817	Waveform 1	1	9300.263184	9301.165527	90	200
817	Spectrogram 1	1	9300.263184	9301.165527	90	200
832	Waveform 1	1	9426.849121	9427.880371	70	230
832	Spectrogram 1	1	9426.849121	9427.880371	70	230
837	Waveform 1	1	9476.091309	9477.251465	80	190
837	Spectrogram 1	1	9476.091309	9477.251465	80	190
839	Waveform 1	1	9496.974121	9498.585449	60	200
839	Spectrogram 1	1	9496.974121	9498.585449	60	200
841	Waveform 1	1	9513.087402	9514.247559	60	160
841	Spectrogram 1	1	9513.087402	9514.247559	60	160
843	Waveform 1	1	9547.89209	9548.92334	70	210
843	Spectrogram 1	1	9547.89209	9548.92334	70	210
844	Waveform 1	1	9564.456543	9565.681152	100	200
844	Spectrogram 1	1	9564.456543	9565.681152	100	200
846	Waveform 1	1	9602.741699	9603.515137	80	160
846	Spectrogram 1	1	9602.741699	9603.515137	80	160
850	Waveform 1	1	9652.563965	9653.595215	60	200
850	Spectrogram 1	1	9652.563965	9653.595215	60	200
855	Waveform 1	1	9702.192871	9703.159668	80	230
855	Spectrogram 1	1	9702.192871	9703.159668	80	230
878	Waveform 1	1	9963.034668	9963.937012	100	210
878	Spectrogram 1	1	9963.034668	9963.937012	100	210
882	Waveform 1	1	10002.80225	10004.15576	90	210
882	Spectrogram 1	1	10002.80225	10004.15576	90	210
884	Waveform 1	1	10055.97607	10057.07178	130	180
884	Spectrogram 1	1	10055.97607	10057.07178	130	180
896	Waveform 1	1	10297.28857	10298.51318	70	220
896	Spectrogram 1	1	10297.28857	10298.51318	70	220
899	Waveform 1	1	10322.16748	10323.521	60	190
899	Spectrogram 1	1	10322.16748	10323.521	60	190
919	Waveform 1	1	10529.64209	10530.54443	100	210
919	Spectrogram 1	1	10529.64209	10530.54443	100	210
937	Waveform 1	1	10770.56787	10771.66357	90	240
937	Spectrogram 1	1	10770.56787	10771.66357	90	240
940	Waveform 1	1	10828.76904	10829.80029	100	210
940	Spectrogram 1	1	10828.76904	10829.80029	100	210
942	Waveform 1	1	10886.32568	10887.35693	80	200
942	Spectrogram 1	1	10886.32568	10887.35693	80	200
948	Waveform 1	1	10957.61084	10958.31982	60	180
948	Spectrogram 1	1	10957.61084	10958.31982	60	180
949	Waveform 1	1	10987.58154	10988.48389	70	180
949	Spectrogram 1	1	10987.58154	10988.48389	70	180
958	Waveform 1	1	11153.80615	11154.7085	120	230
958	Spectrogram 1	1	11153.80615	11154.7085	120	230
963	Waveform 1	1	11214.6499	11217.29248	60	250
963	Spectrogram 1	1	11214.6499	11217.29248	60	250
981	Waveform 1	1	11539.55811	11540.5249	80	200
981	Spectrogram 1	1	11539.55811	11540.5249	80	200
1010	Waveform 1	1	12049.31787	12050.47803	110	220
1010	Spectrogram 1	1	12049.31787	12050.47803	110	220
1040	Waveform 1	1	12228.75537	12229.85107	120	200
1040	Spectrogram 1	1	12228.75537	12229.85107	120	200
1043	Waveform 1	1	12246.67334	12248.09131	70	220
1043	Spectrogram 1	1	12246.67334	12248.09131	70	220
1046	Waveform 1	1	12262.65771	12263.88232	70	190
1046	Spectrogram 1	1	12262.65771	12263.88232	70	190
1075	Waveform 1	1	12462.78467	12464.07373	100	170
1075	Spectrogram 1	1	12462.78467	12464.07373	100	170
1080	Waveform 1	1	12497.07373	12498.36279	60	190
1080	Spectrogram 1	1	12497.07373	12498.36279	60	190
1083	Waveform 1	1	12520.27686	12521.30811	120	230
1083	Spectrogram 1	1	12520.27686	12521.30811	120	230
1092	Waveform 1	1	12560.56006	12561.4624	110	190
1092	Spectrogram 1	1	12560.56006	12561.4624	110	190
1096	Waveform 1	1	12602.32568	12603.42139	70	190
1096	Spectrogram 1	1	12602.32568	12603.42139	70	190
1099	Waveform 1	1	12626.30225	12627.20459	90	210
1099	Spectrogram 1	1	12626.30225	12627.20459	90	210
1100	Waveform 1	1	12631.4585	12632.68311	90	230
1100	Spectrogram 1	1	12631.4585	12632.68311	90	230
1104	Waveform 1	1	12670.13037	12670.7749	110	180
1104	Spectrogram 1	1	12670.13037	12670.7749	110	180
1106	Waveform 1	1	12682.11865	12683.85889	80	180
1106	Spectrogram 1	1	12682.11865	12683.85889	80	180
1107	Waveform 1	1	12684.43896	12685.85693	80	180
1107	Spectrogram 1	1	12684.43896	12685.85693	80	180
1108	Waveform 1	1	12690.11084	12691.07764	90	180
1108	Spectrogram 1	1	12690.11084	12691.07764	90	180
1111	Waveform 1	1	12721.62842	12724.07764	60	240
1111	Spectrogram 1	1	12721.62842	12724.07764	60	240
1117	Waveform 1	1	12811.15381	12812.18506	90	180
1117	Spectrogram 1	1	12811.15381	12812.18506	90	180
1120	Waveform 1	1	12827.07373	12829.32959	70	200
1120	Spectrogram 1	1	12827.07373	12829.32959	70	200
1126	Waveform 1	1	12883.79248	12884.43701	90	160
1126	Spectrogram 1	1	12883.79248	12884.43701	90	160
1127	Waveform 1	1	12886.37061	12886.69287	80	140
1127	Spectrogram 1	1	12886.37061	12886.69287	80	140
1135	Waveform 1	1	12922.46436	12923.04443	100	150
1135	Spectrogram 1	1	12922.46436	12923.04443	100	150
1139	Waveform 1	1	12949.72803	12950.50146	110	160
1139	Spectrogram 1	1	12949.72803	12950.50146	110	160
1170	Waveform 1	1	13159.97412	13160.87646	90	210
1170	Spectrogram 1	1	13159.97412	13160.87646	90	210
1182	Waveform 1	1	13261.16553	13261.93896	70	160
1182	Spectrogram 1	1	13261.16553	13261.93896	70	160
1183	Waveform 1	1	13271.86475	13272.70264	100	170
1183	Spectrogram 1	1	13271.86475	13272.70264	100	170
1197	Waveform 1	1	13346.63037	13348.30615	60	250
1197	Spectrogram 1	1	13346.63037	13348.30615	60	250
1199	Waveform 1	1	13372.28271	13373.05615	90	180
1199	Spectrogram 1	1	13372.28271	13373.05615	90	180
1212	Waveform 1	1	13458.97217	13459.22998	120	160
1212	Spectrogram 1	1	13458.97217	13459.22998	120	160
1233	Waveform 1	1	13625.39014	13626.22803	110	180
1233	Spectrogram 1	1	13625.39014	13626.22803	110	180
1235	Waveform 1	1	13637.70068	13638.34521	80	150
1235	Spectrogram 1	1	13637.70068	13638.34521	80	150
1238	Waveform 1	1	13673.34326	13674.24561	60	160
1238	Spectrogram 1	1	13673.34326	13674.24561	60	160
1241	Waveform 1	1	13710.33936	13711.11279	90	170
1241	Spectrogram 1	1	13710.33936	13711.11279	90	170
1247	Waveform 1	1	13776.72607	13776.98389	120	180
1247	Spectrogram 1	1	13776.72607	13776.98389	120	180
1250	Waveform 1	1	13798.57568	13799.28467	90	150
1250	Spectrogram 1	1	13798.57568	13799.28467	90	150
1253	Waveform 1	1	13828.09521	13828.99756	90	150
1253	Spectrogram 1	1	13828.09521	13828.99756	90	150
1254	Waveform 1	1	13840.72803	13841.24365	70	150
1254	Spectrogram 1	1	13840.72803	13841.24365	70	150
1255	Waveform 1	1	13843.17725	13844.01514	120	180
1255	Spectrogram 1	1	13843.17725	13844.01514	120	180
1256	Waveform 1	1	13845.75537	13846.271	140	190
1256	Spectrogram 1	1	13845.75537	13846.271	140	190
1257	Waveform 1	1	13848.26904	13849.68701	60	170
1257	Spectrogram 1	1	13848.26904	13849.68701	60	170
1258	Waveform 1	1	13862.64209	13863.15771	170	210
1258	Spectrogram 1	1	13862.64209	13863.15771	170	210
1259	Waveform 1	1	13865.54248	13865.80029	170	210
1259	Spectrogram 1	1	13865.54248	13865.80029	170	210
1264	Waveform 1	1	13891.646	13893.7085	70	150
1264	Spectrogram 1	1	13891.646	13893.7085	70	150
1265	Waveform 1	1	13902.47412	13903.69873	100	150
1265	Spectrogram 1	1	13902.47412	13903.69873	100	150
1272	Waveform 1	1	13948.04248	13949.00928	60	160
1272	Spectrogram 1	1	13948.04248	13949.00928	60	160
1305	Waveform 1	1	14174.27295	14175.49756	80	170
1305	Spectrogram 1	1	14174.27295	14175.49756	80	170
1306	Waveform 1	1	14186.90576	14187.48584	80	170
1306	Spectrogram 1	1	14186.90576	14187.48584	80	170
1321	Waveform 1	1	14291.70654	14292.99561	80	250
1321	Spectrogram 1	1	14291.70654	14292.99561	80	250
1328	Waveform 1	1	14343.3335	14344.94482	80	170
1328	Spectrogram 1	1	14343.3335	14344.94482	80	170
1340	Waveform 1	1	14435.30811	14436.85498	80	160
1340	Spectrogram 1	1	14435.30811	14436.85498	80	160
1353	Waveform 1	1	14519.29053	14520.19287	80	190
1353	Spectrogram 1	1	14519.29053	14520.19287	80	190
1370	Waveform 1	1	14635.95068	14636.85303	80	170
1370	Spectrogram 1	1	14635.95068	14636.85303	80	170
1376	Waveform 1	1	14669.14404	14670.23975	80	150
1376	Spectrogram 1	1	14669.14404	14670.23975	80	150
1382	Waveform 1	1	14692.21826	14693.31396	90	170
1382	Spectrogram 1	1	14692.21826	14693.31396	90	170
1392	Waveform 1	1	14779.35889	14780.26123	80	170
1392	Spectrogram 1	1	14779.35889	14780.26123	80	170
1395	Waveform 1	1	14809.32959	14810.10303	60	170
1395	Spectrogram 1	1	14809.32959	14810.10303	60	170
1398	Waveform 1	1	14838.26904	14839.17139	90	160
1398	Spectrogram 1	1	14838.26904	14839.17139	90	160
1401	Waveform 1	1	14877.19873	14878.48779	70	210
1401	Spectrogram 1	1	14877.19873	14878.48779	70	210
1407	Waveform 1	1	14917.54639	14918.31982	80	170
1407	Spectrogram 1	1	14917.54639	14918.31982	80	170
1411	Waveform 1	1	14957.89404	14958.98975	80	180
1411	Spectrogram 1	1	14957.89404	14958.98975	80	180
1418	Waveform 1	1	15007.26514	15008.42529	90	180
1418	Spectrogram 1	1	15007.26514	15008.42529	90	180
1419	Waveform 1	1	15013.7749	15014.22607	110	160
1419	Spectrogram 1	1	15013.7749	15014.22607	110	160
1422	Waveform 1	1	15036.01123	15036.52686	90	130
1422	Spectrogram 1	1	15036.01123	15036.52686	90	130
1423	Waveform 1	1	15037.17139	15037.81592	90	170
1423	Spectrogram 1	1	15037.17139	15037.81592	90	170
1426	Waveform 1	1	15054.57373	15055.66943	60	210
1426	Spectrogram 1	1	15054.57373	15055.66943	60	210
1427	Waveform 1	1	15065.40186	15066.23975	60	100
1427	Spectrogram 1	1	15065.40186	15066.23975	60	100
1428	Waveform 1	1	15065.98193	15067.07764	90	200
1428	Spectrogram 1	1	15065.98193	15067.07764	90	200
1431	Waveform 1	1	15089.70068	15090.66748	80	180
1431	Spectrogram 1	1	15089.70068	15090.66748	80	180
1432	Waveform 1	1	15104.07373	15104.78271	100	170
1432	Spectrogram 1	1	15104.07373	15104.78271	100	170
1440	Waveform 1	1	15192.50342	15193.47021	80	200
1440	Spectrogram 1	1	15192.50342	15193.47021	80	200
1444	Waveform 1	1	15217.25342	15218.02686	70	150
1444	Spectrogram 1	1	15217.25342	15218.02686	70	150
1446	Waveform 1	1	15237.74951	15239.10303	110	180
1446	Spectrogram 1	1	15237.74951	15239.10303	110	180
1466	Waveform 1	1	15393.98389	15395.59521	60	180
1466	Spectrogram 1	1	15393.98389	15395.59521	60	180
1485	Waveform 1	1	15525.72607	15526.37061	120	160
1485	Spectrogram 1	1	15525.72607	15526.37061	120	160
1496	Waveform 1	1	15589.92139	15590.75928	70	170
1496	Spectrogram 1	1	15589.92139	15590.75928	70	170
1497	Waveform 1	1	15598.23584	15599.78271	90	200
1497	Spectrogram 1	1	15598.23584	15599.78271	90	200
1511	Waveform 1	1	15693.43311	15695.10889	100	220
1511	Spectrogram 1	1	15693.43311	15695.10889	100	220
1521	Waveform 1	1	15749.82959	15751.37646	90	180
1521	Spectrogram 1	1	15749.82959	15751.37646	90	180
1522	Waveform 1	1	15754.72803	15755.63037	90	170
1522	Spectrogram 1	1	15754.72803	15755.63037	90	170
1527	Waveform 1	1	15788.1792	15789.08154	100	200
1527	Spectrogram 1	1	15788.1792	15789.08154	100	200
1534	Waveform 1	1	15828.52686	15829.68701	80	180
1534	Spectrogram 1	1	15828.52686	15829.68701	80	180
1535	Waveform 1	1	15832.84521	15833.94092	140	230
1535	Spectrogram 1	1	15832.84521	15833.94092	140	230
1537	Waveform 1	1	15862.49365	15863.71826	80	200
1537	Spectrogram 1	1	15862.49365	15863.71826	80	200
1541	Waveform 1	1	15898.20068	15899.23193	90	180
1541	Spectrogram 1	1	15898.20068	15899.23193	90	180
1544	Waveform 1	1	15935.13232	15936.29248	80	180
1544	Spectrogram 1	1	15935.13232	15936.29248	80	180
1549	Waveform 1	1	15973.99756	15975.15771	100	220
1549	Spectrogram 1	1	15973.99756	15975.15771	100	220
1554	Waveform 1	1	16028.46045	16029.42725	90	180
1554	Spectrogram 1	1	16028.46045	16029.42725	90	180
1558	Waveform 1	1	16055.91748	16056.75537	110	180
1558	Spectrogram 1	1	16055.91748	16056.75537	110	180
1562	Waveform 1	1	16088.78857	16089.3042	120	180
1562	Spectrogram 1	1	16088.78857	16089.3042	120	180
1568	Waveform 1	1	16119.85498	16120.49951	110	190
1568	Spectrogram 1	1	16119.85498	16120.49951	110	190
1572	Waveform 1	1	16145.31396	16146.40967	90	190
1572	Spectrogram 1	1	16145.31396	16146.40967	90	190
1576	Waveform 1	1	16164.45654	16165.87451	70	210
1576	Spectrogram 1	1	16164.45654	16165.87451	70	210
1580	Waveform 1	1	16192.68701	16194.68506	80	160
1580	Spectrogram 1	1	16192.68701	16194.68506	80	160
1581	Waveform 1	1	16217.82373	16218.59717	80	160
1581	Spectrogram 1	1	16217.82373	16218.59717	80	160
1582	Waveform 1	1	16227.10498	16228.07178	110	170
1582	Spectrogram 1	1	16227.10498	16228.07178	110	170
1585	Waveform 1	1	16250.1792	16251.146	90	160
1585	Spectrogram 1	1	16250.1792	16251.146	90	160
1587	Waveform 1	1	16267.00146	16267.646	120	190
1587	Spectrogram 1	1	16267.00146	16267.646	120	190
1589	Waveform 1	1	16282.47021	16284.01709	60	180
1589	Spectrogram 1	1	16282.47021	16284.01709	60	180
1591	Waveform 1	1	16295.36084	16296.06982	80	150
1591	Spectrogram 1	1	16295.36084	16296.06982	80	150
1592	Waveform 1	1	16310.37842	16311.53857	80	160
1592	Spectrogram 1	1	16310.37842	16311.53857	80	160
1595	Waveform 1	1	16340.86475	16341.63818	90	160
1595	Spectrogram 1	1	16340.86475	16341.63818	90	160
1611	Waveform 1	1	16515.146	16515.79053	110	190
1611	Spectrogram 1	1	16515.146	16515.79053	110	190
1615	Waveform 1	1	16543.0542	16544.34326	60	150
1615	Spectrogram 1	1	16543.0542	16544.34326	60	150
1616	Waveform 1	1	16548.40381	16548.91943	170	210
1616	Spectrogram 1	1	16548.40381	16548.91943	170	210
1618	Waveform 1	1	16565.16162	16565.99951	120	180
1618	Spectrogram 1	1	16565.16162	16565.99951	120	180
1622	Waveform 1	1	16588.68701	16589.58936	80	160
1622	Spectrogram 1	1	16588.68701	16589.58936	80	160
1631	Waveform 1	1	16674.34521	16675.31201	90	170
1631	Spectrogram 1	1	16674.34521	16675.31201	90	170
1652	Waveform 1	1	16821.23389	16822.20068	70	180
1652	Spectrogram 1	1	16821.23389	16822.20068	70	180
1656	Waveform 1	1	16864.28857	16865.06201	90	180
1656	Spectrogram 1	1	16864.28857	16865.06201	90	180
1661	Waveform 1	1	16891.29443	16892.32568	70	160
1661	Spectrogram 1	1	16891.29443	16892.32568	70	160
1663	Waveform 1	1	16900.06006	16901.15576	90	190
1663	Spectrogram 1	1	16900.06006	16901.15576	90	190
1666	Waveform 1	1	16939.63428	16940.47217	90	170
1666	Spectrogram 1	1	16939.63428	16940.47217	90	170
1670	Waveform 1	1	16967.86475	16968.31592	90	180
1670	Spectrogram 1	1	16967.86475	16968.31592	90	180
1673	Waveform 1	1	16981.01318	16981.91553	120	160
1673	Spectrogram 1	1	16981.01318	16981.91553	120	160
1674	Waveform 1	1	16983.65576	16984.4292	90	150
1674	Spectrogram 1	1	16983.65576	16984.4292	90	150
1675	Waveform 1	1	16998.02881	16999.70459	100	210
1675	Spectrogram 1	1	16998.02881	16999.70459	100	210
1677	Waveform 1	1	17030.64209	17032.89795	70	180
1677	Spectrogram 1	1	17030.64209	17032.89795	70	180
1685	Waveform 1	1	17072.72998	17073.82568	100	200
1685	Spectrogram 1	1	17072.72998	17073.82568	100	200
1691	Waveform 1	1	17093.41943	17094.12842	120	200
1691	Spectrogram 1	1	17093.41943	17094.12842	120	200
1705	Waveform 1	1	17148.3335	17149.55811	60	210
1705	Spectrogram 1	1	17148.3335	17149.55811	60	210
1730	Waveform 1	1	17295.54443	17296.57568	90	170
1730	Spectrogram 1	1	17295.54443	17296.57568	90	170
1747	Waveform 1	1	17453.51904	17454.48584	80	200
1747	Spectrogram 1	1	17453.51904	17454.48584	80	200
1763	Waveform 1	1	17535.69678	17536.53467	80	220
1763	Spectrogram 1	1	17535.69678	17536.53467	80	220
1766	Waveform 1	1	17548.52295	17549.36084	120	210
1766	Spectrogram 1	1	17548.52295	17549.36084	120	210
1783	Waveform 1	1	17618.77686	17619.29248	90	170
1783	Spectrogram 1	1	17618.77686	17619.29248	90	170
1794	Waveform 1	1	17661.12256	17661.76709	100	170
1794	Spectrogram 1	1	17661.12256	17661.76709	100	170
1796	Waveform 1	1	17665.0542	17665.69873	140	220
1796	Spectrogram 1	1	17665.0542	17665.69873	140	220
1801	Waveform 1	1	17683.68115	17684.90576	90	160
1801	Spectrogram 1	1	17683.68115	17684.90576	90	160
1805	Waveform 1	1	17701.0835	17701.40576	100	150
1805	Spectrogram 1	1	17701.0835	17701.40576	100	150
1809	Waveform 1	1	17719.00146	17720.67725	100	170
1809	Spectrogram 1	1	17719.00146	17720.67725	100	170
1840	Waveform 1	1	17901.59717	17902.37061	100	190
1840	Spectrogram 1	1	17901.59717	17902.37061	100	190
1867	Waveform 1	1	18019.93311	18020.38428	110	180
1867	Spectrogram 1	1	18019.93311	18020.38428	110	180
1872	Waveform 1	1	18051.19287	18051.90186	110	200
1872	Spectrogram 1	1	18051.19287	18051.90186	110	200
1878	Waveform 1	1	18082.32373	18084.45068	60	230
1878	Spectrogram 1	1	18082.32373	18084.45068	60	230
1890	Waveform 1	1	18132.40381	18133.11279	110	230
1890	Spectrogram 1	1	18132.40381	18133.11279	110	230
1900	Waveform 1	1	18196.2124	18196.85693	60	180
1900	Spectrogram 1	1	18196.2124	18196.85693	60	180
1909	Waveform 1	1	18231.40381	18231.91943	120	240
1909	Spectrogram 1	1	18231.40381	18231.91943	120	240
1911	Waveform 1	1	18243.13428	18244.16553	70	180
1911	Spectrogram 1	1	18243.13428	18244.16553	70	180
1919	Waveform 1	1	18299.01514	18299.59521	100	180
1919	Spectrogram 1	1	18299.01514	18299.59521	100	180
1921	Waveform 1	1	18305.84717	18306.74951	120	210
1921	Spectrogram 1	1	18305.84717	18306.74951	120	210
1923	Waveform 1	1	18343.22998	18345.16357	70	240
1923	Spectrogram 1	1	18343.22998	18345.16357	70	240
1927	Waveform 1	1	18367.91553	18368.56006	120	210
1927	Spectrogram 1	1	18367.91553	18368.56006	120	210
1929	Waveform 1	1	18405.81396	18406.90967	60	220
1929	Spectrogram 1	1	18405.81396	18406.90967	60	220
1934	Waveform 1	1	18449.44873	18450.15771	60	200
1934	Spectrogram 1	1	18449.44873	18450.15771	60	200
1935	Waveform 1	1	18464.98193	18466.46436	110	250
1935	Spectrogram 1	1	18464.98193	18466.46436	110	250
1939	Waveform 1	1	18505.90967	18507.06982	70	200
1939	Spectrogram 1	1	18505.90967	18507.06982	70	200
1961	Waveform 1	1	18667.30029	18667.68701	90	130
1961	Spectrogram 1	1	18667.30029	18667.68701	90	130
1972	Waveform 1	1	18738.19873	18739.93896	60	210
1972	Spectrogram 1	1	18738.19873	18739.93896	60	210
1985	Waveform 1	1	18806.97021	18807.61475	110	200
1985	Spectrogram 1	1	18806.97021	18807.61475	110	200
1995	Waveform 1	1	18867.16943	18868.20068	90	200
1995	Spectrogram 1	1	18867.16943	18868.20068	90	200
2002	Waveform 1	1	18926.46631	18927.3042	110	180
2002	Spectrogram 1	1	18926.46631	18927.3042	110	180
2005	Waveform 1	1	18958.95068	18959.85303	90	220
2005	Spectrogram 1	1	18958.95068	18959.85303	90	220
2011	Waveform 1	1	18985.44092	18986.021	110	230
2011	Spectrogram 1	1	18985.44092	18986.021	110	230
2015	Waveform 1	1	19017.53857	19018.44092	110	230
2015	Spectrogram 1	1	19017.53857	19018.44092	110	230
2022	Waveform 1	1	19059.04639	19059.75537	120	190
2022	Spectrogram 1	1	19059.04639	19059.75537	120	190
2025	Waveform 1	1	19083.21631	19084.31201	60	210
2025	Spectrogram 1	1	19083.21631	19084.31201	60	210
2033	Waveform 1	1	19113.96045	19114.60498	120	200
2033	Spectrogram 1	1	19113.96045	19114.60498	120	200
2035	Waveform 1	1	19133.03857	19133.87646	100	190
2035	Spectrogram 1	1	19133.03857	19133.87646	100	190
2038	Waveform 1	1	19155.21045	19155.85498	140	230
2038	Spectrogram 1	1	19155.21045	19155.85498	140	230
2039	Waveform 1	1	19161.65576	19162.49365	110	200
2039	Spectrogram 1	1	19161.65576	19162.49365	110	200
2040	Waveform 1	1	19171.13037	19171.58154	100	200
2040	Spectrogram 1	1	19171.13037	19171.58154	100	200
2042	Waveform 1	1	19177.31787	19178.54248	60	200
2042	Spectrogram 1	1	19177.31787	19178.54248	60	200
2043	Waveform 1	1	19194.26904	19195.04248	100	200
2043	Spectrogram 1	1	19194.26904	19195.04248	100	200
2049	Waveform 1	1	19213.0249	19214.63623	90	240
2049	Spectrogram 1	1	19213.0249	19214.63623	90	240
2063	Waveform 1	1	19281.34521	19282.56982	90	200
2063	Spectrogram 1	1	19281.34521	19282.56982	90	200
2065	Waveform 1	1	19303.13037	19303.83936	90	220
2065	Spectrogram 1	1	19303.13037	19303.83936	90	220
2067	Waveform 1	1	19317.69678	19318.34131	130	210
2067	Spectrogram 1	1	19317.69678	19318.34131	130	210
2068	Waveform 1	1	19328.97607	19329.62061	90	190
2068	Spectrogram 1	1	19328.97607	19329.62061	90	190
2070	Waveform 1	1	19337.35498	19338.06396	110	200
2070	Spectrogram 1	1	19337.35498	19338.06396	110	200
2074	Waveform 1	1	19359.4624	19360.04248	120	210
2074	Spectrogram 1	1	19359.4624	19360.04248	120	210
2078	Waveform 1	1	19394.78271	19395.81396	90	210
2078	Spectrogram 1	1	19394.78271	19395.81396	90	210
2087	Waveform 1	1	19429.84521	19431.00537	60	190
2087	Spectrogram 1	1	19429.84521	19431.00537	60	190
2097	Waveform 1	1	19480.24756	19481.34326	80	200
2097	Spectrogram 1	1	19480.24756	19481.34326	80	200
2103	Waveform 1	1	19514.47217	19516.79248	60	180
2103	Spectrogram 1	1	19514.47217	19516.79248	60	180
2123	Waveform 1	1	19630.03662	19631.13232	110	190
2123	Spectrogram 1	1	19630.03662	19631.13232	110	190
2137	Waveform 1	1	19685.59521	19686.69092	60	190
2137	Spectrogram 1	1	19685.59521	19686.69092	60	190
2139	Waveform 1	1	19705.57568	19706.73584	90	200
2139	Spectrogram 1	1	19705.57568	19706.73584	90	200
2141	Waveform 1	1	19729.10107	19730.00342	70	180
2141	Spectrogram 1	1	19729.10107	19730.00342	70	180
2160	Waveform 1	1	19846.34131	19847.30811	90	180
2160	Spectrogram 1	1	19846.34131	19847.30811	90	180
2162	Waveform 1	1	19854.14014	19854.52686	160	230
2162	Spectrogram 1	1	19854.14014	19854.52686	160	230
2170	Waveform 1	1	19891.5874	19892.48975	120	200
2170	Spectrogram 1	1	19891.5874	19892.48975	120	200
2175	Waveform 1	1	19933.35303	19934.31982	60	210
2175	Spectrogram 1	1	19933.35303	19934.31982	60	210
2187	Waveform 1	1	19985.75342	19986.52686	100	180
2187	Spectrogram 1	1	19985.75342	19986.52686	100	180
2189	Waveform 1	1	20004.896	20005.47607	150	200
2189	Spectrogram 1	1	20004.896	20005.47607	150	200
2193	Waveform 1	1	20043.24561	20044.14795	90	210
2193	Spectrogram 1	1	20043.24561	20044.14795	90	210
2197	Waveform 1	1	20062.32373	20063.67725	100	240
2197	Spectrogram 1	1	20062.32373	20063.67725	100	240
2199	Waveform 1	1	20078.69482	20079.33936	130	190
2199	Spectrogram 1	1	20078.69482	20079.33936	130	190
2202	Waveform 1	1	20098.41748	20098.93311	80	140
2202	Spectrogram 1	1	20098.41748	20098.93311	80	140
2204	Waveform 1	1	20119.04248	20119.81592	100	190
2204	Spectrogram 1	1	20119.04248	20119.81592	100	190
2206	Waveform 1	1	20127.74365	20128.58154	90	220
2206	Spectrogram 1	1	20127.74365	20128.58154	90	220
2208	Waveform 1	1	20151.91357	20152.88037	110	230
2208	Spectrogram 1	1	20151.91357	20152.88037	110	230
2229	Waveform 1	1	20352.81396	20353.90967	110	240
2229	Spectrogram 1	1	20352.81396	20353.90967	110	240
2235	Waveform 1	1	20379.75537	20381.43115	110	230
2235	Spectrogram 1	1	20379.75537	20381.43115	110	230
2240	Waveform 1	1	20410.17725	20411.2085	60	180
2240	Spectrogram 1	1	20410.17725	20411.2085	60	180
2243	Waveform 1	1	20433.57373	20434.47607	100	190
2243	Spectrogram 1	1	20433.57373	20434.47607	100	190
2246	Waveform 1	1	20451.55615	20451.87842	120	160
2246	Spectrogram 1	1	20451.55615	20451.87842	120	160
2247	Waveform 1	1	20464.64014	20465.02686	130	180
2247	Spectrogram 1	1	20464.64014	20465.02686	130	180
2248	Waveform 1	1	20476.2417	20478.17529	70	180
2248	Spectrogram 1	1	20476.2417	20478.17529	70	180
2300	Waveform 1	1	20878.88037	20880.16943	70	220
2300	Spectrogram 1	1	20878.88037	20880.16943	70	220
2305	Waveform 1	1	20906.91748	20908.20654	90	220
2305	Spectrogram 1	1	20906.91748	20908.20654	90	220
2342	Waveform 1	1	21174.26904	21174.84912	60	150
2342	Spectrogram 1	1	21174.26904	21174.84912	60	150
2399	Waveform 1	1	21524.24951	21525.40967	90	200
2399	Spectrogram 1	1	21524.24951	21525.40967	90	200
2409	Waveform 1	1	21578.45459	21579.16357	100	160
2409	Spectrogram 1	1	21578.45459	21579.16357	100	160
2439	Waveform 1	1	21775.29443	21776.00342	120	160
2439	Spectrogram 1	1	21775.29443	21776.00342	120	160
2453	Waveform 1	1	21912.51514	21913.61084	80	190
2453	Spectrogram 1	1	21912.51514	21913.61084	80	190
2511	Waveform 1	1	22309.86865	22313.34912	80	250
2511	Spectrogram 1	1	22309.86865	22313.34912	80	250
2545	Waveform 1	1	22556.01514	22556.85303	110	180
2545	Spectrogram 1	1	22556.01514	22556.85303	110	180
2567	Waveform 1	1	22696.32959	22697.42529	80	160
2567	Spectrogram 1	1	22696.32959	22697.42529	80	160
2573	Waveform 1	1	22735.00146	22735.7749	100	170
2573	Spectrogram 1	1	22735.00146	22735.7749	100	170
2586	Waveform 1	1	22831.16553	22832.06787	90	180
2586	Spectrogram 1	1	22831.16553	22832.06787	90	180
2602	Waveform 1	1	22934.03271	22934.93506	110	170
2602	Spectrogram 1	1	22934.03271	22934.93506	110	170
2609	Waveform 1	1	22983.33936	22985.07959	60	210
2609	Spectrogram 1	1	22983.33936	22985.07959	60	210
2615	Waveform 1	1	23011.82764	23012.27881	120	190
2615	Spectrogram 1	1	23011.82764	23012.27881	120	190
2623	Waveform 1	1	23051.85303	23052.81982	110	200
2623	Spectrogram 1	1	23051.85303	23052.81982	110	200
2624	Waveform 1	1	23054.23779	23055.4624	80	200
2624	Spectrogram 1	1	23054.23779	23055.4624	80	200
2627	Waveform 1	1	23078.79443	23079.43896	90	170
2627	Spectrogram 1	1	23078.79443	23079.43896	90	170
2628	Waveform 1	1	23083.11279	23084.2085	90	160
2628	Spectrogram 1	1	23083.11279	23084.2085	90	160
2631	Waveform 1	1	23096.90576	23097.6792	100	170
2631	Spectrogram 1	1	23096.90576	23097.6792	100	170
2635	Waveform 1	1	23121.26904	23122.30029	100	240
2635	Spectrogram 1	1	23121.26904	23122.30029	100	240
2636	Waveform 1	1	23123.91162	23124.36279	110	170
2636	Spectrogram 1	1	23123.91162	23124.36279	110	170
2637	Waveform 1	1	23126.87646	23127.32764	120	200
2637	Spectrogram 1	1	23126.87646	23127.32764	120	200
2638	Waveform 1	1	23128.55225	23128.81006	150	240
2638	Spectrogram 1	1	23128.55225	23128.81006	150	240
2640	Waveform 1	1	23138.47803	23139.31592	80	210
2640	Spectrogram 1	1	23138.47803	23139.31592	80	210
2645	Waveform 1	1	23167.22412	23168.06201	80	200
2645	Spectrogram 1	1	23167.22412	23168.06201	80	200
2652	Waveform 1	1	23200.41748	23200.93311	120	180
2652	Spectrogram 1	1	23200.41748	23200.93311	120	180
2662	Waveform 1	1	23268.09326	23268.73779	70	200
2662	Spectrogram 1	1	23268.09326	23268.73779	70	200
2663	Waveform 1	1	23269.70459	23269.9624	100	150
2663	Spectrogram 1	1	23269.70459	23269.9624	100	150
2667	Waveform 1	1	23296.45264	23296.96826	100	190
2667	Spectrogram 1	1	23296.45264	23296.96826	100	190
2676	Waveform 1	1	23346.59717	23347.17725	90	180
2676	Spectrogram 1	1	23346.59717	23347.17725	90	180
2709	Waveform 1	1	23596.09521	23597.12646	100	180
2709	Spectrogram 1	1	23596.09521	23597.12646	100	180
