Selection	View	Channel	Begin Time (s)	End Time (s)	Low Freq (Hz)	High Freq (Hz)
170	Waveform 1	1	1356.657471	1357.250732	65	165
170	Spectrogram 1	1	1356.657471	1357.250732	65	165
31	Waveform 1	1	210.3439941	210.4758301	65	450
31	Spectrogram 1	1	210.3439941	210.4758301	65	450
32	Waveform 1	1	210.4758301	211.2668457	125	350
32	Spectrogram 1	1	210.4758301	211.2668457	125	350
107	Waveform 1	1	398.0124512	398.407959	75	850
107	Spectrogram 1	1	398.0124512	398.407959	75	850
137	Waveform 1	1	623.8474121	624.3747559	65	300
137	Spectrogram 1	1	623.8474121	624.3747559	65	300
138	Waveform 1	1	624.5725098	625.5612793	65	125
138	Spectrogram 1	1	624.5725098	625.5612793	65	125
139	Waveform 1	1	630.0437012	630.5710449	65	500
139	Spectrogram 1	1	630.0437012	630.5710449	65	500
141	Waveform 1	1	722.6584473	723.7790527	65	165
141	Spectrogram 1	1	722.6584473	723.7790527	65	165
143	Waveform 1	1	728.9206543	729.3161621	65	165
143	Spectrogram 1	1	728.9206543	729.3161621	65	165
146	Waveform 1	1	756.902832	757.3312988	65	500
146	Spectrogram 1	1	756.902832	757.3312988	65	500
152	Waveform 1	1	930.036377	931.1569824	65	165
152	Spectrogram 1	1	930.036377	931.1569824	65	165
153	Waveform 1	1	936.7600098	937.6828613	75	135
153	Spectrogram 1	1	936.7600098	937.6828613	75	135
163	Waveform 1	1	1196.872314	1197.861084	65	250
163	Spectrogram 1	1	1196.872314	1197.861084	65	250
164	Waveform 1	1	1203.134521	1203.200439	95	135
164	Spectrogram 1	1	1203.134521	1203.200439	95	135
165	Waveform 1	1	1203.200439	1203.530029	65	300
165	Spectrogram 1	1	1203.200439	1203.530029	65	300
169	Waveform 1	1	1350.5271	1351.318115	75	135
169	Spectrogram 1	1	1350.5271	1351.318115	75	135
175	Waveform 1	1	1612.814697	1613.737549	65	165
175	Spectrogram 1	1	1612.814697	1613.737549	65	165
180	Waveform 1	1	1838.91333	1839.770264	65	165
180	Spectrogram 1	1	1838.91333	1839.770264	65	165
188	Waveform 1	1	2004.697021	2006.015381	65	350
188	Spectrogram 1	1	2004.697021	2006.015381	65	350
189	Waveform 1	1	2010.959229	2011.55249	65	300
189	Spectrogram 1	1	2010.959229	2011.55249	65	300
201	Waveform 1	1	2231.91626	2233.036865	65	400
201	Spectrogram 1	1	2231.91626	2233.036865	65	400
204	Waveform 1	1	2238.178467	2238.837646	65	165
204	Spectrogram 1	1	2238.178467	2238.837646	65	165
210	Waveform 1	1	2401.984619	2402.841553	65	145
210	Spectrogram 1	1	2401.984619	2402.841553	65	145
211	Waveform 1	1	2408.246826	2408.708252	75	165
211	Spectrogram 1	1	2408.246826	2408.708252	75	165
223	Waveform 1	1	2693.276123	2694.001221	65	250
223	Spectrogram 1	1	2693.276123	2694.001221	65	250
224	Waveform 1	1	2694.133057	2695.121826	65	125
224	Spectrogram 1	1	2694.133057	2695.121826	65	125
225	Waveform 1	1	2699.53833	2700.19751	65	350
225	Spectrogram 1	1	2699.53833	2700.19751	65	350
226	Waveform 1	1	2700.19751	2700.856689	85	450
226	Spectrogram 1	1	2700.19751	2700.856689	85	450
232	Waveform 1	1	2967.428955	2968.351807	65	300
232	Spectrogram 1	1	2967.428955	2968.351807	65	300
233	Waveform 1	1	2973.822998	2974.482178	65	165
233	Spectrogram 1	1	2973.822998	2974.482178	65	165
236	Waveform 1	1	3030.116943	3030.512451	65	350
236	Spectrogram 1	1	3030.116943	3030.512451	65	350
237	Waveform 1	1	3036.115479	3036.70874	65	165
237	Spectrogram 1	1	3036.115479	3036.70874	65	165
238	Waveform 1	1	3058.13208	3058.395752	65	300
238	Spectrogram 1	1	3058.13208	3058.395752	65	300
244	Waveform 1	1	3206.381592	3207.238525	65	350
244	Spectrogram 1	1	3206.381592	3207.238525	65	350
245	Waveform 1	1	3212.380127	3212.973389	65	300
245	Spectrogram 1	1	3212.380127	3212.973389	65	300
357	Waveform 1	1	3649.548096	3650.470947	65	300
357	Spectrogram 1	1	3649.548096	3650.470947	65	300
358	Waveform 1	1	3655.546631	3655.942139	115	165
358	Spectrogram 1	1	3655.546631	3655.942139	115	165
370	Waveform 1	1	3819.616455	3820.209717	65	145
370	Spectrogram 1	1	3819.616455	3820.209717	65	145
412	Waveform 1	1	3996.408447	3997.594971	75	300
412	Spectrogram 1	1	3996.408447	3997.594971	75	300
664	Waveform 1	1	4361.659912	4362.978271	85	300
664	Spectrogram 1	1	4361.659912	4362.978271	85	300
665	Waveform 1	1	4367.724365	4368.581299	65	165
665	Spectrogram 1	1	4367.724365	4368.581299	65	165
666	Waveform 1	1	4370.888428	4371.481689	65	165
666	Spectrogram 1	1	4370.888428	4371.481689	65	165
699	Waveform 1	1	4714.650635	4715.639404	65	350
699	Spectrogram 1	1	4714.650635	4715.639404	65	350
706	Waveform 1	1	4785.973877	4786.105713	115	300
706	Spectrogram 1	1	4785.973877	4786.105713	115	300
707	Waveform 1	1	4786.105713	4786.303467	65	650
707	Spectrogram 1	1	4786.105713	4786.303467	65	650
708	Waveform 1	1	4792.302002	4792.631592	65	450
708	Spectrogram 1	1	4792.302002	4792.631592	65	450
709	Waveform 1	1	4814.318604	4815.307373	65	165
709	Spectrogram 1	1	4814.318604	4815.307373	65	165
728	Waveform 1	1	5079.111084	5079.968018	65	350
728	Spectrogram 1	1	5079.111084	5079.968018	65	350
729	Waveform 1	1	5086.032471	5087.087158	85	165
729	Spectrogram 1	1	5086.032471	5087.087158	85	165
745	Waveform 1	1	5184.645752	5185.304932	65	300
745	Spectrogram 1	1	5184.645752	5185.304932	65	300
746	Waveform 1	1	5190.710205	5191.501221	65	750
746	Spectrogram 1	1	5190.710205	5191.501221	65	750
749	Waveform 1	1	5198.488525	5199.015869	65	300
749	Spectrogram 1	1	5198.488525	5199.015869	65	300
765	Waveform 1	1	5387.145752	5387.739014	65	300
765	Spectrogram 1	1	5387.145752	5387.739014	65	300
767	Waveform 1	1	5393.210205	5394.133057	75	165
767	Spectrogram 1	1	5393.210205	5394.133057	75	165
808	Waveform 1	1	5585.624756	5587.338623	65	165
808	Spectrogram 1	1	5585.624756	5587.338623	65	165
809	Waveform 1	1	5590.766357	5592.348389	65	165
809	Spectrogram 1	1	5590.766357	5592.348389	65	165
842	Waveform 1	1	5773.952393	5774.875244	65	300
842	Spectrogram 1	1	5773.952393	5774.875244	65	300
854	Waveform 1	1	5841.320557	5842.704834	85	165
854	Spectrogram 1	1	5841.320557	5842.704834	85	165
856	Waveform 1	1	5846.132568	5846.989502	125	165
856	Spectrogram 1	1	5846.132568	5846.989502	125	165
883	Waveform 1	1	6028.989014	6029.977783	65	165
883	Spectrogram 1	1	6028.989014	6029.977783	65	165
884	Waveform 1	1	6033.669189	6034.657959	65	250
884	Spectrogram 1	1	6033.669189	6034.657959	65	250
915	Waveform 1	1	6298.197998	6299.516357	65	165
915	Spectrogram 1	1	6298.197998	6299.516357	65	165
916	Waveform 1	1	6303.207764	6304.394287	65	165
916	Spectrogram 1	1	6303.207764	6304.394287	65	165
943	Waveform 1	1	6461.674561	6462.795166	85	165
943	Spectrogram 1	1	6461.674561	6462.795166	85	165
951	Waveform 1	1	6659.758057	6660.2854	105	350
951	Spectrogram 1	1	6659.758057	6660.2854	105	350
955	Waveform 1	1	6668.7229	6669.184326	105	450
955	Spectrogram 1	1	6668.7229	6669.184326	105	450
956	Waveform 1	1	6677.48999	6677.654785	65	400
956	Spectrogram 1	1	6677.48999	6677.654785	65	400
957	Waveform 1	1	6677.654785	6677.81958	95	300
957	Spectrogram 1	1	6677.654785	6677.81958	95	300
960	Waveform 1	1	6686.125244	6686.652588	125	350
960	Spectrogram 1	1	6686.125244	6686.652588	125	350
985	Waveform 1	1	7020.922607	7021.515869	105	650
985	Spectrogram 1	1	7020.922607	7021.515869	105	650
986	Waveform 1	1	7029.426025	7029.887451	125	350
986	Spectrogram 1	1	7029.426025	7029.887451	125	350
995	Waveform 1	1	7154.406494	7154.86792	65	500
995	Spectrogram 1	1	7154.406494	7154.86792	65	500
996	Waveform 1	1	7163.239502	7163.766846	65	450
996	Spectrogram 1	1	7163.239502	7163.766846	65	450
998	Waveform 1	1	7169.897217	7170.029053	135	650
998	Spectrogram 1	1	7169.897217	7170.029053	135	650
999	Waveform 1	1	7171.874756	7172.599854	65	400
999	Spectrogram 1	1	7171.874756	7172.599854	65	400
1001	Waveform 1	1	7180.312256	7181.169189	75	300
1001	Spectrogram 1	1	7180.312256	7181.169189	75	300
1002	Waveform 1	1	7189.2771	7189.936279	65	450
1002	Spectrogram 1	1	7189.2771	7189.936279	65	450
1003	Waveform 1	1	7198.176025	7198.571533	65	400
1003	Spectrogram 1	1	7198.176025	7198.571533	65	400
1005	Waveform 1	1	7215.446533	7216.501221	85	165
1005	Spectrogram 1	1	7215.446533	7216.501221	85	165
1018	Waveform 1	1	7471.537842	7471.999268	65	400
1018	Spectrogram 1	1	7471.537842	7471.999268	65	400
1020	Waveform 1	1	7480.04126	7481.030029	65	500
1020	Spectrogram 1	1	7480.04126	7481.030029	65	500
1021	Waveform 1	1	7489.006104	7490.126709	65	300
1021	Spectrogram 1	1	7489.006104	7490.126709	65	300
1024	Waveform 1	1	7497.443604	7498.564209	85	400
1024	Spectrogram 1	1	7497.443604	7498.564209	85	400
1033	Waveform 1	1	7593.420166	7593.749756	95	450
1033	Spectrogram 1	1	7593.420166	7593.749756	95	450
1034	Waveform 1	1	7602.187256	7602.912354	65	400
1034	Spectrogram 1	1	7602.187256	7602.912354	65	400
1035	Waveform 1	1	7610.888428	7611.020264	95	600
1035	Spectrogram 1	1	7610.888428	7611.020264	95	600
1037	Waveform 1	1	7619.325928	7619.787354	105	400
1037	Spectrogram 1	1	7619.325928	7619.787354	105	400
1038	Waveform 1	1	7627.69751	7628.422607	65	350
1038	Spectrogram 1	1	7627.69751	7628.422607	65	350
1041	Waveform 1	1	7644.57251	7644.704346	75	350
1041	Spectrogram 1	1	7644.57251	7644.704346	75	350
1047	Waveform 1	1	7725.981201	7726.574463	65	450
1047	Spectrogram 1	1	7725.981201	7726.574463	65	450
1049	Waveform 1	1	7734.814209	7735.605225	65	450
1049	Spectrogram 1	1	7734.814209	7735.605225	65	450
1050	Waveform 1	1	7743.449463	7743.581299	115	350
1050	Spectrogram 1	1	7743.449463	7743.581299	115	350
1051	Waveform 1	1	7743.581299	7744.635986	65	400
1051	Spectrogram 1	1	7743.581299	7744.635986	65	400
1052	Waveform 1	1	7751.952881	7752.94165	65	350
1052	Spectrogram 1	1	7751.952881	7752.94165	65	350
1053	Waveform 1	1	7760.785889	7761.37915	75	450
1053	Spectrogram 1	1	7760.785889	7761.37915	75	450
1054	Waveform 1	1	7786.955322	7787.68042	65	165
1054	Spectrogram 1	1	7786.955322	7787.68042	65	165
1059	Waveform 1	1	7910.02417	7910.947021	95	450
1059	Spectrogram 1	1	7910.02417	7910.947021	95	450
1060	Waveform 1	1	7919.186768	7920.043701	65	500
1060	Spectrogram 1	1	7919.186768	7920.043701	65	500
1061	Waveform 1	1	7927.887939	7928.415283	75	350
1061	Spectrogram 1	1	7927.887939	7928.415283	75	350
1062	Waveform 1	1	7931.711182	7932.436279	105	165
1062	Spectrogram 1	1	7931.711182	7932.436279	105	165
1063	Waveform 1	1	7936.391357	7937.116455	65	400
1063	Spectrogram 1	1	7936.391357	7937.116455	65	400
1064	Waveform 1	1	7944.828857	7945.619873	65	350
1064	Spectrogram 1	1	7944.828857	7945.619873	65	350
1065	Waveform 1	1	7953.200439	7954.189209	105	600
1065	Spectrogram 1	1	7953.200439	7954.189209	105	600
1077	Waveform 1	1	8100.19751	8100.593018	65	450
1077	Spectrogram 1	1	8100.19751	8100.593018	65	450
1078	Waveform 1	1	8108.898682	8109.689697	65	450
1078	Spectrogram 1	1	8108.898682	8109.689697	65	450
1079	Waveform 1	1	8117.4021	8118.061279	65	450
1079	Spectrogram 1	1	8117.4021	8118.061279	65	450
1081	Waveform 1	1	8125.8396	8126.366943	75	300
1081	Spectrogram 1	1	8125.8396	8126.366943	75	300
1082	Waveform 1	1	8127.355713	8128.278564	65	165
1082	Spectrogram 1	1	8127.355713	8128.278564	65	165
1083	Waveform 1	1	8134.408936	8134.804443	65	165
1083	Spectrogram 1	1	8134.408936	8134.804443	65	165
1084	Waveform 1	1	8142.7146	8143.373779	85	300
1084	Spectrogram 1	1	8142.7146	8143.373779	85	300
1085	Waveform 1	1	8151.086182	8151.613525	95	165
1085	Spectrogram 1	1	8151.086182	8151.613525	95	165
1098	Waveform 1	1	8359.123291	8359.848389	65	450
1098	Spectrogram 1	1	8359.123291	8359.848389	65	450
1127	Waveform 1	1	8538.61792	8539.211182	65	300
1127	Spectrogram 1	1	8538.61792	8539.211182	65	300
1128	Waveform 1	1	8544.616455	8545.011963	65	165
1128	Spectrogram 1	1	8544.616455	8545.011963	65	165
1162	Waveform 1	1	8727.077393	8728.46167	75	300
1162	Spectrogram 1	1	8727.077393	8728.46167	75	300
1173	Waveform 1	1	8791.74292	8792.138428	65	350
1173	Spectrogram 1	1	8791.74292	8792.138428	65	350
1185	Waveform 1	1	8873.349365	8874.206299	65	165
1185	Spectrogram 1	1	8873.349365	8874.206299	65	165
1186	Waveform 1	1	8879.743408	8880.534424	65	165
1186	Spectrogram 1	1	8879.743408	8880.534424	65	165
1202	Waveform 1	1	9023.180908	9023.77417	65	400
1202	Spectrogram 1	1	9023.180908	9023.77417	65	400
1203	Waveform 1	1	9040.97876	9041.30835	65	250
1203	Spectrogram 1	1	9040.97876	9041.30835	65	250
1204	Waveform 1	1	9041.30835	9042.297119	95	165
1204	Spectrogram 1	1	9041.30835	9042.297119	95	165
1205	Waveform 1	1	9094.174561	9094.50415	65	300
1205	Spectrogram 1	1	9094.174561	9094.50415	65	300
1221	Waveform 1	1	9373.073486	9373.864502	65	350
1221	Spectrogram 1	1	9373.073486	9373.864502	65	350
1236	Waveform 1	1	9594.360107	9595.348877	65	350
1236	Spectrogram 1	1	9594.360107	9595.348877	65	350
1249	Waveform 1	1	9823.227295	9823.952393	65	350
1249	Spectrogram 1	1	9823.227295	9823.952393	65	350
1250	Waveform 1	1	9842.54126	9843.134521	65	165
1250	Spectrogram 1	1	9842.54126	9843.134521	65	165
1258	Waveform 1	1	10175.427	10176.67944	65	145
1258	Spectrogram 1	1	10175.427	10176.67944	65	145
1275	Waveform 1	1	10588.8645	10589.39185	65	165
1275	Spectrogram 1	1	10588.8645	10589.39185	65	165
1277	Waveform 1	1	10688.92798	10689.58716	65	300
1277	Spectrogram 1	1	10688.92798	10689.58716	65	300
1279	Waveform 1	1	10707.58276	10708.11011	65	165
1279	Spectrogram 1	1	10707.58276	10708.11011	65	165
1285	Waveform 1	1	10934.99976	10935.72485	65	145
1285	Spectrogram 1	1	10934.99976	10935.72485	65	145
1286	Waveform 1	1	10941.32788	10942.58032	85	165
1286	Spectrogram 1	1	10941.32788	10942.58032	85	165
1294	Waveform 1	1	11302.69019	11303.21753	65	450
1294	Spectrogram 1	1	11302.69019	11303.21753	65	450
1308	Waveform 1	1	11604.79224	11605.71509	75	400
1308	Spectrogram 1	1	11604.79224	11605.71509	75	400
1317	Waveform 1	1	11811.77466	11812.23608	65	300
1317	Spectrogram 1	1	11811.77466	11812.23608	65	300
1318	Waveform 1	1	11817.90503	11818.49829	65	300
1318	Spectrogram 1	1	11817.90503	11818.49829	65	300
1324	Waveform 1	1	11930.62476	11931.1521	65	300
1324	Spectrogram 1	1	11930.62476	11931.1521	65	300
1333	Waveform 1	1	12202.66821	12203.26147	65	165
1333	Spectrogram 1	1	12202.66821	12203.26147	65	165
1334	Waveform 1	1	12232.72681	12233.12231	105	300
1334	Spectrogram 1	1	12232.72681	12233.12231	105	300
1335	Waveform 1	1	12236.7478	12237.20923	85	165
1335	Spectrogram 1	1	12236.7478	12237.20923	85	165
1338	Waveform 1	1	12262.52173	12262.7854	105	300
1338	Spectrogram 1	1	12262.52173	12262.7854	105	300
1339	Waveform 1	1	12267.26782	12267.53149	105	500
1339	Spectrogram 1	1	12267.26782	12267.53149	105	500
1340	Waveform 1	1	12299.23804	12299.8313	65	300
1340	Spectrogram 1	1	12299.23804	12299.8313	65	300
1344	Waveform 1	1	12319.21118	12319.54077	85	800
1344	Spectrogram 1	1	12319.21118	12319.54077	85	800
1346	Waveform 1	1	12362.25562	12363.17847	65	350
1346	Spectrogram 1	1	12362.25562	12363.17847	65	350
1347	Waveform 1	1	12371.55005	12372.53882	65	250
1347	Spectrogram 1	1	12371.55005	12372.53882	65	250
1348	Waveform 1	1	12379.85571	12380.71265	65	300
1348	Spectrogram 1	1	12379.85571	12380.71265	65	300
1349	Waveform 1	1	12386.18384	12387.23853	65	250
1349	Spectrogram 1	1	12386.18384	12387.23853	65	250
1350	Waveform 1	1	12392.51196	12393.23706	105	600
1350	Spectrogram 1	1	12392.51196	12393.23706	105	600
1352	Waveform 1	1	12418.54956	12419.40649	65	165
1352	Spectrogram 1	1	12418.54956	12419.40649	65	165
1353	Waveform 1	1	12423.88892	12424.67993	65	500
1353	Spectrogram 1	1	12423.88892	12424.67993	65	500
1355	Waveform 1	1	12444.58716	12445.70776	95	350
1355	Spectrogram 1	1	12444.58716	12445.70776	95	350
1357	Waveform 1	1	12450.9812	12452.03589	65	550
1357	Spectrogram 1	1	12450.9812	12452.03589	65	550
1361	Waveform 1	1	12485.52222	12486.24731	65	165
1361	Spectrogram 1	1	12485.52222	12486.24731	65	165
1363	Waveform 1	1	12513.14185	12513.86694	65	400
1363	Spectrogram 1	1	12513.14185	12513.86694	65	400
1364	Waveform 1	1	12520.19507	12521.18384	65	300
1364	Spectrogram 1	1	12520.19507	12521.18384	65	300
1365	Waveform 1	1	12526.98462	12527.77563	65	250
1365	Spectrogram 1	1	12526.98462	12527.77563	65	250
1366	Waveform 1	1	12543.20044	12543.92554	65	350
1366	Spectrogram 1	1	12543.20044	12543.92554	65	350
1369	Waveform 1	1	12601.66968	12601.93335	75	400
1369	Spectrogram 1	1	12601.66968	12601.93335	75	400
1370	Waveform 1	1	12617.09448	12617.29224	115	300
1370	Spectrogram 1	1	12617.09448	12617.29224	115	300
1373	Waveform 1	1	12628.36646	12628.56421	125	300
1373	Spectrogram 1	1	12628.36646	12628.56421	125	300
1379	Waveform 1	1	12734.5603	12734.95581	65	650
1379	Spectrogram 1	1	12734.5603	12734.95581	65	650
1380	Waveform 1	1	12735.54907	12735.94458	65	250
1380	Spectrogram 1	1	12735.54907	12735.94458	65	250
1381	Waveform 1	1	12741.67944	12742.40454	65	350
1381	Spectrogram 1	1	12741.67944	12742.40454	65	350
1382	Waveform 1	1	12749.19409	12750.05103	65	600
1382	Spectrogram 1	1	12749.19409	12750.05103	65	600
1383	Waveform 1	1	12757.03833	12757.89526	65	165
1383	Spectrogram 1	1	12757.03833	12757.89526	65	165
1385	Waveform 1	1	12766.33276	12767.51929	65	350
1385	Spectrogram 1	1	12766.33276	12767.51929	65	350
1386	Waveform 1	1	12775.09985	12775.95679	65	350
1386	Spectrogram 1	1	12775.09985	12775.95679	65	350
1387	Waveform 1	1	12782.54858	12783.07593	75	350
1387	Spectrogram 1	1	12782.54858	12783.07593	75	350
1388	Waveform 1	1	12796.06177	12796.45728	95	350
1388	Spectrogram 1	1	12796.06177	12796.45728	95	350
1389	Waveform 1	1	12806.27905	12806.60864	65	400
1389	Spectrogram 1	1	12806.27905	12806.60864	65	400
1393	Waveform 1	1	12819.00122	12819.6604	105	250
1393	Spectrogram 1	1	12819.00122	12819.6604	105	250
1394	Waveform 1	1	12832.90991	12833.63501	75	165
1394	Spectrogram 1	1	12832.90991	12833.63501	75	165
1395	Waveform 1	1	12840.16089	12840.42456	125	350
1395	Spectrogram 1	1	12840.16089	12840.42456	125	350
1399	Waveform 1	1	12856.31079	12856.50854	105	350
1399	Spectrogram 1	1	12856.31079	12856.50854	105	350
1400	Waveform 1	1	12862.96851	12863.16626	95	600
1400	Spectrogram 1	1	12862.96851	12863.16626	95	600
1401	Waveform 1	1	12877.40454	12877.73413	65	350
1401	Spectrogram 1	1	12877.40454	12877.73413	65	350
1402	Waveform 1	1	12882.21655	12882.34839	150	550
1402	Spectrogram 1	1	12882.21655	12882.34839	150	550
1430	Waveform 1	1	13020.05103	13020.84204	75	400
1430	Spectrogram 1	1	13020.05103	13020.84204	75	400
1431	Waveform 1	1	13030.53198	13031.38892	65	500
1431	Spectrogram 1	1	13030.53198	13031.38892	65	500
1433	Waveform 1	1	13040.61743	13041.86987	65	300
1433	Spectrogram 1	1	13040.61743	13041.86987	65	300
1459	Waveform 1	1	13170.27808	13170.7395	65	400
1459	Spectrogram 1	1	13170.27808	13170.7395	65	400
1461	Waveform 1	1	13178.84741	13180.49536	65	300
1461	Spectrogram 1	1	13178.84741	13180.49536	65	300
1462	Waveform 1	1	13186.03247	13186.42798	115	300
1462	Spectrogram 1	1	13186.03247	13186.42798	115	300
1466	Waveform 1	1	13201.98462	13203.03931	65	300
1466	Spectrogram 1	1	13201.98462	13203.03931	65	300
1471	Waveform 1	1	13245.35864	13246.54517	85	350
1471	Spectrogram 1	1	13245.35864	13246.54517	85	350
1510	Waveform 1	1	13388.20288	13389.32349	65	700
1510	Spectrogram 1	1	13388.20288	13389.32349	65	700
1512	Waveform 1	1	13398.09058	13399.01343	65	450
1512	Spectrogram 1	1	13398.09058	13399.01343	65	450
1513	Waveform 1	1	13399.01343	13399.21118	85	400
1513	Spectrogram 1	1	13399.01343	13399.21118	85	400
1515	Waveform 1	1	13406.19849	13406.85767	115	350
1515	Spectrogram 1	1	13406.19849	13406.85767	115	350
1522	Waveform 1	1	13426.4353	13426.56714	105	165
1522	Spectrogram 1	1	13426.4353	13426.56714	105	165
1523	Waveform 1	1	13426.56714	13427.09448	65	400
1523	Spectrogram 1	1	13426.56714	13427.09448	65	400
1525	Waveform 1	1	13430.25854	13430.4563	135	550
1525	Spectrogram 1	1	13430.25854	13430.4563	135	550
1526	Waveform 1	1	13439.6189	13440.0144	65	600
1526	Spectrogram 1	1	13439.6189	13440.0144	65	600
1527	Waveform 1	1	13441.79419	13441.86011	200	600
1527	Spectrogram 1	1	13441.79419	13441.86011	200	600
1528	Waveform 1	1	13441.86011	13442.78296	65	700
1528	Spectrogram 1	1	13441.86011	13442.78296	65	700
1531	Waveform 1	1	13451.48413	13451.87964	135	800
1531	Spectrogram 1	1	13451.48413	13451.87964	135	800
1533	Waveform 1	1	13461.83325	13462.16284	65	500
1533	Spectrogram 1	1	13461.83325	13462.16284	65	500
1535	Waveform 1	1	13471.12769	13471.39136	115	850
1535	Spectrogram 1	1	13471.12769	13471.39136	115	850
1536	Waveform 1	1	13473.43481	13474.02808	75	700
1536	Spectrogram 1	1	13473.43481	13474.02808	75	700
1537	Waveform 1	1	13475.61011	13476.46704	85	850
1537	Spectrogram 1	1	13475.61011	13476.46704	85	850
1540	Waveform 1	1	13487.73901	13487.80493	85	350
1540	Spectrogram 1	1	13487.73901	13487.80493	85	350
1541	Waveform 1	1	13487.80493	13488.00269	500	750
1541	Spectrogram 1	1	13487.80493	13488.00269	500	750
1542	Waveform 1	1	13488.00269	13488.46411	65	400
1542	Spectrogram 1	1	13488.00269	13488.46411	65	400
1543	Waveform 1	1	13505.40503	13505.60278	115	550
1543	Spectrogram 1	1	13505.40503	13505.60278	115	550
1545	Waveform 1	1	13508.2395	13508.43726	65	650
1545	Spectrogram 1	1	13508.2395	13508.43726	65	650
1549	Waveform 1	1	13515.49048	13515.62231	115	850
1549	Spectrogram 1	1	13515.49048	13515.62231	115	850
1554	Waveform 1	1	13562.29224	13562.62183	65	400
1554	Spectrogram 1	1	13562.29224	13562.62183	65	400
1555	Waveform 1	1	13567.23608	13568.29077	65	300
1555	Spectrogram 1	1	13567.23608	13568.29077	65	300
1557	Waveform 1	1	13575.14624	13576.06909	65	300
1557	Spectrogram 1	1	13575.14624	13576.06909	65	300
1559	Waveform 1	1	13580.09009	13580.41968	125	550
1559	Spectrogram 1	1	13580.09009	13580.41968	125	550
1561	Waveform 1	1	13590.17554	13590.63696	105	600
1561	Spectrogram 1	1	13590.17554	13590.63696	105	600
1569	Waveform 1	1	13618.38843	13618.71802	95	600
1569	Spectrogram 1	1	13618.38843	13618.71802	95	600
1570	Waveform 1	1	13620.43188	13620.82739	75	450
1570	Spectrogram 1	1	13620.43188	13620.82739	75	450
1571	Waveform 1	1	13622.80493	13623.00269	65	600
1571	Spectrogram 1	1	13622.80493	13623.00269	65	600
1572	Waveform 1	1	13625.30981	13625.77124	250	650
1572	Spectrogram 1	1	13625.30981	13625.77124	250	650
1573	Waveform 1	1	13627.8147	13627.94653	150	500
1573	Spectrogram 1	1	13627.8147	13627.94653	150	500
1574	Waveform 1	1	13633.02222	13633.35181	135	850
1574	Spectrogram 1	1	13633.02222	13633.35181	135	850
1578	Waveform 1	1	13643.17358	13643.70093	115	850
1578	Spectrogram 1	1	13643.17358	13643.70093	115	850
1579	Waveform 1	1	13645.48071	13645.87622	115	850
1579	Spectrogram 1	1	13645.48071	13645.87622	115	850
1580	Waveform 1	1	13645.87622	13645.94214	250	450
1580	Spectrogram 1	1	13645.87622	13645.94214	250	450
1581	Waveform 1	1	13648.18335	13648.3811	150	500
1581	Spectrogram 1	1	13648.18335	13648.3811	150	500
1582	Waveform 1	1	13650.82007	13651.08374	65	500
1582	Spectrogram 1	1	13650.82007	13651.08374	65	500
1583	Waveform 1	1	13651.08374	13651.47925	105	350
1583	Spectrogram 1	1	13651.08374	13651.47925	105	350
1584	Waveform 1	1	13653.19312	13653.58862	75	650
1584	Spectrogram 1	1	13653.19312	13653.58862	75	650
1586	Waveform 1	1	13668.74976	13669.67261	95	600
1586	Spectrogram 1	1	13668.74976	13669.67261	95	600
1588	Waveform 1	1	13677.12134	13677.38501	135	700
1588	Spectrogram 1	1	13677.12134	13677.38501	135	700
1590	Waveform 1	1	13679.88989	13680.41724	65	500
1590	Spectrogram 1	1	13679.88989	13680.41724	65	500
1591	Waveform 1	1	13682.59253	13682.79028	85	400
1591	Spectrogram 1	1	13682.59253	13682.79028	85	400
1592	Waveform 1	1	13685.22925	13685.55884	125	400
1592	Spectrogram 1	1	13685.22925	13685.55884	125	400
1593	Waveform 1	1	13687.60229	13687.9978	65	700
1593	Spectrogram 1	1	13687.60229	13687.9978	65	700
1594	Waveform 1	1	13689.90942	13690.30493	65	650
1594	Spectrogram 1	1	13689.90942	13690.30493	65	650
1604	Waveform 1	1	13751.8064	13753.19067	65	750
1604	Spectrogram 1	1	13751.8064	13753.19067	65	750
1606	Waveform 1	1	13759.65063	13760.2439	65	600
1606	Spectrogram 1	1	13759.65063	13760.2439	65	600
1607	Waveform 1	1	13767.89038	13768.41772	65	400
1607	Spectrogram 1	1	13767.89038	13768.41772	65	400
1608	Waveform 1	1	13770.65894	13771.12036	95	165
1608	Spectrogram 1	1	13770.65894	13771.12036	95	165
1609	Waveform 1	1	13775.80054	13776.65747	65	500
1609	Spectrogram 1	1	13775.80054	13776.65747	65	500
1610	Waveform 1	1	13779.62378	13779.6897	125	500
1610	Spectrogram 1	1	13779.62378	13779.6897	125	500
1611	Waveform 1	1	13779.6897	13780.41479	65	600
1611	Spectrogram 1	1	13779.6897	13780.41479	65	600
1612	Waveform 1	1	13785.42456	13786.08374	95	700
1612	Spectrogram 1	1	13785.42456	13786.08374	95	700
1616	Waveform 1	1	13799.92651	13800.45386	105	400
1616	Spectrogram 1	1	13799.92651	13800.45386	105	400
1617	Waveform 1	1	13801.96997	13803.02466	65	500
1617	Spectrogram 1	1	13801.96997	13803.02466	65	500
1618	Waveform 1	1	13806.91382	13807.70483	75	500
1618	Spectrogram 1	1	13806.91382	13807.70483	75	500
1619	Waveform 1	1	13809.02319	13809.35278	75	500
1619	Spectrogram 1	1	13809.02319	13809.35278	75	500
1621	Waveform 1	1	13813.4397	13813.70337	85	650
1621	Spectrogram 1	1	13813.4397	13813.70337	85	650
1622	Waveform 1	1	13820.03149	13820.49292	125	700
1622	Spectrogram 1	1	13820.03149	13820.49292	125	700
1624	Waveform 1	1	13829.85327	13830.18286	65	700
1624	Spectrogram 1	1	13829.85327	13830.18286	65	700
1625	Waveform 1	1	13834.46753	13835.78589	65	500
1625	Spectrogram 1	1	13834.46753	13835.78589	65	500
1626	Waveform 1	1	13837.03833	13837.49976	75	800
1626	Spectrogram 1	1	13837.03833	13837.49976	75	800
1631	Waveform 1	1	13855.23169	13855.6272	135	500
1631	Spectrogram 1	1	13855.23169	13855.6272	135	500
1633	Waveform 1	1	13857.80249	13859.51636	65	650
1633	Spectrogram 1	1	13857.80249	13859.51636	65	650
1634	Waveform 1	1	13864.85571	13865.11938	95	500
1634	Spectrogram 1	1	13864.85571	13865.11938	95	500
1635	Waveform 1	1	13867.69019	13868.21753	75	350
1635	Spectrogram 1	1	13867.69019	13868.21753	75	350
1636	Waveform 1	1	13870.98608	13871.24976	65	550
1636	Spectrogram 1	1	13870.98608	13871.24976	65	550
1638	Waveform 1	1	13873.6228	13874.3479	85	300
1638	Spectrogram 1	1	13873.6228	13874.3479	85	300
1639	Waveform 1	1	13876.85278	13877.18237	95	400
1639	Spectrogram 1	1	13876.85278	13877.18237	95	400
1651	Waveform 1	1	13947.97827	13948.63745	65	450
1651	Spectrogram 1	1	13947.97827	13948.63745	65	450
1654	Waveform 1	1	13952.72437	13952.92212	125	350
1654	Spectrogram 1	1	13952.72437	13952.92212	125	350
1655	Waveform 1	1	13955.03149	13955.16333	500	750
1655	Spectrogram 1	1	13955.03149	13955.16333	500	750
1656	Waveform 1	1	13955.16333	13956.74536	65	450
1656	Spectrogram 1	1	13955.16333	13956.74536	65	450
1657	Waveform 1	1	13957.93188	13958.26147	85	250
1657	Spectrogram 1	1	13957.93188	13958.26147	85	250
1658	Waveform 1	1	13960.5686	13960.63452	85	450
1658	Spectrogram 1	1	13960.5686	13960.63452	85	450
1659	Waveform 1	1	13960.63452	13961.16187	65	500
1659	Spectrogram 1	1	13960.63452	13961.16187	65	500
1660	Waveform 1	1	13964.39185	13964.65552	65	350
1660	Spectrogram 1	1	13964.39185	13964.65552	65	350
1662	Waveform 1	1	13968.80835	13969.46753	65	400
1662	Spectrogram 1	1	13968.80835	13969.46753	65	400
1663	Waveform 1	1	13969.46753	13969.53345	85	350
1663	Spectrogram 1	1	13969.46753	13969.53345	85	350
1664	Waveform 1	1	13971.97241	13972.56567	65	300
1664	Spectrogram 1	1	13971.97241	13972.56567	65	300
1666	Waveform 1	1	13978.69604	13979.75073	65	300
1666	Spectrogram 1	1	13978.69604	13979.75073	65	300
1668	Waveform 1	1	13982.1897	13982.65112	85	550
1668	Spectrogram 1	1	13982.1897	13982.65112	85	550
1672	Waveform 1	1	13993.59351	13994.18677	125	750
1672	Spectrogram 1	1	13993.59351	13994.18677	125	750
1685	Waveform 1	1	14028.26636	14030.44165	65	800
1685	Spectrogram 1	1	14028.26636	14030.44165	65	800
1686	Waveform 1	1	14030.44165	14031.16675	105	600
1686	Spectrogram 1	1	14030.44165	14031.16675	105	600
1687	Waveform 1	1	14032.55103	14032.74878	500	800
1687	Spectrogram 1	1	14032.55103	14032.74878	500	800
1688	Waveform 1	1	14032.74878	14032.78174	200	650
1688	Spectrogram 1	1	14032.74878	14032.78174	200	650
1689	Waveform 1	1	14032.78174	14033.01245	150	800
1689	Spectrogram 1	1	14032.78174	14033.01245	150	800
1690	Waveform 1	1	14035.05591	14035.45142	115	550
1690	Spectrogram 1	1	14035.05591	14035.45142	115	550
1691	Waveform 1	1	14037.36304	14037.75854	75	600
1691	Spectrogram 1	1	14037.36304	14037.75854	75	600
1692	Waveform 1	1	14039.60425	14039.802	75	650
1692	Spectrogram 1	1	14039.60425	14039.802	75	650
1693	Waveform 1	1	14042.04321	14042.24097	150	500
1693	Spectrogram 1	1	14042.04321	14042.24097	150	500
1694	Waveform 1	1	14044.81177	14045.20728	65	700
1694	Spectrogram 1	1	14044.81177	14045.20728	65	700
1695	Waveform 1	1	14051.60132	14051.79907	65	750
1695	Spectrogram 1	1	14051.60132	14051.79907	65	750
1696	Waveform 1	1	14051.79907	14051.86499	500	700
1696	Spectrogram 1	1	14051.79907	14051.86499	500	700
1698	Waveform 1	1	14056.28149	14056.87476	75	750
1698	Spectrogram 1	1	14056.28149	14056.87476	75	750
1700	Waveform 1	1	14060.89575	14061.15942	95	850
1700	Spectrogram 1	1	14060.89575	14061.15942	95	850
1702	Waveform 1	1	14063.20288	14063.59839	95	850
1702	Spectrogram 1	1	14063.20288	14063.59839	95	850
1703	Waveform 1	1	14065.64185	14065.80664	115	800
1703	Spectrogram 1	1	14065.64185	14065.80664	115	800
1704	Waveform 1	1	14065.80664	14065.97144	105	450
1704	Spectrogram 1	1	14065.80664	14065.97144	105	450
1705	Waveform 1	1	14068.01489	14068.47632	65	300
1705	Spectrogram 1	1	14068.01489	14068.47632	65	300
1706	Waveform 1	1	14070.48682	14070.84937	65	400
1706	Spectrogram 1	1	14070.48682	14070.84937	65	400
1707	Waveform 1	1	14072.56323	14072.69507	150	700
1707	Spectrogram 1	1	14072.56323	14072.69507	150	700
1708	Waveform 1	1	14080.8689	14081.06665	75	650
1708	Spectrogram 1	1	14080.8689	14081.06665	75	650
1709	Waveform 1	1	14086.0105	14086.47192	65	500
1709	Spectrogram 1	1	14086.0105	14086.47192	65	500
1710	Waveform 1	1	14088.77905	14089.3064	65	700
1710	Spectrogram 1	1	14088.77905	14089.3064	65	700
1711	Waveform 1	1	14091.74536	14092.53638	115	850
1711	Spectrogram 1	1	14091.74536	14092.53638	115	850
1712	Waveform 1	1	14094.448	14095.10718	65	600
1712	Spectrogram 1	1	14094.448	14095.10718	65	600
1713	Waveform 1	1	14100.24878	14100.57837	65	350
1713	Spectrogram 1	1	14100.24878	14100.57837	65	350
1714	Waveform 1	1	14103.14917	14103.34692	105	400
1714	Spectrogram 1	1	14103.14917	14103.34692	105	400
1715	Waveform 1	1	14114.15747	14114.35522	95	850
1715	Spectrogram 1	1	14114.15747	14114.35522	95	850
1718	Waveform 1	1	14168.01245	14168.60571	65	450
1718	Spectrogram 1	1	14168.01245	14168.60571	65	450
1721	Waveform 1	1	14175.65894	14176.2522	65	300
1721	Spectrogram 1	1	14175.65894	14176.2522	65	300
1722	Waveform 1	1	14181.13013	14181.59155	115	165
1722	Spectrogram 1	1	14181.13013	14181.59155	115	165
1723	Waveform 1	1	14183.50317	14184.03052	105	350
1723	Spectrogram 1	1	14183.50317	14184.03052	105	350
1725	Waveform 1	1	14190.88599	14192.4021	65	550
1725	Spectrogram 1	1	14190.88599	14192.4021	65	550
1726	Waveform 1	1	14197.93921	14198.92798	65	600
1726	Spectrogram 1	1	14197.93921	14198.92798	65	600
1727	Waveform 1	1	14212.24341	14213.03442	95	300
1727	Spectrogram 1	1	14212.24341	14213.03442	95	300
1728	Waveform 1	1	14217.38501	14218.11011	65	500
1728	Spectrogram 1	1	14217.38501	14218.11011	65	500
1730	Waveform 1	1	14224.37231	14224.76782	250	450
1730	Spectrogram 1	1	14224.37231	14224.76782	250	450
1731	Waveform 1	1	14226.08618	14226.48169	65	350
1731	Spectrogram 1	1	14226.08618	14226.48169	65	350
1735	Waveform 1	1	14246.05933	14246.58667	65	700
1735	Spectrogram 1	1	14246.05933	14246.58667	65	700
1737	Waveform 1	1	14248.56421	14248.8938	85	650
1737	Spectrogram 1	1	14248.56421	14248.8938	85	650
1747	Waveform 1	1	14291.87231	14292.53149	65	600
1747	Spectrogram 1	1	14291.87231	14292.53149	65	600
1750	Waveform 1	1	14299.12329	14299.38696	115	500
1750	Spectrogram 1	1	14299.12329	14299.38696	115	500
1752	Waveform 1	1	14306.90161	14306.96753	75	450
1752	Spectrogram 1	1	14306.90161	14306.96753	75	450
1753	Waveform 1	1	14306.96753	14307.36304	65	500
1753	Spectrogram 1	1	14306.96753	14307.36304	65	500
1754	Waveform 1	1	14314.21851	14314.41626	65	850
1754	Spectrogram 1	1	14314.21851	14314.41626	65	850
1755	Waveform 1	1	14314.41626	14315.00952	115	800
1755	Spectrogram 1	1	14314.41626	14315.00952	115	800
1757	Waveform 1	1	14325.68823	14326.14966	65	450
1757	Spectrogram 1	1	14325.68823	14326.14966	65	450
1758	Waveform 1	1	14328.85229	14329.11597	75	300
1758	Spectrogram 1	1	14328.85229	14329.11597	75	300
1760	Waveform 1	1	14334.91675	14335.97144	65	350
1760	Spectrogram 1	1	14334.91675	14335.97144	65	350
1761	Waveform 1	1	14338.14673	14338.80591	65	450
1761	Spectrogram 1	1	14338.14673	14338.80591	65	450
1767	Waveform 1	1	14396.68188	14397.01147	65	600
1767	Spectrogram 1	1	14396.68188	14397.01147	65	600
1769	Waveform 1	1	14407.49243	14408.54712	85	450
1769	Spectrogram 1	1	14407.49243	14408.54712	85	450
1771	Waveform 1	1	14412.69995	14413.29321	65	250
1771	Spectrogram 1	1	14412.69995	14413.29321	65	250
1772	Waveform 1	1	14415.73218	14416.85278	85	300
1772	Spectrogram 1	1	14415.73218	14416.85278	85	300
1773	Waveform 1	1	14418.23706	14420.2146	65	350
1773	Spectrogram 1	1	14418.23706	14420.2146	65	350
1776	Waveform 1	1	14425.22437	14425.75171	105	650
1776	Spectrogram 1	1	14425.22437	14425.75171	105	650
1777	Waveform 1	1	14430.03638	14430.89331	125	600
1777	Spectrogram 1	1	14430.03638	14430.89331	125	600
1779	Waveform 1	1	14439.59448	14439.6604	85	125
1779	Spectrogram 1	1	14439.59448	14439.6604	85	125
1780	Waveform 1	1	14439.6604	14441.04468	65	500
1780	Spectrogram 1	1	14439.6604	14441.04468	65	500
1783	Waveform 1	1	14454.95337	14455.87622	115	600
1783	Spectrogram 1	1	14454.95337	14455.87622	115	600
1785	Waveform 1	1	14464.57739	14465.10474	65	300
1785	Spectrogram 1	1	14464.57739	14465.10474	65	300
1786	Waveform 1	1	14465.10474	14465.23657	150	250
1786	Spectrogram 1	1	14465.10474	14465.23657	150	250
1787	Waveform 1	1	14466.95044	14467.80737	65	300
1787	Spectrogram 1	1	14466.95044	14467.80737	65	300
1788	Waveform 1	1	14469.3894	14470.04858	85	600
1788	Spectrogram 1	1	14469.3894	14470.04858	85	600
1790	Waveform 1	1	14483.03442	14484.15503	65	600
1790	Spectrogram 1	1	14483.03442	14484.15503	65	600
1791	Waveform 1	1	14485.40747	14486.52808	65	300
1791	Spectrogram 1	1	14485.40747	14486.52808	65	300
1792	Waveform 1	1	14492.8562	14493.64722	65	650
1792	Spectrogram 1	1	14492.8562	14493.64722	65	650
1795	Waveform 1	1	14503.40308	14503.8645	65	600
1795	Spectrogram 1	1	14503.40308	14503.8645	65	600
1796	Waveform 1	1	14505.74316	14507.02856	85	400
1796	Spectrogram 1	1	14505.74316	14507.02856	85	400
1797	Waveform 1	1	14508.01733	14508.08325	200	300
1797	Spectrogram 1	1	14508.01733	14508.08325	200	300
1798	Waveform 1	1	14508.08325	14508.6106	85	600
1798	Spectrogram 1	1	14508.08325	14508.6106	85	600
1799	Waveform 1	1	14510.4563	14510.71997	85	850
1799	Spectrogram 1	1	14510.4563	14510.71997	85	850
1800	Waveform 1	1	14510.71997	14510.85181	200	350
1800	Spectrogram 1	1	14510.71997	14510.85181	200	350
1802	Waveform 1	1	14515.33423	14515.5979	125	550
1802	Spectrogram 1	1	14515.33423	14515.5979	125	550
1806	Waveform 1	1	14525.02417	14525.09009	450	600
1806	Spectrogram 1	1	14525.02417	14525.09009	450	600
1807	Waveform 1	1	14525.09009	14525.4856	115	800
1807	Spectrogram 1	1	14525.09009	14525.4856	115	800
1812	Waveform 1	1	14530.6272	14530.82495	150	600
1812	Spectrogram 1	1	14530.6272	14530.82495	150	600
1814	Waveform 1	1	14533.46167	14533.65942	125	450
1814	Spectrogram 1	1	14533.46167	14533.65942	125	450
1816	Waveform 1	1	14538.99878	14539.39429	75	650
1816	Spectrogram 1	1	14538.99878	14539.39429	75	650
1818	Waveform 1	1	14550.86401	14551.1936	85	300
1818	Spectrogram 1	1	14550.86401	14551.1936	85	300
1819	Waveform 1	1	14553.56665	14553.7644	125	700
1819	Spectrogram 1	1	14553.56665	14553.7644	125	700
1821	Waveform 1	1	14556.13745	14556.66479	65	600
1821	Spectrogram 1	1	14556.13745	14556.66479	65	600
1824	Waveform 1	1	14561.8064	14562.33374	65	500
1824	Spectrogram 1	1	14561.8064	14562.33374	65	500
1825	Waveform 1	1	14568.59595	14569.25513	65	300
1825	Spectrogram 1	1	14568.59595	14569.25513	65	300
1826	Waveform 1	1	14574.85815	14574.98999	115	400
1826	Spectrogram 1	1	14574.85815	14574.98999	115	400
1828	Waveform 1	1	14577.49487	14577.82446	105	550
1828	Spectrogram 1	1	14577.49487	14577.82446	105	550
1829	Waveform 1	1	14583.95483	14584.5481	65	850
1829	Spectrogram 1	1	14583.95483	14584.5481	65	850
1835	Waveform 1	1	14633.32739	14633.98657	65	550
1835	Spectrogram 1	1	14633.32739	14633.98657	65	550
1836	Waveform 1	1	14639.06226	14639.72144	95	350
1836	Spectrogram 1	1	14639.06226	14639.72144	95	350
1837	Waveform 1	1	14641.69897	14642.1604	65	350
1837	Spectrogram 1	1	14641.69897	14642.1604	65	350
1838	Waveform 1	1	14642.1604	14642.22632	200	300
1838	Spectrogram 1	1	14642.1604	14642.22632	200	300
1839	Waveform 1	1	14644.46753	14644.92896	75	750
1839	Spectrogram 1	1	14644.46753	14644.92896	75	750
1840	Waveform 1	1	14647.10425	14648.0271	65	650
1840	Spectrogram 1	1	14647.10425	14648.0271	65	650
1841	Waveform 1	1	14652.24585	14652.64136	75	400
1841	Spectrogram 1	1	14652.24585	14652.64136	75	400
1842	Waveform 1	1	14654.75073	14655.27808	65	300
1842	Spectrogram 1	1	14654.75073	14655.27808	65	300
1843	Waveform 1	1	14659.69458	14659.7605	105	135
1843	Spectrogram 1	1	14659.69458	14659.7605	105	135
1844	Waveform 1	1	14659.7605	14660.02417	150	300
1844	Spectrogram 1	1	14659.7605	14660.02417	150	300
1845	Waveform 1	1	14665.09985	14665.95679	65	350
1845	Spectrogram 1	1	14665.09985	14665.95679	65	350
1847	Waveform 1	1	14682.23853	14683.29321	65	800
1847	Spectrogram 1	1	14682.23853	14683.29321	65	800
1850	Waveform 1	1	14691.73071	14691.99438	200	600
1850	Spectrogram 1	1	14691.73071	14691.99438	200	600
1851	Waveform 1	1	14693.90601	14694.2356	125	700
1851	Spectrogram 1	1	14693.90601	14694.2356	125	700
1852	Waveform 1	1	14696.21313	14696.54272	75	300
1852	Spectrogram 1	1	14696.21313	14696.54272	75	300
1853	Waveform 1	1	14703.26636	14703.33228	65	600
1853	Spectrogram 1	1	14703.26636	14703.33228	65	600
1854	Waveform 1	1	14703.33228	14704.12329	135	300
1854	Spectrogram 1	1	14703.33228	14704.12329	135	300
1855	Waveform 1	1	14708.01245	14708.47388	65	650
1855	Spectrogram 1	1	14708.01245	14708.47388	65	650
1857	Waveform 1	1	14710.58325	14711.04468	65	400
1857	Spectrogram 1	1	14710.58325	14711.04468	65	400
1860	Waveform 1	1	14731.677	14732.07251	115	500
1860	Spectrogram 1	1	14731.677	14732.07251	115	500
1861	Waveform 1	1	14736.4231	14736.68677	85	600
1861	Spectrogram 1	1	14736.4231	14736.68677	85	600
1862	Waveform 1	1	14738.73022	14739.3894	65	450
1862	Spectrogram 1	1	14738.73022	14739.3894	65	450
1863	Waveform 1	1	14741.16919	14741.49878	75	500
1863	Spectrogram 1	1	14741.16919	14741.49878	75	500
1864	Waveform 1	1	14743.54224	14744.1355	65	800
1864	Spectrogram 1	1	14743.54224	14744.1355	65	800
1865	Waveform 1	1	14747.89282	14748.61792	85	800
1865	Spectrogram 1	1	14747.89282	14748.61792	85	800
1866	Waveform 1	1	14757.51685	14758.11011	65	650
1866	Spectrogram 1	1	14757.51685	14758.11011	65	650
1868	Waveform 1	1	14762.46069	14762.79028	85	350
1868	Spectrogram 1	1	14762.46069	14762.79028	85	350
1870	Waveform 1	1	14767.33862	14767.66821	85	700
1870	Spectrogram 1	1	14767.33862	14767.66821	85	700
1871	Waveform 1	1	14780.32446	14780.4563	65	650
1871	Spectrogram 1	1	14780.32446	14780.4563	65	650
1872	Waveform 1	1	14785.40015	14785.79565	75	850
1872	Spectrogram 1	1	14785.40015	14785.79565	75	850
1873	Waveform 1	1	14785.79565	14785.92749	200	800
1873	Spectrogram 1	1	14785.79565	14785.92749	200	800
1876	Waveform 1	1	14794.36499	14795.35376	65	850
1876	Spectrogram 1	1	14794.36499	14795.35376	65	850
1878	Waveform 1	1	14800.89087	14801.87964	65	750
1878	Spectrogram 1	1	14800.89087	14801.87964	65	750
1897	Waveform 1	1	14877.8501	14877.88306	115	500
1897	Spectrogram 1	1	14877.8501	14877.88306	115	500
1898	Waveform 1	1	14877.88306	14878.21265	65	850
1898	Spectrogram 1	1	14877.88306	14878.21265	65	850
1899	Waveform 1	1	14880.19019	14880.51978	65	600
1899	Spectrogram 1	1	14880.19019	14880.51978	65	600
1900	Waveform 1	1	14887.17749	14888.95728	65	350
1900	Spectrogram 1	1	14887.17749	14888.95728	65	350
1902	Waveform 1	1	14894.95581	14895.61499	65	350
1902	Spectrogram 1	1	14894.95581	14895.61499	65	350
1903	Waveform 1	1	14897.72437	14898.25171	65	350
1903	Spectrogram 1	1	14897.72437	14898.25171	65	350
1904	Waveform 1	1	14900.29517	14900.88843	65	350
1904	Spectrogram 1	1	14900.29517	14900.88843	65	350
1907	Waveform 1	1	14909.32593	14910.18286	65	500
1907	Spectrogram 1	1	14909.32593	14910.18286	65	500
1909	Waveform 1	1	14915.12671	14916.37915	75	300
1909	Spectrogram 1	1	14915.12671	14916.37915	75	300
1912	Waveform 1	1	14921.91626	14922.57544	65	400
1912	Spectrogram 1	1	14921.91626	14922.57544	65	400
