Selection	View	Channel	Begin Time (s)	End Time (s)	Low Freq (Hz)	High Freq (Hz)	TP/FP/FN
1	Waveform 1	1	11.652518666	12.563533761	61.0	176.2	FN
2	Waveform 1	1	13.283871279	14.427936748	127.8	224.6	FN
3	Waveform 1	1	75.080465586	76.033853477	114.0	222.3	FN
4	Waveform 1	1	221.326254247	222.110150957	91.0	199.3	FN
5	Waveform 1	1	262.542327019	263.728765283	74.8	206.2	FN
6	Waveform 1	1	375.017364502	375.435211182	135.0	175.0	FP
7	Waveform 1	1	398.068572998	398.625701904	135.0	175.0	TP
8	Waveform 1	1	428.989227295	429.615997314	135.0	175.0	TP
9	Waveform 1	1	467.988250732	468.406097412	135.0	175.0	TP
10	Waveform 1	1	547.939377787	549.484829188	57.5	165.6	FN
11	Waveform 1	1	629.515134191	630.818161843	60.2	184.5	FN
12	Waveform 1	1	675.242368818	676.606002407	79.1	203.4	FN
13	Waveform 1	1	834.969652272	836.484800705	52.1	181.8	FN
14	Waveform 1	1	879.363611210	880.363609175	76.4	149.4	FN
15	Waveform 1	1	903.727252937	904.999977620	57.5	173.7	FN
16	Waveform 1	1	940.272688062	941.302988996	73.7	179.1	FN
17	Waveform 1	1	973.727220385	975.030248037	76.4	165.6	FN
18	Waveform 1	1	1110.090853974	1111.121154908	65.6	168.3	FN
19	Waveform 1	1	1146.060587627	1146.909070749	71.0	179.1	FN
20	Waveform 1	1	1173.666647000	1175.060583558	57.5	165.6	FN
21	Waveform 1	1	1215.636313514	1216.999947103	46.7	184.5	FN
22	Waveform 1	1	1251.999985758	1253.484831222	57.5	189.9	FN
23	Waveform 1	1	1321.606014614	1323.121163046	62.9	154.8	FN
24	Waveform 1	1	1581.614450478	1583.671906903	71.3	166.3	FN
25	Waveform 1	1	1867.426422119	1867.983551025	135.0	175.0	TP
26	Waveform 1	1	1899.884101366	1901.357685022	69.0	209.3	FN
27	Waveform 1	1	1943.404876709	1943.962005615	135.0	175.0	TP
28	Waveform 1	1	1980.732513428	1981.150360107	135.0	175.0	TP
29	Waveform 1	1	2011.665372635	2012.555083521	55.4	152.7	FN
30	Waveform 1	1	2038.604278564	2039.022125244	135.0	175.0	TP
31	Waveform 1	1	2100.397571242	2101.954565294	64.5	182.1	FN
32	Waveform 1	1	2143.189939483	2144.663523139	75.8	193.5	FN
33	Waveform 1	1	2183.343813807	2184.567166276	69.0	170.8	FN
34	Waveform 1	1	2218.556915283	2219.114044189	135.0	175.0	TP
35	Waveform 1	1	2248.850799561	2249.338287354	135.0	175.0	TP
36	Waveform 1	1	2291.260403411	2292.233524694	75.8	179.9	FN
37	Waveform 1	1	2330.966587014	2331.939708296	62.2	157.3	FN
38	Waveform 1	1	2385.772887505	2386.857222648	57.7	164.0	FN
39	Waveform 1	1	2436.797916727	2437.993465731	55.4	161.8	FN
40	Waveform 1	1	2588.927686576	2591.040749933	73.5	218.3	FN
41	Waveform 1	1	2633.129708814	2635.353986031	71.3	191.2	FN
42	Waveform 1	1	2702.841501938	2704.259478664	64.5	177.6	FN
43	Waveform 1	1	2773.944793701	2774.432281494	135.0	175.0	TP
44	Waveform 1	1	2839.009247477	2840.065779155	71.3	198.0	FN
45	Waveform 1	1	2880.022193944	2881.301153344	60.0	204.8	FN
46	Waveform 1	1	2947.908294678	2948.326141357	135.0	175.0	TP
47	Waveform 1	1	2979.931385567	2981.293755362	64.5	200.2	FN
48	Waveform 1	1	3127.723814843	3129.475433152	69.0	152.7	FN
49	Waveform 1	1	3476.719130070	3478.109303330	71.3	184.4	FN
50	Waveform 1	1	3747.163985513	3748.581962239	73.5	241.0	FN
51	Waveform 1	1	3813.239073180	3814.239997927	91.6	182.1	FN
52	Waveform 1	1	3833.958264285	3834.931385567	105.2	186.7	FN
53	Waveform 1	1	3868.626472197	3870.239073180	80.3	213.8	FN
54	Waveform 1	1	3899.933235062	3901.128784067	80.3	195.7	FN
55	Waveform 1	1	3924.155662784	3925.128784067	78.1	168.6	FN
56	Waveform 1	1	3969.936934053	3971.104679592	55.4	170.8	FN
57	Waveform 1	1	3985.935084558	3987.408668214	69.0	184.4	FN
58	Waveform 1	1	4093.045373671	4094.352136536	71.3	173.1	FN
59	Waveform 1	1	4323.344738555	4324.345663302	55.4	166.3	FN
60	Waveform 1	1	4347.739535554	4349.074101884	50.9	179.9	FN
61	Waveform 1	1	4381.737686058	4382.988841993	80.3	193.5	FN
62	Waveform 1	1	4403.327107314	4403.994390479	73.5	161.8	FN
63	Waveform 1	1	4577.263177654	4578.180692006	89.4	170.8	FN
64	Waveform 1	1	4612.045373671	4613.046298419	93.9	188.9	FN
65	Waveform 1	1	4700.518957327	4701.297454353	64.5	159.5	FN
66	Waveform 1	1	4793.488379619	4794.461500901	103.0	193.5	FN
67	Waveform 1	1	4809.989766740	4810.879477627	71.3	148.2	FN
68	Waveform 1	1	4862.154738036	4863.211269715	62.2	211.6	FN
69	Waveform 1	1	5158.568091024	5159.708033098	69.0	236.4	FN
70	Waveform 1	1	5170.643707275	5171.200836182	135.0	175.0	TP
71	Waveform 1	1	5246.513408841	5247.291905867	91.6	191.2	FN
72	Waveform 1	1	5270.961038528	5272.295604858	64.5	186.7	FN
73	Waveform 1	1	5285.543986549	5286.461500901	91.6	227.4	FN
74	Waveform 1	1	5542.070402893	5542.932310315	69.0	170.8	FN
75	Waveform 1	1	5590.823870697	5591.657974653	78.1	213.8	FN
76	Waveform 1	1	5627.101905349	5628.353061284	112.0	202.5	FN
77	Waveform 1	1	5697.658899401	5698.493003357	78.1	184.4	FN
78	Waveform 1	1	5934.378090506	5935.601442975	60.0	148.2	FN
79	Waveform 1	1	5970.211269715	5971.768263766	82.6	184.4	FN
80	Waveform 1	1	6012.322483575	6013.434622184	89.4	186.7	FN
81	Waveform 1	1	6111.322483575	6112.601442975	55.4	166.3	FN
82	Waveform 1	1	6162.925837081	6164.010172224	105.2	227.4	FN
83	Waveform 1	1	6560.192840576	6560.610687256	135.0	175.0	TP
84	Waveform 1	1	6638.321558828	6639.211269715	69.0	168.6	FN
85	Waveform 1	1	6707.874853889	6708.792368241	69.0	152.7	FN
86	Waveform 1	1	6990.072252388	6991.712656836	66.8	173.1	FN
87	Waveform 1	1	7060.823870697	7062.241847423	57.7	170.8	FN
88	Waveform 1	1	7079.766414271	7081.239997927	62.2	170.8	FN
89	Waveform 1	1	7138.562286377	7138.980133057	135.0	175.0	TP
90	Waveform 1	1	7319.735836563	7320.542137054	105.2	195.7	FN
91	Waveform 1	1	7572.850749414	7573.740460301	73.5	175.4	FN
92	Waveform 1	1	7621.126009824	7622.210344967	71.3	136.9	FN
93	Waveform 1	1	7700.657974653	7701.436471679	48.7	132.4	FN
94	Waveform 1	1	7841.877628132	7843.295604858	35.1	132.4	FN
95	Waveform 1	1	8007.986992497	8009.043524176	66.8	150.5	FN
96	Waveform 1	1	8236.048147914	8237.438321175	64.5	188.9	FN
97	Waveform 1	1	8318.710807341	8319.795142484	64.5	139.2	FN
98	Waveform 1	1	8416.312311351	8417.368843029	75.8	157.3	FN
99	Waveform 1	1	8460.072252388	8461.184390997	64.5	139.2	FN
100	Waveform 1	1	8583.430923193	8585.488379619	48.7	168.6	FN
101	Waveform 1	1	8652.008322729	8653.898958364	32.8	202.5	FN
102	Waveform 1	1	8671.876703384	8673.600518228	53.2	229.7	FN
103	Waveform 1	1	8695.209420219	8696.822021202	39.6	125.6	FN
104	Waveform 1	1	8710.629246440	8712.075026631	93.9	184.4	FN
105	Waveform 1	1	8733.822945949	8735.546760792	44.1	177.6	FN
106	Waveform 1	1	8762.655200410	8763.989766740	69.0	186.7	FN
107	Waveform 1	1	8795.602367723	8797.214968705	39.6	175.4	FN
108	Waveform 1	1	8821.876703384	8823.795142484	57.7	175.4	FN
109	Waveform 1	1	8854.682079128	8856.711732088	73.5	220.6	FN
110	Waveform 1	1	8887.570865267	8888.988841993	80.3	186.7	FN
111	Waveform 1	1	8930.154738036	8931.961963275	96.2	229.7	FN
112	Waveform 1	1	8949.464275144	8951.021269196	71.3	202.5	FN
113	Waveform 1	1	8974.156587532	8975.936009305	44.1	159.5	FN
114	Waveform 1	1	8991.656125158	8992.879477627	37.3	150.5	FN
115	Waveform 1	1	9009.906356345	9011.352136536	82.6	157.3	FN
116	Waveform 1	1	9056.210344967	9057.711732088	53.2	148.2	FN
117	Waveform 1	1	9098.182541502	9100.184390997	39.6	177.6	FN
118	Waveform 1	1	9125.157512279	9127.242772170	53.2	222.9	FN
119	Waveform 1	1	9171.350287041	9173.407743466	64.5	177.6	FN
120	Waveform 1	1	9195.350287041	9197.046298419	46.4	175.4	FN
121	Waveform 1	1	9281.074101884	9282.603292471	48.7	175.4	FN
122	Waveform 1	1	9412.654275663	9414.016645458	60.0	139.2	FN
123	Waveform 1	1	9423.859072143	9425.332655800	37.3	116.5	FN
124	Waveform 1	1	9461.488379619	9463.239997927	46.4	148.2	FN
125	Waveform 1	1	9492.711732088	9494.240922675	41.9	164.0	FN
126	Waveform 1	1	9553.462425649	9555.047223166	64.5	161.8	FN
127	Waveform 1	1	9599.961038528	9601.434622184	78.1	175.4	FN
128	Waveform 1	1	9696.069478145	9698.238148432	37.3	193.5	FN
129	Waveform 1	1	9728.541212306	9729.514333589	37.3	127.8	FN
130	Waveform 1	1	9830.015720710	9830.766414271	78.1	145.9	FN
131	Waveform 1	1	9879.878552880	9881.324333071	44.1	191.2	FN
132	Waveform 1	1	9912.906356345	9914.518957327	44.1	186.7	FN
133	Waveform 1	1	9982.709882593	9983.655200410	69.0	150.5	FN
134	Waveform 1	1	10037.210344967	10038.461500901	50.9	148.2	FN
135	Waveform 1	1	10086.822945949	10088.379940001	32.8	193.5	FN
136	Waveform 1	1	10211.652426167	10213.292830615	53.2	213.8	FN
137	Waveform 1	1	10242.536346436	10243.163116455	135.0	175.0	TP
138	Waveform 1	1	10364.207570724	10366.042599428	44.1	166.3	FN
139	Waveform 1	1	10397.627396945	10399.212194462	48.7	159.5	FN
140	Waveform 1	1	10427.290981119	10429.070402893	48.7	179.9	FN
141	Waveform 1	1	10505.685778118	10507.353986031	44.1	182.1	FN
142	Waveform 1	1	10557.489304367	10559.518957327	48.7	209.3	FN
143	Waveform 1	1	10636.012021720	10637.819246959	30.6	155.0	FN
144	Waveform 1	1	10660.014795963	10661.933235062	44.1	148.2	FN
145	Waveform 1	1	10808.300750732	10808.997161865	135.0	175.0	TP
146	Waveform 1	1	10876.095432115	10877.708033098	50.9	184.4	FN
147	Waveform 1	1	11052.375316263	11054.043524176	41.9	179.9	FN
148	Waveform 1	1	11092.960113780	11094.378090506	96.2	241.0	FN
149	Waveform 1	1	11155.373466767	11156.902657354	103.0	170.8	FN
150	Waveform 1	1	11188.126009824	11189.404969223	53.2	143.7	FN
151	Waveform 1	1	11241.236298937	11242.459651406	57.7	136.9	FN
152	Waveform 1	1	11265.681154380	11267.210344967	57.7	216.1	FN
153	Waveform 1	1	11311.987917245	11313.489304367	44.1	157.3	FN
154	Waveform 1	1	11360.738610806	11362.518032580	53.2	179.9	FN
155	Waveform 1	1	11393.564666748	11393.982513428	135.0	175.0	FP
156	Waveform 1	1	11454.430923193	11455.848899919	44.1	166.3	FN
157	Waveform 1	1	11611.126009824	11612.627396945	62.2	179.9	FN
158	Waveform 1	1	11648.680229632	11649.959189032	55.4	284.0	FN
159	Waveform 1	1	11701.987917245	11703.878552880	39.6	195.7	FN
160	Waveform 1	1	11738.624622702	11740.376241010	41.9	177.6	FN
161	Waveform 1	1	11802.875778637	11804.599593480	55.4	170.8	FN
162	Waveform 1	1	11857.570865267	11859.072252388	39.6	157.3	FN
163	Waveform 1	1	11882.460576154	11884.073177136	35.1	141.4	FN
164	Waveform 1	1	11905.070402893	11906.404969223	48.7	116.5	FN
165	Waveform 1	1	12013.926761829	12014.899883111	69.0	132.4	FN
166	Waveform 1	1	12028.189939483	12029.413291952	73.5	191.2	FN
167	Waveform 1	1	12071.849824667	12072.739535554	123.3	204.8	FN
168	Waveform 1	1	12118.095432115	12119.290981119	121.1	259.1	FN
169	Waveform 1	1	12140.883453369	12141.440582275	135.0	175.0	TP
170	Waveform 1	1	12160.404044476	12161.099131106	103.0	222.9	FN
171	Waveform 1	1	12163.184390997	12163.935084558	118.8	227.4	FN
172	Waveform 1	1	12341.816472716	12342.622773207	78.1	136.9	FN
173	Waveform 1	1	12372.711732088	12373.935084558	66.8	161.8	FN
174	Waveform 1	1	12408.850749414	12409.879477627	73.5	173.1	FN
175	Waveform 1	1	12412.065948486	12412.483795166	135.0	175.0	TP
176	Waveform 1	1	12438.700635116	12439.395721747	98.4	170.8	FN
177	Waveform 1	1	12456.911904831	12458.190864231	93.9	175.4	FN
178	Waveform 1	1	12479.460576154	12480.461500901	84.9	175.4	FN
179	Waveform 1	1	12505.942169189	12506.499298096	135.0	175.0	TP
180	Waveform 1	1	12539.648468018	12540.135955811	135.0	175.0	TP
181	Waveform 1	1	12565.181616754	12566.126934571	93.9	155.0	FN
182	Waveform 1	1	12626.282012939	12626.699859619	135.0	175.0	TP
183	Waveform 1	1	12647.068553398	12647.958264285	98.4	161.8	FN
184	Waveform 1	1	12668.321558828	12669.656125158	75.8	200.2	FN
185	Waveform 1	1	12688.570865267	12689.460576154	112.0	198.0	FN
186	Waveform 1	1	12733.738250732	12734.225738525	135.0	175.0	FP
187	Waveform 1	1	12891.057525635	12891.545013428	135.0	175.0	TP
188	Waveform 1	1	12924.736761311	12925.737686058	130.1	200.2	FN
189	Waveform 1	1	12952.411346436	12953.107757568	135.0	175.0	TP
190	Waveform 1	1	12984.820171706	12985.654275663	107.5	173.1	FN
191	Waveform 1	1	13059.683928623	13060.434622184	114.3	193.5	FN
192	Waveform 1	1	13115.232269287	13115.789398193	135.0	175.0	TP
193	Waveform 1	1	13152.900807859	13154.513408841	64.5	188.9	FN
194	Waveform 1	1	13188.211269715	13189.295604858	78.1	150.5	FN
195	Waveform 1	1	13237.787744503	13238.816472716	69.0	195.7	FN
196	Waveform 1	1	13271.571790015	13272.656125158	69.0	166.3	FN
197	Waveform 1	1	13413.767339019	13414.518032580	69.0	186.7	FN
198	Waveform 1	1	13447.073177136	13447.740460301	93.9	202.5	FN
199	Waveform 1	1	13540.878753662	13541.575164795	135.0	175.0	FP
200	Waveform 1	1	13651.399200439	13651.886688232	135.0	175.0	TP
201	Waveform 1	1	13687.055450439	13687.682220459	135.0	175.0	TP
202	Waveform 1	1	13742.002288818	13742.698699951	135.0	175.0	FP
203	Waveform 1	1	13856.074432373	13856.631561279	135.0	175.0	TP
204	Waveform 1	1	13881.433697436	13883.129708814	139.2	207.0	FN
205	Waveform 1	1	13908.600518228	13909.907281093	132.4	211.6	FN
206	Waveform 1	1	14017.990020752	14018.686431885	135.0	175.0	TP
207	Waveform 1	1	14051.905242920	14052.601654053	135.0	175.0	TP
208	Waveform 1	1	14101.682079128	14102.683003875	71.3	170.8	FN
209	Waveform 1	1	14159.349362293	14160.294680110	82.6	182.1	FN
210	Waveform 1	1	14282.847050424	14283.931385567	75.8	175.4	FN
211	Waveform 1	1	14482.217681885	14482.705169678	135.0	175.0	TP
212	Waveform 1	1	14587.236480713	14587.654327393	135.0	175.0	TP
213	Waveform 1	1	14719.484954834	14720.181365967	135.0	175.0	TP
214	Waveform 1	1	14763.428497314	14764.055267334	135.0	175.0	TP
215	Waveform 1	1	14797.761566162	14798.249053955	135.0	175.0	FP
216	Waveform 1	1	14848.212194462	14849.157512279	125.6	204.8	FN
217	Waveform 1	1	14937.405893971	14938.712656836	66.8	159.5	FN
218	Waveform 1	1	15002.268726140	15003.186240492	82.6	148.2	FN
219	Waveform 1	1	15046.658905029	15047.216033936	135.0	175.0	TP
220	Waveform 1	1	15078.653350915	15079.459651406	103.0	155.0	FN
221	Waveform 1	1	15198.600518228	15199.601442975	64.5	177.6	FN
222	Waveform 1	1	15328.515258337	15329.822021202	57.7	157.3	FN
223	Waveform 1	1	15384.069478145	15385.431847941	50.9	136.9	FN
224	Waveform 1	1	15553.740460301	15554.685778118	71.3	184.4	FN
225	Waveform 1	1	15580.768263766	15581.741385049	143.7	225.1	FN
226	Waveform 1	1	15627.711732088	15628.907281093	57.7	152.7	FN
227	Waveform 1	1	15700.937164307	15701.494293213	135.0	175.0	TP
228	Waveform 1	1	15801.544911297	15802.629246440	60.0	155.0	FN
229	Waveform 1	1	15872.157512279	15872.936009305	73.5	166.3	FN
230	Waveform 1	1	15924.600518228	15925.740460301	46.4	152.7	FN
231	Waveform 1	1	16089.813140869	16090.300628662	135.0	175.0	TP
232	Waveform 1	1	16141.459651406	16143.127859319	55.4	211.6	FN
233	Waveform 1	1	16369.935084558	16371.158437027	84.9	143.7	FN
234	Waveform 1	1	16374.049997409	16374.967511761	100.7	168.6	FN
235	Waveform 1	1	16402.712656836	16403.963812771	57.7	143.7	FN
236	Waveform 1	1	16426.657049906	16427.602367723	71.3	164.0	FN
237	Waveform 1	1	16582.106170654	16582.593658447	135.0	175.0	FP
238	Waveform 1	1	16624.715431079	16625.771962757	91.6	173.1	FN
239	Waveform 1	1	16801.684853371	16802.713581584	112.0	184.4	FN
240	Waveform 1	1	16832.655200410	16834.184390997	75.8	188.9	FN
241	Waveform 1	1	16865.733062320	16866.622773207	109.7	182.1	FN
242	Waveform 1	1	16887.273529053	16887.691375732	135.0	175.0	TP
243	Waveform 1	1	16919.238800049	16919.795928955	135.0	175.0	TP
244	Waveform 1	1	16965.967987061	16966.594757080	135.0	175.0	FP
245	Waveform 1	1	17036.877628132	17037.906356345	96.2	168.6	FN
246	Waveform 1	1	17067.461500901	17068.768263766	87.1	195.7	FN
247	Waveform 1	1	17109.024968187	17109.664447887	118.8	211.6	FN
248	Waveform 1	1	17294.988841993	17296.073177136	100.7	193.5	FN
249	Waveform 1	1	17375.527374268	17376.014862061	135.0	175.0	TP
250	Waveform 1	1	17470.017570206	17471.741385049	53.2	191.2	FN
251	Waveform 1	1	17515.823870697	17516.991616236	89.4	179.9	FN
252	Waveform 1	1	17641.017570206	17642.157512279	93.9	168.6	FN
253	Waveform 1	1	17921.931549072	17922.349395752	135.0	175.0	TP
254	Waveform 1	1	18072.711732088	18073.518032580	112.0	207.0	FN
255	Waveform 1	1	18122.516183084	18123.711732088	80.3	182.1	FN
256	Waveform 1	1	18151.267801393	18152.491153862	114.3	195.7	FN
257	Waveform 1	1	18193.879477627	18194.796991979	134.6	182.1	FN
258	Waveform 1	1	18266.599593480	18268.629246440	66.8	184.4	FN
259	Waveform 1	1	18448.737686058	18450.600518228	105.2	191.2	FN
260	Waveform 1	1	18494.210344967	18495.350287041	89.4	186.7	FN
261	Waveform 1	1	18592.017570206	18593.046298419	118.8	179.9	FN
262	Waveform 1	1	18629.554901123	18629.972747803	135.0	175.0	TP
263	Waveform 1	1	18686.173126221	18686.730255127	135.0	175.0	TP
264	Waveform 1	1	18699.961963275	18700.768263766	84.9	139.2	FN
265	Waveform 1	1	19030.848899919	19032.989766740	57.7	198.0	FN
266	Waveform 1	1	19201.462425649	19202.518957327	87.1	186.7	FN
