Selection	View	Channel	Begin Time (s)	End Time (s)	Low Freq (Hz)	High Freq (Hz)	TP/FP/FN
1	Waveform 1	1	0.139251709	1.044586182	67.0	226.0	FP
2	Waveform 1	1	11.652518666	12.563533761	61.0	176.2	FN
3	Waveform 1	1	13.283871279	14.427936748	127.8	224.6	FN
4	Waveform 1	1	24.652923584	25.627899170	67.0	226.0	FP
5	Waveform 1	1	61.005584717	61.493072510	67.0	226.0	FP
6	Waveform 1	1	75.080465586	76.033853477	114.0	222.3	FN
7	Waveform 1	1	85.449615479	86.424591064	67.0	226.0	FP
8	Waveform 1	1	102.442047119	103.138458252	67.0	226.0	FP
9	Waveform 1	1	151.260467529	151.747955322	67.0	226.0	FP
10	Waveform 1	1	221.326254247	222.110150957	91.0	199.3	FN
11	Waveform 1	1	241.376068115	242.281402588	67.0	226.0	FP
12	Waveform 1	1	248.966949463	250.150848389	67.0	226.0	FP
13	Waveform 1	1	262.542327019	263.728765283	74.8	206.2	FN
14	Waveform 1	1	294.442596436	295.278289795	67.0	226.0	FP
15	Waveform 1	1	367.705047607	368.610382080	67.0	226.0	FP
16	Waveform 1	1	397.245717453	398.834697271	56.4	229.2	FN
17	Waveform 1	1	428.271132992	429.711808027	61.0	201.6	FN
18	Waveform 1	1	453.154693604	454.756439209	67.0	226.0	FP
19	Waveform 1	1	467.848968506	468.406097412	67.0	226.0	TP
20	Waveform 1	1	548.493377686	549.189788818	67.0	226.0	TP
21	Waveform 1	1	559.705596924	560.332366943	67.0	226.0	FP
22	Waveform 1	1	629.515134191	630.818161843	60.2	184.5	FN
23	Waveform 1	1	674.961639404	676.702667236	67.0	226.0	TP
24	Waveform 1	1	834.969652272	836.484800705	52.1	181.8	FN
25	Waveform 1	1	879.497589111	880.333282471	67.0	226.0	TP
26	Waveform 1	1	904.011260986	904.777313232	67.0	226.0	TP
27	Waveform 1	1	940.272688062	941.302988996	73.7	179.1	FN
28	Waveform 1	1	973.861297607	974.766632080	67.0	226.0	TP
29	Waveform 1	1	1052.903961182	1053.391448975	67.0	226.0	FP
30	Waveform 1	1	1110.218597412	1110.706085205	67.0	226.0	TP
31	Waveform 1	1	1146.060587627	1146.909070749	71.0	179.1	FN
32	Waveform 1	1	1173.870574951	1174.636627197	67.0	226.0	TP
33	Waveform 1	1	1215.794525146	1216.699859619	67.0	226.0	TP
34	Waveform 1	1	1251.999985758	1253.484831222	57.5	189.9	FN
35	Waveform 1	1	1321.606014614	1323.121163046	62.9	154.8	FN
36	Waveform 1	1	1359.046295166	1359.533782959	67.0	226.0	FP
37	Waveform 1	1	1416.500213623	1417.893035889	67.0	226.0	FP
38	Waveform 1	1	1446.654815674	1447.281585693	67.0	226.0	FP
39	Waveform 1	1	1493.453643799	1494.219696045	67.0	226.0	FP
40	Waveform 1	1	1508.426483154	1509.331817627	67.0	226.0	FP
41	Waveform 1	1	1550.489715576	1551.116485596	67.0	226.0	FP
42	Waveform 1	1	1581.614450478	1583.671906903	71.3	166.3	FN
43	Waveform 1	1	1592.831512451	1593.806488037	67.0	226.0	FP
44	Waveform 1	1	1681.066802979	1682.389984131	67.0	226.0	FP
45	Waveform 1	1	1689.563018799	1690.050506592	67.0	226.0	FP
46	Waveform 1	1	1710.176788330	1710.664276123	67.0	226.0	FP
47	Waveform 1	1	1866.730010986	1868.122833252	67.0	226.0	TP
48	Waveform 1	1	1899.884101366	1901.357685022	69.0	209.3	FN
49	Waveform 1	1	1942.679304885	1944.069478145	60.0	193.5	FN
50	Waveform 1	1	1980.314666748	1981.220001221	67.0	226.0	TP
51	Waveform 1	1	2011.792449951	2012.419219971	67.0	226.0	TP
52	Waveform 1	1	2038.395355225	2039.022125244	67.0	226.0	TP
53	Waveform 1	1	2078.578277588	2079.135406494	67.0	226.0	FP
54	Waveform 1	1	2100.397571242	2101.954565294	64.5	182.1	FN
55	Waveform 1	1	2143.414154053	2144.389129639	67.0	226.0	TP
56	Waveform 1	1	2183.343813807	2184.567166276	69.0	170.8	FN
57	Waveform 1	1	2218.017570206	2219.129708814	69.0	207.0	FN
58	Waveform 1	1	2248.520806823	2249.660748896	69.0	195.7	FN
59	Waveform 1	1	2291.260403411	2292.233524694	75.8	179.9	FN
60	Waveform 1	1	2305.399383545	2306.235076904	67.0	226.0	FP
61	Waveform 1	1	2330.957672119	2331.723724365	67.0	226.0	TP
62	Waveform 1	1	2362.992584229	2363.967559814	67.0	226.0	FP
63	Waveform 1	1	2385.772887505	2386.857222648	57.7	164.0	FN
64	Waveform 1	1	2436.951446533	2437.717498779	67.0	226.0	TP
65	Waveform 1	1	2488.137664795	2489.042999268	67.0	226.0	FP
66	Waveform 1	1	2513.347747803	2514.113800049	67.0	226.0	FP
67	Waveform 1	1	2554.087799072	2554.575286865	67.0	226.0	FP
68	Waveform 1	1	2588.927686576	2591.040749933	73.5	218.3	FN
69	Waveform 1	1	2616.973724365	2617.739776611	67.0	226.0	FP
70	Waveform 1	1	2633.129708814	2635.353986031	71.3	191.2	FN
71	Waveform 1	1	2702.841501938	2704.259478664	64.5	177.6	FN
72	Waveform 1	1	2731.394073486	2731.881561279	67.0	226.0	FP
73	Waveform 1	1	2773.384563739	2774.635719674	69.0	218.3	FN
74	Waveform 1	1	2827.568450928	2828.055938721	67.0	226.0	FP
75	Waveform 1	1	2839.009247477	2840.065779155	71.3	198.0	FN
76	Waveform 1	1	2862.946136475	2864.060394287	67.0	226.0	FP
77	Waveform 1	1	2880.022193944	2881.301153344	60.0	204.8	FN
78	Waveform 1	1	2910.719940186	2911.764556885	67.0	226.0	FP
79	Waveform 1	1	2947.287282129	2948.482831133	44.1	170.8	FN
80	Waveform 1	1	2979.931385567	2981.293755362	64.5	200.2	FN
81	Waveform 1	1	3009.471038818	3010.585296631	67.0	226.0	FP
82	Waveform 1	1	3127.860931396	3129.323394775	67.0	226.0	TP
83	Waveform 1	1	3152.513885498	3153.419219971	67.0	226.0	FP
84	Waveform 1	1	3259.204071045	3259.830841064	67.0	226.0	FP
85	Waveform 1	1	3476.719130070	3478.109303330	71.3	184.4	FN
86	Waveform 1	1	3496.192779541	3497.446319580	67.0	226.0	FP
87	Waveform 1	1	3582.756683350	3583.870941162	67.0	226.0	FP
88	Waveform 1	1	3723.849578857	3724.406707764	67.0	226.0	FP
89	Waveform 1	1	3747.666839600	3748.432891846	67.0	226.0	TP
90	Waveform 1	1	3806.304656982	3806.792144775	67.0	226.0	FP
91	Waveform 1	1	3813.239073180	3814.239997927	91.6	182.1	FN
92	Waveform 1	1	3833.958264285	3834.931385567	105.2	186.7	FN
93	Waveform 1	1	3868.626472197	3870.239073180	80.3	213.8	FN
94	Waveform 1	1	3899.933235062	3901.128784067	80.3	195.7	FN
95	Waveform 1	1	3924.155662784	3925.128784067	78.1	168.6	FN
96	Waveform 1	1	3969.936934053	3971.104679592	55.4	170.8	FN
97	Waveform 1	1	3985.935084558	3987.408668214	69.0	184.4	FN
98	Waveform 1	1	4076.372894287	4077.696075439	67.0	226.0	FP
99	Waveform 1	1	4093.045373671	4094.352136536	71.3	173.1	FN
100	Waveform 1	1	4213.496246338	4214.053375244	67.0	226.0	FP
101	Waveform 1	1	4245.740081787	4246.366851807	67.0	226.0	FP
102	Waveform 1	1	4312.108062744	4313.083038330	67.0	226.0	FP
103	Waveform 1	1	4323.344738555	4324.345663302	55.4	166.3	FN
104	Waveform 1	1	4347.903594971	4348.391082764	67.0	226.0	TP
105	Waveform 1	1	4381.737686058	4382.988841993	80.3	193.5	FN
106	Waveform 1	1	4403.327107314	4403.994390479	73.5	161.8	FN
107	Waveform 1	1	4425.065948486	4425.553436279	67.0	226.0	FP
108	Waveform 1	1	4485.584075928	4487.325103760	67.0	226.0	FP
109	Waveform 1	1	4577.263177654	4578.180692006	89.4	170.8	FN
110	Waveform 1	1	4612.045373671	4613.046298419	93.9	188.9	FN
111	Waveform 1	1	4700.705474854	4701.401885986	67.0	226.0	TP
112	Waveform 1	1	4751.822052002	4752.657745361	67.0	226.0	FP
113	Waveform 1	1	4793.488379619	4794.461500901	103.0	193.5	FN
114	Waveform 1	1	4809.989766740	4810.879477627	71.3	148.2	FN
115	Waveform 1	1	4836.505645752	4837.202056885	67.0	226.0	FP
116	Waveform 1	1	4862.154738036	4863.211269715	62.2	211.6	FN
117	Waveform 1	1	4892.288177490	4893.123870850	67.0	226.0	FP
118	Waveform 1	1	5125.446624756	5126.491241455	67.0	226.0	FP
119	Waveform 1	1	5158.568091024	5159.708033098	69.0	236.4	FN
120	Waveform 1	1	5170.634794926	5171.496702348	69.0	218.3	FN
121	Waveform 1	1	5246.513408841	5247.291905867	91.6	191.2	FN
122	Waveform 1	1	5270.961038528	5272.295604858	64.5	186.7	FN
123	Waveform 1	1	5285.543986549	5286.461500901	91.6	227.4	FN
124	Waveform 1	1	5542.070402893	5542.932310315	69.0	170.8	FN
125	Waveform 1	1	5590.823870697	5591.657974653	78.1	213.8	FN
126	Waveform 1	1	5627.101905349	5628.353061284	112.0	202.5	FN
127	Waveform 1	1	5697.658899401	5698.493003357	78.1	184.4	FN
128	Waveform 1	1	5810.018768311	5811.272308350	67.0	226.0	FP
129	Waveform 1	1	5861.135345459	5862.110321045	67.0	226.0	FP
130	Waveform 1	1	5933.562103271	5935.094207764	67.0	226.0	TP
131	Waveform 1	1	5941.361907959	5942.127960205	67.0	226.0	FP
132	Waveform 1	1	5970.211269715	5971.768263766	82.6	184.4	FN
133	Waveform 1	1	6012.322483575	6013.434622184	89.4	186.7	FN
134	Waveform 1	1	6111.322483575	6112.601442975	55.4	166.3	FN
135	Waveform 1	1	6162.925837081	6164.010172224	105.2	227.4	FN
136	Waveform 1	1	6200.914337158	6201.401824951	67.0	226.0	FP
137	Waveform 1	1	6233.854583740	6234.690277100	67.0	226.0	FP
138	Waveform 1	1	6257.950408936	6258.437896729	67.0	226.0	FP
139	Waveform 1	1	6408.027008057	6408.862701416	67.0	226.0	FP
140	Waveform 1	1	6526.347259521	6527.043670654	67.0	226.0	FP
141	Waveform 1	1	6559.687627614	6561.049997409	80.3	202.5	FN
142	Waveform 1	1	6638.321558828	6639.211269715	69.0	168.6	FN
143	Waveform 1	1	6657.411834717	6658.456451416	67.0	226.0	FP
144	Waveform 1	1	6678.025604248	6679.279144287	67.0	226.0	FP
145	Waveform 1	1	6683.596893311	6684.850433350	67.0	226.0	FP
146	Waveform 1	1	6707.874853889	6708.792368241	69.0	152.7	FN
147	Waveform 1	1	6828.520050049	6829.146820068	67.0	226.0	FP
148	Waveform 1	1	6952.202667236	6953.386566162	67.0	226.0	FP
149	Waveform 1	1	6990.072252388	6991.712656836	66.8	173.1	FN
150	Waveform 1	1	7042.736114502	7043.502166748	67.0	226.0	FP
151	Waveform 1	1	7060.823870697	7062.241847423	57.7	170.8	FN
152	Waveform 1	1	7079.766414271	7081.239997927	62.2	170.8	FN
153	Waveform 1	1	7138.353363037	7138.980133057	67.0	226.0	TP
154	Waveform 1	1	7160.081390381	7160.847442627	67.0	226.0	FP
155	Waveform 1	1	7204.373138428	7205.487396240	67.0	226.0	FP
156	Waveform 1	1	7319.735836563	7320.542137054	105.2	195.7	FN
157	Waveform 1	1	7343.167877197	7344.421417236	67.0	226.0	FP
158	Waveform 1	1	7407.098419189	7407.585906982	67.0	226.0	FP
159	Waveform 1	1	7429.801422119	7431.054962158	67.0	226.0	FP
160	Waveform 1	1	7481.475128174	7482.171539307	67.0	226.0	FP
161	Waveform 1	1	7490.528472900	7491.015960693	67.0	226.0	FP
162	Waveform 1	1	7562.049896240	7563.024871826	67.0	226.0	FP
163	Waveform 1	1	7572.850749414	7573.740460301	73.5	175.4	FN
164	Waveform 1	1	7590.533111572	7591.159881592	67.0	226.0	FP
165	Waveform 1	1	7598.472198486	7599.377532959	67.0	226.0	FP
166	Waveform 1	1	7621.126009824	7622.210344967	71.3	136.9	FN
167	Waveform 1	1	7700.657974653	7701.436471679	48.7	132.4	FN
168	Waveform 1	1	7732.879547119	7733.436676025	67.0	226.0	FP
169	Waveform 1	1	7743.116790771	7743.743560791	67.0	226.0	FP
170	Waveform 1	1	7811.225799561	7812.131134033	67.0	226.0	FP
171	Waveform 1	1	7841.877628132	7843.295604858	35.1	132.4	FN
172	Waveform 1	1	7856.701446533	7858.233551025	67.0	226.0	FP
173	Waveform 1	1	7910.325103760	7911.091156006	67.0	226.0	FP
174	Waveform 1	1	8007.986992497	8009.043524176	66.8	150.5	FN
175	Waveform 1	1	8021.124114990	8021.750885010	67.0	226.0	FP
176	Waveform 1	1	8086.308197021	8087.004608154	67.0	226.0	FP
177	Waveform 1	1	8106.852325439	8107.548736572	67.0	226.0	FP
178	Waveform 1	1	8149.820892334	8150.795867920	67.0	226.0	FP
179	Waveform 1	1	8171.200714111	8171.827484131	67.0	226.0	FP
180	Waveform 1	1	8176.841644287	8177.538055420	67.0	226.0	FP
181	Waveform 1	1	8182.412933350	8183.318267822	67.0	226.0	FP
182	Waveform 1	1	8194.460845947	8195.017974854	67.0	226.0	FP
183	Waveform 1	1	8212.149688721	8212.706817627	67.0	226.0	FP
184	Waveform 1	1	8217.651336670	8218.347747803	67.0	226.0	FP
185	Waveform 1	1	8236.048147914	8237.438321175	64.5	188.9	FN
186	Waveform 1	1	8318.710807341	8319.795142484	64.5	139.2	FN
187	Waveform 1	1	8339.384002686	8340.637542725	67.0	226.0	FP
188	Waveform 1	1	8349.899810791	8351.292633057	67.0	226.0	FP
189	Waveform 1	1	8416.615997314	8417.521331787	67.0	226.0	TP
190	Waveform 1	1	8428.106781006	8428.594268799	67.0	226.0	FP
191	Waveform 1	1	8445.517059326	8446.143829346	67.0	226.0	FP
192	Waveform 1	1	8460.072252388	8461.184390997	64.5	139.2	FN
193	Waveform 1	1	8479.710845947	8480.337615967	67.0	226.0	FP
194	Waveform 1	1	8583.430923193	8585.488379619	48.7	168.6	FN
195	Waveform 1	1	8652.008322729	8653.898958364	32.8	202.5	FN
196	Waveform 1	1	8663.981231689	8664.608001709	67.0	226.0	FP
197	Waveform 1	1	8671.876703384	8673.600518228	53.2	229.7	FN
198	Waveform 1	1	8695.209420219	8696.822021202	39.6	125.6	FN
199	Waveform 1	1	8710.629246440	8712.075026631	93.9	184.4	FN
200	Waveform 1	1	8733.822945949	8735.546760792	44.1	177.6	FN
201	Waveform 1	1	8762.655200410	8763.989766740	69.0	186.7	FN
202	Waveform 1	1	8795.602367723	8797.214968705	39.6	175.4	FN
203	Waveform 1	1	8821.876703384	8823.795142484	57.7	175.4	FN
204	Waveform 1	1	8854.682079128	8856.711732088	73.5	220.6	FN
205	Waveform 1	1	8887.570865267	8888.988841993	80.3	186.7	FN
206	Waveform 1	1	8930.154738036	8931.961963275	96.2	229.7	FN
207	Waveform 1	1	8949.464275144	8951.021269196	71.3	202.5	FN
208	Waveform 1	1	8974.156587532	8975.936009305	44.1	159.5	FN
209	Waveform 1	1	8991.656125158	8992.879477627	37.3	150.5	FN
210	Waveform 1	1	9009.906356345	9011.352136536	82.6	157.3	FN
211	Waveform 1	1	9046.868072510	9047.425201416	67.0	226.0	FP
212	Waveform 1	1	9056.826751709	9057.314239502	67.0	226.0	TP
213	Waveform 1	1	9093.666900635	9094.293670654	67.0	226.0	FP
214	Waveform 1	1	9098.182541502	9100.184390997	39.6	177.6	FN
215	Waveform 1	1	9125.157512279	9127.242772170	53.2	222.9	FN
216	Waveform 1	1	9171.350287041	9173.407743466	64.5	177.6	FN
217	Waveform 1	1	9195.350287041	9197.046298419	46.4	175.4	FN
218	Waveform 1	1	9266.725067139	9267.212554932	67.0	226.0	FP
219	Waveform 1	1	9281.074101884	9282.603292471	48.7	175.4	FN
220	Waveform 1	1	9333.859100342	9335.112640381	67.0	226.0	FP
221	Waveform 1	1	9412.483917236	9412.971405029	67.0	226.0	TP
222	Waveform 1	1	9423.859072143	9425.332655800	37.3	116.5	FN
223	Waveform 1	1	9461.488379619	9463.239997927	46.4	148.2	FN
224	Waveform 1	1	9492.711732088	9494.240922675	41.9	164.0	FN
225	Waveform 1	1	9553.716094971	9554.760711670	67.0	226.0	TP
226	Waveform 1	1	9599.961038528	9601.434622184	78.1	175.4	FN
227	Waveform 1	1	9640.976409912	9642.299591064	67.0	226.0	FP
228	Waveform 1	1	9696.069478145	9698.238148432	37.3	193.5	FN
229	Waveform 1	1	9728.541212306	9729.514333589	37.3	127.8	FN
230	Waveform 1	1	9780.815765381	9781.651458740	67.0	226.0	FP
231	Waveform 1	1	9830.191314697	9831.793060303	67.0	226.0	TP
232	Waveform 1	1	9866.404693604	9867.588592529	67.0	226.0	FP
233	Waveform 1	1	9879.878552880	9881.324333071	44.1	191.2	FN
234	Waveform 1	1	9912.906356345	9914.518957327	44.1	186.7	FN
235	Waveform 1	1	9982.709882593	9983.655200410	69.0	150.5	FN
236	Waveform 1	1	10037.210344967	10038.461500901	50.9	148.2	FN
237	Waveform 1	1	10066.135406494	10067.528228760	67.0	226.0	FP
238	Waveform 1	1	10087.236663818	10088.211639404	67.0	226.0	TP
239	Waveform 1	1	10211.963897705	10212.799591064	67.0	226.0	TP
240	Waveform 1	1	10241.402194980	10243.320634080	30.6	168.6	FN
241	Waveform 1	1	10342.540985107	10343.098114014	67.0	226.0	FP
242	Waveform 1	1	10346.649810791	10347.485504150	67.0	226.0	FP
243	Waveform 1	1	10364.207570724	10366.042599428	44.1	166.3	FN
244	Waveform 1	1	10397.627396945	10399.212194462	48.7	159.5	FN
245	Waveform 1	1	10427.290981119	10429.070402893	48.7	179.9	FN
246	Waveform 1	1	10506.058319092	10507.033294678	67.0	226.0	TP
247	Waveform 1	1	10512.534942627	10513.300994873	67.0	226.0	FP
248	Waveform 1	1	10557.489304367	10559.518957327	48.7	209.3	FN
249	Waveform 1	1	10636.012021720	10637.819246959	30.6	155.0	FN
250	Waveform 1	1	10660.014795963	10661.933235062	44.1	148.2	FN
251	Waveform 1	1	10701.610565186	10702.655181885	67.0	226.0	FP
252	Waveform 1	1	10796.601043701	10797.506378174	67.0	226.0	FP
253	Waveform 1	1	10807.651501420	10809.236298937	39.6	175.4	FN
254	Waveform 1	1	10876.095432115	10877.708033098	50.9	184.4	FN
255	Waveform 1	1	11052.375316263	11054.043524176	41.9	179.9	FN
256	Waveform 1	1	11092.960113780	11094.378090506	96.2	241.0	FN
257	Waveform 1	1	11155.373466767	11156.902657354	103.0	170.8	FN
258	Waveform 1	1	11188.126009824	11189.404969223	53.2	143.7	FN
259	Waveform 1	1	11220.715423584	11221.829681396	67.0	226.0	FP
260	Waveform 1	1	11241.236298937	11242.459651406	57.7	136.9	FN
261	Waveform 1	1	11265.681154380	11267.210344967	57.7	216.1	FN
262	Waveform 1	1	11311.987917245	11313.489304367	44.1	157.3	FN
263	Waveform 1	1	11325.107452393	11325.943145752	67.0	226.0	FP
264	Waveform 1	1	11355.819183350	11356.306671143	67.0	226.0	FP
265	Waveform 1	1	11360.738610806	11362.518032580	53.2	179.9	FN
266	Waveform 1	1	11393.425384521	11393.912872314	67.0	226.0	FP
267	Waveform 1	1	11416.337310791	11417.451568604	67.0	226.0	FP
268	Waveform 1	1	11454.430923193	11455.848899919	44.1	166.3	FN
269	Waveform 1	1	11460.280853271	11461.186187744	67.0	226.0	FP
270	Waveform 1	1	11611.126009824	11612.627396945	62.2	179.9	FN
271	Waveform 1	1	11648.680229632	11649.959189032	55.4	284.0	FN
272	Waveform 1	1	11701.987917245	11703.878552880	39.6	195.7	FN
273	Waveform 1	1	11738.624622702	11740.376241010	41.9	177.6	FN
274	Waveform 1	1	11777.426483154	11778.819305420	67.0	226.0	FP
275	Waveform 1	1	11802.845489502	11804.377593994	67.0	226.0	TP
276	Waveform 1	1	11828.334136963	11829.518035889	67.0	226.0	FP
277	Waveform 1	1	11857.570865267	11859.072252388	39.6	157.3	FN
278	Waveform 1	1	11883.141693115	11883.768463135	67.0	226.0	TP
279	Waveform 1	1	11905.217926025	11906.401824951	67.0	226.0	TP
280	Waveform 1	1	12013.926761829	12014.899883111	69.0	132.4	FN
281	Waveform 1	1	12028.189939483	12029.413291952	73.5	191.2	FN
282	Waveform 1	1	12071.849824667	12072.739535554	123.3	204.8	FN
283	Waveform 1	1	12118.095432115	12119.290981119	121.1	259.1	FN
284	Waveform 1	1	12140.735836563	12141.430923193	98.4	225.1	FN
285	Waveform 1	1	12160.404044476	12161.099131106	103.0	222.9	FN
286	Waveform 1	1	12163.184390997	12163.935084558	118.8	227.4	FN
287	Waveform 1	1	12341.816472716	12342.622773207	78.1	136.9	FN
288	Waveform 1	1	12372.711732088	12373.935084558	66.8	161.8	FN
289	Waveform 1	1	12408.850749414	12409.879477627	73.5	173.1	FN
290	Waveform 1	1	12411.992540983	12412.548610288	114.3	222.9	FN
291	Waveform 1	1	12438.700635116	12439.395721747	98.4	170.8	FN
292	Waveform 1	1	12456.911904831	12458.190864231	93.9	175.4	FN
293	Waveform 1	1	12479.460576154	12480.461500901	84.9	175.4	FN
294	Waveform 1	1	12505.626472197	12506.571790015	71.3	175.4	FN
295	Waveform 1	1	12538.623697954	12540.208495472	73.5	166.3	FN
296	Waveform 1	1	12565.181616754	12566.126934571	93.9	155.0	FN
297	Waveform 1	1	12625.818322211	12626.791443493	84.9	161.8	FN
298	Waveform 1	1	12647.068553398	12647.958264285	98.4	161.8	FN
299	Waveform 1	1	12668.321558828	12669.656125158	75.8	200.2	FN
300	Waveform 1	1	12688.570865267	12689.460576154	112.0	198.0	FN
301	Waveform 1	1	12890.874853889	12891.653350915	130.1	202.5	FN
302	Waveform 1	1	12924.736761311	12925.737686058	130.1	200.2	FN
303	Waveform 1	1	12952.323408323	12953.324333071	118.8	191.2	FN
304	Waveform 1	1	12984.820171706	12985.654275663	107.5	173.1	FN
305	Waveform 1	1	13059.683928623	13060.434622184	114.3	193.5	FN
306	Waveform 1	1	13114.929536072	13116.041674680	71.3	204.8	FN
307	Waveform 1	1	13152.900807859	13154.513408841	64.5	188.9	FN
308	Waveform 1	1	13188.211269715	13189.295604858	78.1	150.5	FN
309	Waveform 1	1	13237.787744503	13238.816472716	69.0	195.7	FN
310	Waveform 1	1	13271.571790015	13272.656125158	69.0	166.3	FN
311	Waveform 1	1	13413.767339019	13414.518032580	69.0	186.7	FN
312	Waveform 1	1	13447.073177136	13447.740460301	93.9	202.5	FN
313	Waveform 1	1	13651.404044476	13652.182541502	109.7	182.1	FN
314	Waveform 1	1	13686.878552880	13687.823870697	109.7	193.5	FN
315	Waveform 1	1	13855.540287559	13856.902657354	96.2	188.9	FN
316	Waveform 1	1	13881.702362061	13882.398773193	67.0	226.0	TP
317	Waveform 1	1	13908.600518228	13909.907281093	132.4	211.6	FN
318	Waveform 1	1	13950.995269775	13952.388092041	67.0	226.0	FP
319	Waveform 1	1	13998.769073486	13999.883331299	67.0	226.0	FP
320	Waveform 1	1	14017.762715280	14018.986067750	112.0	195.7	FN
321	Waveform 1	1	14051.624622702	14052.847975171	87.1	243.2	FN
322	Waveform 1	1	14101.682079128	14102.683003875	71.3	170.8	FN
323	Waveform 1	1	14159.349362293	14160.294680110	82.6	182.1	FN
324	Waveform 1	1	14184.362640381	14186.103668213	67.0	226.0	FP
325	Waveform 1	1	14282.847050424	14283.931385567	75.8	175.4	FN
326	Waveform 1	1	14481.931385567	14482.709882593	69.0	177.6	FN
327	Waveform 1	1	14587.045373671	14587.962888023	103.0	166.3	FN
328	Waveform 1	1	14719.237223684	14720.321558828	93.9	202.5	FN
329	Waveform 1	1	14763.266876645	14764.100980601	116.5	182.1	FN
330	Waveform 1	1	14848.212194462	14849.157512279	125.6	204.8	FN
331	Waveform 1	1	14937.405893971	14938.712656836	66.8	159.5	FN
332	Waveform 1	1	14942.545440674	14943.241851807	67.0	226.0	FP
333	Waveform 1	1	15002.268726140	15003.186240492	82.6	148.2	FN
334	Waveform 1	1	15046.351211788	15047.491153862	84.9	175.4	FN
335	Waveform 1	1	15078.653350915	15079.459651406	103.0	155.0	FN
336	Waveform 1	1	15145.061798096	15146.454620361	67.0	226.0	FP
337	Waveform 1	1	15198.600518228	15199.601442975	64.5	177.6	FN
338	Waveform 1	1	15328.515258337	15329.822021202	57.7	157.3	FN
339	Waveform 1	1	15334.207061768	15335.669525146	67.0	226.0	FP
340	Waveform 1	1	15384.069478145	15385.431847941	50.9	136.9	FN
341	Waveform 1	1	15427.665435791	15428.570770264	67.0	226.0	FP
342	Waveform 1	1	15499.465423584	15500.022552490	67.0	226.0	FP
343	Waveform 1	1	15553.740460301	15554.685778118	71.3	184.4	FN
344	Waveform 1	1	15570.847564697	15571.613616943	67.0	226.0	FP
345	Waveform 1	1	15580.768263766	15581.741385049	143.7	225.1	FN
346	Waveform 1	1	15615.278594971	15616.462493896	67.0	226.0	FP
347	Waveform 1	1	15624.401580811	15624.958709717	67.0	226.0	FP
348	Waveform 1	1	15627.711732088	15628.907281093	57.7	152.7	FN
349	Waveform 1	1	15649.054534912	15649.542022705	67.0	226.0	FP
350	Waveform 1	1	15679.209136963	15680.601959229	67.0	226.0	FP
351	Waveform 1	1	15700.545836045	15701.741385049	62.2	184.4	FN
352	Waveform 1	1	15709.920867920	15710.756561279	67.0	226.0	FP
353	Waveform 1	1	15796.554412842	15797.947235107	67.0	226.0	FP
354	Waveform 1	1	15801.544911297	15802.629246440	60.0	155.0	FN
355	Waveform 1	1	15872.157512279	15872.936009305	73.5	166.3	FN
356	Waveform 1	1	15886.948577881	15887.436065674	67.0	226.0	FP
357	Waveform 1	1	15924.600518228	15925.740460301	46.4	152.7	FN
358	Waveform 1	1	16088.902657354	16090.515258337	80.3	186.7	FN
359	Waveform 1	1	16129.299652100	16130.135345459	67.0	226.0	FP
360	Waveform 1	1	16141.459651406	16143.127859319	55.4	211.6	FN
361	Waveform 1	1	16369.935084558	16371.158437027	84.9	143.7	FN
362	Waveform 1	1	16374.049997409	16374.967511761	100.7	168.6	FN
363	Waveform 1	1	16402.712656836	16403.963812771	57.7	143.7	FN
364	Waveform 1	1	16426.657049906	16427.602367723	71.3	164.0	FN
365	Waveform 1	1	16473.117828369	16473.814239502	67.0	226.0	FP
366	Waveform 1	1	16507.868743896	16508.495513916	67.0	226.0	FP
367	Waveform 1	1	16600.909271240	16601.744964600	67.0	226.0	FP
368	Waveform 1	1	16624.715431079	16625.771962757	91.6	173.1	FN
369	Waveform 1	1	16650.633026123	16651.329437256	67.0	226.0	FP
370	Waveform 1	1	16727.307891846	16727.934661865	67.0	226.0	FP
371	Waveform 1	1	16801.684853371	16802.713581584	112.0	184.4	FN
372	Waveform 1	1	16832.655200410	16834.184390997	75.8	188.9	FN
373	Waveform 1	1	16865.733062320	16866.622773207	109.7	182.1	FN
374	Waveform 1	1	16886.925323486	16887.621734619	67.0	226.0	TP
375	Waveform 1	1	16918.890594482	16919.656646729	67.0	226.0	TP
376	Waveform 1	1	16948.209503174	16949.045196533	67.0	226.0	FP
377	Waveform 1	1	17036.932281494	17037.767974854	67.0	226.0	TP
378	Waveform 1	1	17067.461500901	17068.768263766	87.1	195.7	FN
379	Waveform 1	1	17108.523345947	17109.289398193	67.0	226.0	FP
380	Waveform 1	1	17109.024968187	17109.664447887	118.8	211.6	FN
381	Waveform 1	1	17295.231170654	17295.857940674	67.0	226.0	TP
382	Waveform 1	1	17332.280242920	17332.907012939	67.0	226.0	FP
383	Waveform 1	1	17374.765489523	17376.183466249	62.2	182.1	FN
384	Waveform 1	1	17393.703704834	17394.191192627	67.0	226.0	FP
385	Waveform 1	1	17404.010589600	17404.498077393	67.0	226.0	FP
386	Waveform 1	1	17470.169647217	17470.866058350	67.0	226.0	TP
387	Waveform 1	1	17515.823870697	17516.991616236	89.4	179.9	FN
388	Waveform 1	1	17589.116668701	17590.509490967	67.0	226.0	FP
389	Waveform 1	1	17641.695709229	17642.252838135	67.0	226.0	TP
390	Waveform 1	1	17743.162811279	17743.650299072	67.0	226.0	FP
391	Waveform 1	1	17921.792266846	17922.349395752	67.0	226.0	TP
392	Waveform 1	1	18012.952484131	18013.788177490	67.0	226.0	FP
393	Waveform 1	1	18072.711732088	18073.518032580	112.0	207.0	FN
394	Waveform 1	1	18122.516183084	18123.711732088	80.3	182.1	FN
395	Waveform 1	1	18151.267801393	18152.491153862	114.3	195.7	FN
396	Waveform 1	1	18193.879477627	18194.796991979	134.6	182.1	FN
397	Waveform 1	1	18266.599593480	18268.629246440	66.8	184.4	FN
398	Waveform 1	1	18275.986968994	18276.683380127	67.0	226.0	FP
399	Waveform 1	1	18301.475616455	18302.311309814	67.0	226.0	FP
400	Waveform 1	1	18361.158050537	18362.690155029	67.0	226.0	FP
401	Waveform 1	1	18394.376861572	18395.073272705	67.0	226.0	FP
402	Waveform 1	1	18448.737686058	18450.600518228	105.2	191.2	FN
403	Waveform 1	1	18494.210344967	18495.350287041	89.4	186.7	FN
404	Waveform 1	1	18592.017570206	18593.046298419	118.8	179.9	FN
405	Waveform 1	1	18629.182541502	18630.100055854	89.4	186.7	FN
406	Waveform 1	1	18685.894561768	18686.382049561	67.0	226.0	TP
407	Waveform 1	1	18699.961963275	18700.768263766	84.9	139.2	FN
408	Waveform 1	1	18873.298797607	18873.925567627	67.0	226.0	FP
409	Waveform 1	1	19031.175201416	19032.150177002	67.0	226.0	TP
410	Waveform 1	1	19176.307281494	19177.003692627	67.0	226.0	FP
411	Waveform 1	1	19201.462425649	19202.518957327	87.1	186.7	FN
412	Waveform 1	1	19376.873687744	19378.057586670	67.0	226.0	FP
