Selection	View	Channel	Begin Time (s)	End Time (s)	Low Freq (Hz)	High Freq (Hz)
3	Waveform 1	1	35.96435547	37.06005859	70	200
3	Spectrogram 1	1	35.96435547	37.06005859	70	200
5	Waveform 1	1	86.62451172	88.23583984	80	200
5	Spectrogram 1	1	86.62451172	88.23583984	80	200
9	Waveform 1	1	122.0092773	123.362793	80	200
9	Spectrogram 1	1	122.0092773	123.362793	80	200
11	Waveform 1	1	143.987793	145.1479492	90	200
11	Spectrogram 1	1	143.987793	145.1479492	90	200
12	Waveform 1	1	158.8120117	159.9077148	70	210
12	Spectrogram 1	1	158.8120117	159.9077148	70	210
14	Waveform 1	1	168.9311523	170.0268555	60	190
14	Spectrogram 1	1	168.9311523	170.0268555	60	190
19	Waveform 1	1	189.5561523	191.1030273	60	170
19	Spectrogram 1	1	189.5561523	191.1030273	60	170
22	Waveform 1	1	212.2436523	213.3393555	60	180
22	Spectrogram 1	1	212.2436523	213.3393555	60	180
23	Waveform 1	1	224.5541992	225.2631836	70	160
23	Spectrogram 1	1	224.5541992	225.2631836	70	160
25	Waveform 1	1	240.6674805	242.2143555	60	170
25	Spectrogram 1	1	240.6674805	242.2143555	60	170
29	Waveform 1	1	290.425293	291.8432617	60	170
29	Spectrogram 1	1	290.425293	291.8432617	60	170
30	Waveform 1	1	298.159668	299.1264648	70	170
30	Spectrogram 1	1	298.159668	299.1264648	70	170
31	Waveform 1	1	309.6323242	310.3413086	80	150
31	Spectrogram 1	1	309.6323242	310.3413086	80	150
34	Waveform 1	1	339.8608398	341.2143555	60	170
34	Spectrogram 1	1	339.8608398	341.2143555	60	170
38	Waveform 1	1	365.5776367	368.6069336	60	250
38	Spectrogram 1	1	365.5776367	368.6069336	60	250
41	Waveform 1	1	397.7397461	398.706543	70	140
41	Spectrogram 1	1	397.7397461	398.706543	70	140
42	Waveform 1	1	405.925293	407.1499023	70	190
42	Spectrogram 1	1	405.925293	407.1499023	70	190
43	Waveform 1	1	429.9018555	430.2885742	60	100
43	Spectrogram 1	1	429.9018555	430.2885742	60	100
44	Waveform 1	1	434.1557617	434.8647461	70	120
44	Spectrogram 1	1	434.1557617	434.8647461	70	120
45	Waveform 1	1	437.5717773	438.0874023	120	190
45	Spectrogram 1	1	437.5717773	438.0874023	120	190
46	Waveform 1	1	446.9174805	448.4643555	60	180
46	Spectrogram 1	1	446.9174805	448.4643555	60	180
47	Waveform 1	1	452.6538086	452.9116211	90	130
47	Spectrogram 1	1	452.6538086	452.9116211	90	130
48	Waveform 1	1	456.3920898	456.9077148	90	160
48	Spectrogram 1	1	456.3920898	456.9077148	90	160
52	Waveform 1	1	473.7944336	474.8901367	60	160
52	Spectrogram 1	1	473.7944336	474.8901367	60	160
53	Waveform 1	1	489.7143555	490.7456055	70	160
53	Spectrogram 1	1	489.7143555	490.7456055	70	160
55	Waveform 1	1	509.6948242	511.0483398	70	200
55	Spectrogram 1	1	509.6948242	511.0483398	70	200
61	Waveform 1	1	561.644043	562.7397461	60	160
61	Spectrogram 1	1	561.644043	562.7397461	60	160
62	Waveform 1	1	574.8569336	575.1791992	70	140
62	Spectrogram 1	1	574.8569336	575.1791992	70	140
70	Waveform 1	1	679.3354492	680.3022461	70	210
70	Spectrogram 1	1	679.3354492	680.3022461	70	210
77	Waveform 1	1	764.1557617	765.315918	80	180
77	Spectrogram 1	1	764.1557617	765.315918	80	180
84	Waveform 1	1	836.2788086	837.6323242	60	200
84	Spectrogram 1	1	836.2788086	837.6323242	60	200
88	Waveform 1	1	883.0073242	884.1674805	60	190
88	Spectrogram 1	1	883.0073242	884.1674805	60	190
91	Waveform 1	1	911.5600586	913.4936523	70	180
91	Spectrogram 1	1	911.5600586	913.4936523	70	180
93	Waveform 1	1	946.8803711	947.9760742	60	150
93	Spectrogram 1	1	946.8803711	947.9760742	60	150
96	Waveform 1	1	988.3881836	989.4194336	70	220
96	Spectrogram 1	1	988.3881836	989.4194336	70	220
109	Waveform 1	1	1137.661621	1138.88623	70	200
109	Spectrogram 1	1	1137.661621	1138.88623	70	200
110	Waveform 1	1	1155.837402	1157.899902	70	230
110	Spectrogram 1	1	1155.837402	1157.899902	70	230
111	Waveform 1	1	1176.978027	1178.395996	80	190
111	Spectrogram 1	1	1176.978027	1178.395996	80	190
112	Waveform 1	1	1193.284668	1194.831543	60	190
112	Spectrogram 1	1	1193.284668	1194.831543	60	190
113	Waveform 1	1	1205.788574	1207.013184	60	170
113	Spectrogram 1	1	1205.788574	1207.013184	60	170
119	Waveform 1	1	1267.019043	1267.921387	90	170
119	Spectrogram 1	1	1267.019043	1267.921387	90	170
122	Waveform 1	1	1317.550293	1318.968262	60	170
122	Spectrogram 1	1	1317.550293	1318.968262	60	170
124	Waveform 1	1	1332.245605	1333.405762	60	200
124	Spectrogram 1	1	1332.245605	1333.405762	60	200
125	Waveform 1	1	1340.237793	1340.882324	70	170
125	Spectrogram 1	1	1340.237793	1340.882324	70	170
127	Waveform 1	1	1350.034668	1351.001465	80	170
127	Spectrogram 1	1	1350.034668	1351.001465	80	170
128	Waveform 1	1	1354.804199	1356.351074	60	160
128	Spectrogram 1	1	1354.804199	1356.351074	60	160
129	Waveform 1	1	1382.132324	1383.29248	70	180
129	Spectrogram 1	1	1382.132324	1383.29248	70	180
131	Waveform 1	1	1397.149902	1398.438965	70	150
131	Spectrogram 1	1	1397.149902	1398.438965	70	150
132	Waveform 1	1	1400.888184	1401.983887	60	190
132	Spectrogram 1	1	1400.888184	1401.983887	60	190
136	Waveform 1	1	1433.888184	1435.04834	70	160
136	Spectrogram 1	1	1433.888184	1435.04834	70	160
146	Waveform 1	1	1540.106934	1541.009277	60	180
146	Spectrogram 1	1	1540.106934	1541.009277	60	180
148	Waveform 1	1	1546.681152	1547.970215	70	210
148	Spectrogram 1	1	1546.681152	1547.970215	70	210
151	Waveform 1	1	1558.540527	1559.313965	90	170
151	Spectrogram 1	1	1558.540527	1559.313965	90	170
154	Waveform 1	1	1598.114746	1599.468262	70	210
154	Spectrogram 1	1	1598.114746	1599.468262	70	210
156	Waveform 1	1	1634.659668	1636.013184	70	250
156	Spectrogram 1	1	1634.659668	1636.013184	70	250
157	Waveform 1	1	1636.464355	1636.97998	160	230
157	Spectrogram 1	1	1636.464355	1636.97998	160	230
159	Waveform 1	1	1653.737793	1655.091309	60	220
159	Spectrogram 1	1	1653.737793	1655.091309	60	220
163	Waveform 1	1	1676.876465	1678.101074	80	190
163	Spectrogram 1	1	1676.876465	1678.101074	80	190
164	Waveform 1	1	1690.862793	1692.409668	60	160
164	Spectrogram 1	1	1690.862793	1692.409668	60	160
167	Waveform 1	1	1723.282715	1724.700684	70	210
167	Spectrogram 1	1	1723.282715	1724.700684	70	210
169	Waveform 1	1	1729.98584	1732.370605	60	250
169	Spectrogram 1	1	1729.98584	1732.370605	60	250
172	Waveform 1	1	1749.901855	1751.319824	60	180
172	Spectrogram 1	1	1749.901855	1751.319824	60	180
173	Waveform 1	1	1758.151855	1759.569824	80	210
173	Spectrogram 1	1	1758.151855	1759.569824	80	210
174	Waveform 1	1	1777.101074	1778.325684	60	160
174	Spectrogram 1	1	1777.101074	1778.325684	60	160
176	Waveform 1	1	1800.755371	1801.97998	70	170
176	Spectrogram 1	1	1800.755371	1801.97998	70	170
177	Waveform 1	1	1808.038574	1809.520996	60	170
177	Spectrogram 1	1	1808.038574	1809.520996	60	170
178	Waveform 1	1	1826.858887	1828.083496	70	180
178	Spectrogram 1	1	1826.858887	1828.083496	70	180
179	Waveform 1	1	1830.661621	1832.208496	90	190
179	Spectrogram 1	1	1830.661621	1832.208496	90	190
183	Waveform 1	1	1864.628418	1866.046387	90	200
183	Spectrogram 1	1	1864.628418	1866.046387	90	200
188	Waveform 1	1	1914.321777	1916.126465	60	200
188	Spectrogram 1	1	1914.321777	1916.126465	60	200
191	Waveform 1	1	1941.649902	1942.938965	60	150
191	Spectrogram 1	1	1941.649902	1942.938965	60	150
199	Waveform 1	1	2017.060059	2018.73584	60	190
199	Spectrogram 1	1	2017.060059	2018.73584	60	190
202	Waveform 1	1	2042.905762	2044.51709	60	250
202	Spectrogram 1	1	2042.905762	2044.51709	60	250
203	Waveform 1	1	2070.169434	2071.845215	60	170
203	Spectrogram 1	1	2070.169434	2071.845215	60	170
212	Waveform 1	1	2208.034668	2209.710449	80	230
212	Spectrogram 1	1	2208.034668	2209.710449	80	230
217	Waveform 1	1	2240.325684	2240.712402	70	110
217	Spectrogram 1	1	2240.325684	2240.712402	70	110
218	Waveform 1	1	2248.962402	2250.251465	70	180
218	Spectrogram 1	1	2248.962402	2250.251465	70	180
220	Waveform 1	1	2266.300293	2267.460449	60	200
220	Spectrogram 1	1	2266.300293	2267.460449	60	200
223	Waveform 1	1	2283.76709	2285.249512	60	190
223	Spectrogram 1	1	2283.76709	2285.249512	60	190
224	Waveform 1	1	2302.458496	2303.812012	70	190
224	Spectrogram 1	1	2302.458496	2303.812012	70	190
226	Waveform 1	1	2323.663574	2324.82373	90	210
226	Spectrogram 1	1	2323.663574	2324.82373	90	210
227	Waveform 1	1	2337.585449	2338.810059	60	140
227	Spectrogram 1	1	2337.585449	2338.810059	60	140
230	Waveform 1	1	2355.438965	2357.243652	70	230
230	Spectrogram 1	1	2355.438965	2357.243652	70	230
232	Waveform 1	1	2364.397949	2365.558105	70	190
232	Spectrogram 1	1	2364.397949	2365.558105	70	190
234	Waveform 1	1	2380.060059	2381.478027	60	200
234	Spectrogram 1	1	2380.060059	2381.478027	60	200
235	Waveform 1	1	2397.526855	2399.07373	70	180
235	Spectrogram 1	1	2397.526855	2399.07373	70	180
239	Waveform 1	1	2434.394043	2436.069824	100	200
239	Spectrogram 1	1	2434.394043	2436.069824	100	200
242	Waveform 1	1	2461.077637	2462.624512	60	210
242	Spectrogram 1	1	2461.077637	2462.624512	60	210
244	Waveform 1	1	2480.864746	2482.282715	60	230
244	Spectrogram 1	1	2480.864746	2482.282715	60	230
245	Waveform 1	1	2503.810059	2505.034668	60	180
245	Spectrogram 1	1	2503.810059	2505.034668	60	180
246	Waveform 1	1	2515.282715	2515.991699	70	150
246	Spectrogram 1	1	2515.282715	2515.991699	70	150
248	Waveform 1	1	2533.071777	2535.263184	70	200
248	Spectrogram 1	1	2533.071777	2535.263184	70	200
249	Waveform 1	1	2541.837402	2543.062012	70	160
249	Spectrogram 1	1	2541.837402	2543.062012	70	160
251	Waveform 1	1	2574.708496	2576.126465	70	130
251	Spectrogram 1	1	2574.708496	2576.126465	70	130
253	Waveform 1	1	2592.690918	2593.851074	70	180
253	Spectrogram 1	1	2592.690918	2593.851074	70	180
254	Waveform 1	1	2598.878418	2599.974121	70	200
254	Spectrogram 1	1	2598.878418	2599.974121	70	200
255	Waveform 1	1	2612.54248	2613.315918	60	160
255	Spectrogram 1	1	2612.54248	2613.315918	60	160
259	Waveform 1	1	2656.435059	2657.659668	70	220
259	Spectrogram 1	1	2656.435059	2657.659668	70	220
263	Waveform 1	1	2753.82373	2754.532715	70	190
263	Spectrogram 1	1	2753.82373	2754.532715	70	190
264	Waveform 1	1	2771.741699	2771.999512	70	120
264	Spectrogram 1	1	2771.741699	2771.999512	70	120
265	Waveform 1	1	2781.989746	2783.278809	70	210
265	Spectrogram 1	1	2781.989746	2783.278809	70	210
266	Waveform 1	1	2805.063965	2806.030762	80	190
266	Spectrogram 1	1	2805.063965	2806.030762	80	190
268	Waveform 1	1	2825.560059	2826.075684	80	180
268	Spectrogram 1	1	2825.560059	2826.075684	80	180
269	Waveform 1	1	2829.233887	2829.878418	150	200
269	Spectrogram 1	1	2829.233887	2829.878418	150	200
282	Waveform 1	1	3024.140137	3025.23584	80	170
282	Spectrogram 1	1	3024.140137	3025.23584	80	170
285	Waveform 1	1	3044.700684	3045.409668	70	170
285	Spectrogram 1	1	3044.700684	3045.409668	70	170
297	Waveform 1	1	3129.585449	3130.294434	80	180
297	Spectrogram 1	1	3129.585449	3130.294434	80	180
312	Waveform 1	1	3304.253418	3304.962402	80	190
312	Spectrogram 1	1	3304.253418	3304.962402	80	190
315	Waveform 1	1	3321.269043	3321.784668	110	190
315	Spectrogram 1	1	3321.269043	3321.784668	110	190
318	Waveform 1	1	3355.106934	3355.944824	70	160
318	Spectrogram 1	1	3355.106934	3355.944824	70	160
321	Waveform 1	1	3382.950684	3383.853027	60	180
321	Spectrogram 1	1	3382.950684	3383.853027	60	180
351	Waveform 1	1	3701.220215	3702.380371	100	190
351	Spectrogram 1	1	3701.220215	3702.380371	100	190
359	Waveform 1	1	3858.163574	3858.937012	80	150
359	Spectrogram 1	1	3858.163574	3858.937012	80	150
363	Waveform 1	1	3906.95459	3907.98584	100	190
363	Spectrogram 1	1	3906.95459	3907.98584	100	190
366	Waveform 1	1	3930.093262	3931.446777	80	220
366	Spectrogram 1	1	3930.093262	3931.446777	80	220
370	Waveform 1	1	3987.520996	3989.26123	110	210
370	Spectrogram 1	1	3987.520996	3989.26123	110	210
372	Waveform 1	1	4005.95459	4007.759277	60	190
372	Spectrogram 1	1	4005.95459	4007.759277	60	190
383	Waveform 1	1	4160.384277	4161.157715	80	140
383	Spectrogram 1	1	4160.384277	4161.157715	80	140
384	Waveform 1	1	4168.247559	4168.634277	100	160
384	Spectrogram 1	1	4168.247559	4168.634277	100	160
387	Waveform 1	1	4222.774902	4223.999512	80	190
387	Spectrogram 1	1	4222.774902	4223.999512	80	190
389	Waveform 1	1	4267.118652	4268.536621	90	190
389	Spectrogram 1	1	4267.118652	4268.536621	90	190
391	Waveform 1	1	4299.86084	4301.020996	70	180
391	Spectrogram 1	1	4299.86084	4301.020996	70	180
394	Waveform 1	1	4330.927246	4332.022949	60	170
394	Spectrogram 1	1	4330.927246	4332.022949	60	170
401	Waveform 1	1	4395.509277	4396.540527	70	170
401	Spectrogram 1	1	4395.509277	4396.540527	70	170
402	Waveform 1	1	4400.020996	4400.472168	110	160
402	Spectrogram 1	1	4400.020996	4400.472168	110	160
408	Waveform 1	1	4506.433105	4508.108887	90	200
408	Spectrogram 1	1	4506.433105	4508.108887	90	200
413	Waveform 1	1	4554.901855	4556.190918	90	200
413	Spectrogram 1	1	4554.901855	4556.190918	90	200
416	Waveform 1	1	4592.864746	4593.702637	110	170
416	Spectrogram 1	1	4592.864746	4593.702637	110	170
425	Waveform 1	1	4724.349121	4725.831543	60	170
425	Spectrogram 1	1	4724.349121	4725.831543	60	170
433	Waveform 1	1	4881.421387	4882.774902	60	190
433	Spectrogram 1	1	4881.421387	4882.774902	60	190
445	Waveform 1	1	5061.632324	5062.79248	70	190
445	Spectrogram 1	1	5061.632324	5062.79248	70	190
449	Waveform 1	1	5108.940918	5110.42334	60	160
449	Spectrogram 1	1	5108.940918	5110.42334	60	160
450	Waveform 1	1	5130.145996	5130.726074	70	160
450	Spectrogram 1	1	5130.145996	5130.726074	70	160
452	Waveform 1	1	5141.36084	5142.134277	90	160
452	Spectrogram 1	1	5141.36084	5142.134277	90	160
464	Waveform 1	1	5295.468262	5296.692871	70	190
464	Spectrogram 1	1	5295.468262	5296.692871	70	190
469	Waveform 1	1	5325.181152	5326.147949	80	220
469	Spectrogram 1	1	5325.181152	5326.147949	80	220
470	Waveform 1	1	5331.819824	5332.270996	140	190
470	Spectrogram 1	1	5331.819824	5332.270996	140	190
471	Waveform 1	1	5338.974121	5339.876465	70	130
471	Spectrogram 1	1	5338.974121	5339.876465	70	130
473	Waveform 1	1	5349.737793	5351.284668	60	200
473	Spectrogram 1	1	5349.737793	5351.284668	60	200
475	Waveform 1	1	5362.241699	5363.208496	90	170
475	Spectrogram 1	1	5362.241699	5363.208496	90	170
476	Waveform 1	1	5366.044434	5366.366699	80	130
476	Spectrogram 1	1	5366.044434	5366.366699	80	130
480	Waveform 1	1	5392.212402	5392.599121	80	150
480	Spectrogram 1	1	5392.212402	5392.599121	80	150
491	Waveform 1	1	5507.003418	5508.228027	90	180
491	Spectrogram 1	1	5507.003418	5508.228027	90	180
493	Waveform 1	1	5541.679199	5542.968262	90	190
493	Spectrogram 1	1	5541.679199	5542.968262	90	190
496	Waveform 1	1	5570.554199	5571.972168	120	220
496	Spectrogram 1	1	5570.554199	5571.972168	120	220
498	Waveform 1	1	5582.284668	5583.315918	80	220
498	Spectrogram 1	1	5582.284668	5583.315918	80	220
502	Waveform 1	1	5646.028809	5647.317871	100	200
502	Spectrogram 1	1	5646.028809	5647.317871	100	200
504	Waveform 1	1	5660.466309	5661.819824	70	190
504	Spectrogram 1	1	5660.466309	5661.819824	70	190
508	Waveform 1	1	5690.888184	5692.04834	70	180
508	Spectrogram 1	1	5690.888184	5692.04834	70	180
510	Waveform 1	1	5716.79834	5718.216309	70	170
510	Spectrogram 1	1	5716.79834	5718.216309	70	170
511	Waveform 1	1	5730.655762	5732.331543	110	250
511	Spectrogram 1	1	5730.655762	5732.331543	110	250
512	Waveform 1	1	5732.911621	5733.942871	70	170
512	Spectrogram 1	1	5732.911621	5733.942871	70	170
514	Waveform 1	1	5746.70459	5747.606934	70	200
514	Spectrogram 1	1	5746.70459	5747.606934	70	200
517	Waveform 1	1	5763.140137	5764.493652	130	250
517	Spectrogram 1	1	5763.140137	5764.493652	130	250
519	Waveform 1	1	5782.991699	5783.571777	150	190
519	Spectrogram 1	1	5782.991699	5783.571777	150	190
522	Waveform 1	1	5803.22998	5804.325684	110	230
522	Spectrogram 1	1	5803.22998	5804.325684	110	230
524	Waveform 1	1	5817.151855	5818.312012	80	210
524	Spectrogram 1	1	5817.151855	5818.312012	80	210
526	Waveform 1	1	5838.034668	5838.808105	150	240
526	Spectrogram 1	1	5838.034668	5838.808105	150	240
528	Waveform 1	1	5847.187012	5848.024902	90	190
528	Spectrogram 1	1	5847.187012	5848.024902	90	190
531	Waveform 1	1	5864.26709	5865.29834	130	230
531	Spectrogram 1	1	5864.26709	5865.29834	130	230
533	Waveform 1	1	5879.284668	5880.251465	110	190
533	Spectrogram 1	1	5879.284668	5880.251465	110	190
535	Waveform 1	1	5887.405762	5888.630371	110	210
535	Spectrogram 1	1	5887.405762	5888.630371	110	210
537	Waveform 1	1	5902.938965	5903.841309	100	230
537	Spectrogram 1	1	5902.938965	5903.841309	100	230
538	Waveform 1	1	5906.612793	5907.128418	140	200
538	Spectrogram 1	1	5906.612793	5907.128418	140	200
539	Waveform 1	1	5920.599121	5921.114746	100	190
539	Spectrogram 1	1	5920.599121	5921.114746	100	190
542	Waveform 1	1	5935.874512	5936.583496	100	190
542	Spectrogram 1	1	5935.874512	5936.583496	100	190
543	Waveform 1	1	5943.802246	5944.833496	70	200
543	Spectrogram 1	1	5943.802246	5944.833496	70	200
546	Waveform 1	1	5959.270996	5959.851074	100	220
546	Spectrogram 1	1	5959.270996	5959.851074	100	220
548	Waveform 1	1	5980.089355	5980.411621	90	140
548	Spectrogram 1	1	5980.089355	5980.411621	90	140
560	Waveform 1	1	6128.202637	6129.233887	100	190
560	Spectrogram 1	1	6128.202637	6129.233887	100	190
564	Waveform 1	1	6142.640137	6143.478027	60	200
564	Spectrogram 1	1	6142.640137	6143.478027	60	200
572	Waveform 1	1	6219.274902	6220.112793	60	170
572	Spectrogram 1	1	6219.274902	6220.112793	60	170
577	Waveform 1	1	6284.888184	6285.403809	60	150
577	Spectrogram 1	1	6284.888184	6285.403809	60	150
579	Waveform 1	1	6296.36084	6297.19873	110	190
579	Spectrogram 1	1	6296.36084	6297.19873	110	190
587	Waveform 1	1	6353.272949	6354.304199	120	240
587	Spectrogram 1	1	6353.272949	6354.304199	120	240
606	Waveform 1	1	6497.647949	6498.808105	80	200
606	Spectrogram 1	1	6497.647949	6498.808105	80	200
612	Waveform 1	1	6549.210449	6550.306152	80	200
612	Spectrogram 1	1	6549.210449	6550.306152	80	200
617	Waveform 1	1	6590.009277	6591.169434	60	190
617	Spectrogram 1	1	6590.009277	6591.169434	60	190
619	Waveform 1	1	6619.013184	6621.01123	60	190
619	Spectrogram 1	1	6619.013184	6621.01123	60	190
623	Waveform 1	1	6651.94873	6652.915527	70	180
623	Spectrogram 1	1	6651.94873	6652.915527	70	180
627	Waveform 1	1	6686.946777	6688.04248	70	190
627	Spectrogram 1	1	6686.946777	6688.04248	70	190
630	Waveform 1	1	6753.20459	6754.493652	70	170
630	Spectrogram 1	1	6753.20459	6754.493652	70	170
653	Waveform 1	1	6965.255371	6966.222168	60	160
653	Spectrogram 1	1	6965.255371	6966.222168	60	160
654	Waveform 1	1	6980.144043	6980.724121	100	180
654	Spectrogram 1	1	6980.144043	6980.724121	100	180
660	Waveform 1	1	6999.67334	7000.382324	100	190
660	Spectrogram 1	1	6999.67334	7000.382324	100	190
670	Waveform 1	1	7130.44873	7132.833496	60	220
670	Spectrogram 1	1	7130.44873	7132.833496	60	220
674	Waveform 1	1	7160.419434	7161.257324	110	170
674	Spectrogram 1	1	7160.419434	7161.257324	110	170
675	Waveform 1	1	7161.837402	7162.353027	150	220
675	Spectrogram 1	1	7161.837402	7162.353027	150	220
676	Waveform 1	1	7181.17334	7181.882324	100	190
676	Spectrogram 1	1	7181.17334	7181.882324	100	190
681	Waveform 1	1	7200.187012	7200.638184	70	120
681	Spectrogram 1	1	7200.187012	7200.638184	70	120
683	Waveform 1	1	7228.61084	7230.286621	80	190
683	Spectrogram 1	1	7228.61084	7230.286621	80	190
709	Waveform 1	1	7487.003418	7488.228027	90	200
709	Spectrogram 1	1	7487.003418	7488.228027	90	200
721	Waveform 1	1	7628.155762	7629.509277	70	210
721	Spectrogram 1	1	7628.155762	7629.509277	70	210
723	Waveform 1	1	7656.772949	7657.095215	60	100
723	Spectrogram 1	1	7656.772949	7657.095215	60	100
724	Waveform 1	1	7659.222168	7660.060059	90	160
724	Spectrogram 1	1	7659.222168	7660.060059	90	160
731	Waveform 1	1	7720.452637	7722.38623	60	250
731	Spectrogram 1	1	7720.452637	7722.38623	60	250
741	Waveform 1	1	7824.802246	7826.220215	110	250
741	Spectrogram 1	1	7824.802246	7826.220215	110	250
743	Waveform 1	1	7832.214355	7832.665527	80	150
743	Spectrogram 1	1	7832.214355	7832.665527	80	150
747	Waveform 1	1	7861.927246	7863.474121	60	220
747	Spectrogram 1	1	7861.927246	7863.474121	60	220
749	Waveform 1	1	7892.091309	7894.089355	60	240
749	Spectrogram 1	1	7892.091309	7894.089355	60	240
752	Waveform 1	1	7933.79248	7934.82373	100	170
752	Spectrogram 1	1	7933.79248	7934.82373	100	170
755	Waveform 1	1	7968.919434	7970.530762	60	190
755	Spectrogram 1	1	7968.919434	7970.530762	60	190
761	Waveform 1	1	8015.583496	8017.51709	60	210
761	Spectrogram 1	1	8015.583496	8017.51709	60	210
765	Waveform 1	1	8061.538574	8063.214355	60	200
765	Spectrogram 1	1	8061.538574	8063.214355	60	200
769	Waveform 1	1	8097.503418	8099.372559	60	150
769	Spectrogram 1	1	8097.503418	8099.372559	60	150
777	Waveform 1	1	8170.657715	8171.882324	60	180
777	Spectrogram 1	1	8170.657715	8171.882324	60	180
781	Waveform 1	1	8215.839355	8218.224121	60	220
781	Spectrogram 1	1	8215.839355	8218.224121	60	220
786	Waveform 1	1	8276.36084	8278.22998	60	210
786	Spectrogram 1	1	8276.36084	8278.22998	60	210
797	Waveform 1	1	8344.745605	8346.614746	60	160
797	Spectrogram 1	1	8344.745605	8346.614746	60	160
801	Waveform 1	1	8372.589355	8373.942871	90	190
801	Spectrogram 1	1	8372.589355	8373.942871	90	190
805	Waveform 1	1	8410.616699	8412.163574	60	170
805	Spectrogram 1	1	8410.616699	8412.163574	60	170
816	Waveform 1	1	8487.058105	8488.927246	60	170
816	Spectrogram 1	1	8487.058105	8488.927246	60	170
821	Waveform 1	1	8513.290527	8514.708496	70	210
821	Spectrogram 1	1	8513.290527	8514.708496	70	210
826	Waveform 1	1	8565.94873	8567.431152	60	240
826	Spectrogram 1	1	8565.94873	8567.431152	60	240
827	Waveform 1	1	8574.134277	8574.585449	80	140
827	Spectrogram 1	1	8574.134277	8574.585449	80	140
830	Waveform 1	1	8584.253418	8586.509277	80	250
830	Spectrogram 1	1	8584.253418	8586.509277	80	250
850	Waveform 1	1	8800.300293	8801.460449	90	240
850	Spectrogram 1	1	8800.300293	8801.460449	90	240
869	Waveform 1	1	8933.26709	8934.10498	110	180
869	Spectrogram 1	1	8933.26709	8934.10498	110	180
875	Waveform 1	1	9021.503418	9023.179199	60	250
875	Spectrogram 1	1	9021.503418	9023.179199	60	250
882	Waveform 1	1	9061.722168	9063.526855	60	190
882	Spectrogram 1	1	9061.722168	9063.526855	60	190
887	Waveform 1	1	9094.915527	9096.591309	60	190
887	Spectrogram 1	1	9094.915527	9096.591309	60	190
891	Waveform 1	1	9162.978027	9163.429199	180	240
891	Spectrogram 1	1	9162.978027	9163.429199	180	240
893	Waveform 1	1	9167.683105	9168.649902	80	150
893	Spectrogram 1	1	9167.683105	9168.649902	80	150
924	Waveform 1	1	9425.302246	9426.075684	100	160
924	Spectrogram 1	1	9425.302246	9426.075684	100	160
930	Waveform 1	1	9466.874512	9467.647949	100	180
930	Spectrogram 1	1	9466.874512	9467.647949	100	180
931	Waveform 1	1	9479.765137	9480.66748	100	190
931	Spectrogram 1	1	9479.765137	9480.66748	100	190
932	Waveform 1	1	9484.405762	9484.856934	160	210
932	Spectrogram 1	1	9484.405762	9484.856934	160	210
934	Waveform 1	1	9494.653809	9496.265137	60	160
934	Spectrogram 1	1	9494.653809	9496.265137	60	160
941	Waveform 1	1	9543.57373	9545.120605	60	200
941	Spectrogram 1	1	9543.57373	9545.120605	60	200
943	Waveform 1	1	9557.237793	9558.397949	80	210
943	Spectrogram 1	1	9557.237793	9558.397949	80	210
947	Waveform 1	1	9591.720215	9593.976074	60	170
947	Spectrogram 1	1	9591.720215	9593.976074	60	170
948	Waveform 1	1	9594.362793	9595.071777	120	170
948	Spectrogram 1	1	9594.362793	9595.071777	120	170
949	Waveform 1	1	9609.380371	9610.476074	60	220
949	Spectrogram 1	1	9609.380371	9610.476074	60	220
959	Waveform 1	1	9677.249512	9678.925293	80	170
959	Spectrogram 1	1	9677.249512	9678.925293	80	170
967	Waveform 1	1	9717.145996	9718.563965	80	210
967	Spectrogram 1	1	9717.145996	9718.563965	80	210
969	Waveform 1	1	9728.296387	9729.520996	80	180
969	Spectrogram 1	1	9728.296387	9729.520996	80	180
977	Waveform 1	1	9754.270996	9755.688965	70	220
977	Spectrogram 1	1	9754.270996	9755.688965	70	220
980	Waveform 1	1	9775.282715	9777.151855	60	190
980	Spectrogram 1	1	9775.282715	9777.151855	60	190
982	Waveform 1	1	9791.653809	9793.522949	60	180
982	Spectrogram 1	1	9791.653809	9793.522949	60	180
983	Waveform 1	1	9794.231934	9795.520996	100	210
983	Spectrogram 1	1	9794.231934	9795.520996	100	210
985	Waveform 1	1	9811.118652	9811.69873	60	200
985	Spectrogram 1	1	9811.118652	9811.69873	60	200
987	Waveform 1	1	9821.624512	9822.784668	80	210
987	Spectrogram 1	1	9821.624512	9822.784668	80	210
989	Waveform 1	1	9829.874512	9831.48584	60	250
989	Spectrogram 1	1	9829.874512	9831.48584	60	250
994	Waveform 1	1	9863.132324	9864.679199	60	240
994	Spectrogram 1	1	9863.132324	9864.679199	60	240
998	Waveform 1	1	9878.536621	9879.95459	60	220
998	Spectrogram 1	1	9878.536621	9879.95459	60	220
1000	Waveform 1	1	9899.097168	9900.515137	80	190
1000	Spectrogram 1	1	9899.097168	9900.515137	80	190
1003	Waveform 1	1	9910.247559	9911.794434	60	210
1003	Spectrogram 1	1	9910.247559	9911.794434	60	210
1004	Waveform 1	1	9913.405762	9914.759277	60	180
1004	Spectrogram 1	1	9913.405762	9914.759277	60	180
1005	Waveform 1	1	9921.978027	9924.29834	60	240
1005	Spectrogram 1	1	9921.978027	9924.29834	60	240
1011	Waveform 1	1	9959.425293	9961.101074	60	170
1011	Spectrogram 1	1	9959.425293	9961.101074	60	170
1012	Waveform 1	1	9960.972168	9962.003418	80	160
1012	Spectrogram 1	1	9960.972168	9962.003418	80	160
1013	Waveform 1	1	9964.32373	9965.419434	60	200
1013	Spectrogram 1	1	9964.32373	9965.419434	60	200
1015	Waveform 1	1	9983.724121	9984.497559	100	190
1015	Spectrogram 1	1	9983.724121	9984.497559	100	190
1026	Waveform 1	1	10128.80811	10129.38818	60	140
1026	Spectrogram 1	1	10128.80811	10129.38818	60	140
1040	Waveform 1	1	10214.27295	10215.3042	70	200
1040	Spectrogram 1	1	10214.27295	10215.3042	70	200
1053	Waveform 1	1	10314.17529	10315.07764	110	240
1053	Spectrogram 1	1	10314.17529	10315.07764	110	240
1056	Waveform 1	1	10356.45654	10356.97217	140	190
1056	Spectrogram 1	1	10356.45654	10356.97217	140	190
1057	Waveform 1	1	10359.93701	10362.06396	60	140
1057	Spectrogram 1	1	10359.93701	10362.06396	60	140
1059	Waveform 1	1	10384.55811	10386.81396	60	170
1059	Spectrogram 1	1	10384.55811	10386.81396	60	170
1061	Waveform 1	1	10411.43506	10412.53076	60	160
1061	Spectrogram 1	1	10411.43506	10412.53076	60	160
1075	Waveform 1	1	10529.96436	10532.02686	80	180
1075	Spectrogram 1	1	10529.96436	10532.02686	80	180
1078	Waveform 1	1	10576.88623	10578.49756	80	180
1078	Spectrogram 1	1	10576.88623	10578.49756	80	180
1080	Waveform 1	1	10593.64404	10594.93311	60	200
1080	Spectrogram 1	1	10593.64404	10594.93311	60	200
1081	Waveform 1	1	10608.98389	10609.49951	80	160
1081	Spectrogram 1	1	10608.98389	10609.49951	80	160
1084	Waveform 1	1	10646.94678	10648.62256	80	250
1084	Spectrogram 1	1	10646.94678	10648.62256	80	250
1091	Waveform 1	1	10707.08154	10707.91943	70	110
1091	Spectrogram 1	1	10707.08154	10707.91943	70	110
1092	Waveform 1	1	10707.146	10708.82178	100	230
1092	Spectrogram 1	1	10707.146	10708.82178	100	230
1095	Waveform 1	1	10727.44873	10729.31787	70	230
1095	Spectrogram 1	1	10727.44873	10729.31787	70	230
1098	Waveform 1	1	10752.71436	10754.26123	70	190
1098	Spectrogram 1	1	10752.71436	10754.26123	70	190
1102	Waveform 1	1	10781.58936	10783.4585	60	170
1102	Spectrogram 1	1	10781.58936	10783.4585	60	170
1106	Waveform 1	1	10794.99561	10795.70459	60	180
1106	Spectrogram 1	1	10794.99561	10795.70459	60	180
1107	Waveform 1	1	10799.76514	10801.31201	60	210
1107	Spectrogram 1	1	10799.76514	10801.31201	60	210
1111	Waveform 1	1	10823.22607	10824.8374	60	190
1111	Spectrogram 1	1	10823.22607	10824.8374	60	190
1114	Waveform 1	1	10839.01709	10840.56396	60	200
1114	Spectrogram 1	1	10839.01709	10840.56396	60	200
1141	Waveform 1	1	11074.01318	11076.20459	80	190
1141	Spectrogram 1	1	11074.01318	11076.20459	80	190
1156	Waveform 1	1	11215.93896	11217.87256	60	190
1156	Spectrogram 1	1	11215.93896	11217.87256	60	190
1164	Waveform 1	1	11299.72803	11301.2749	60	200
1164	Spectrogram 1	1	11299.72803	11301.2749	60	200
