Selection	View	Channel	Begin Time (s)	End Time (s)	Low Freq (Hz)	High Freq (Hz)
4	Spectrogram 1	1	8.041748047	8.305419922	150	700
8	Spectrogram 1	1	28.8059082	29.13549805	125	350
27	Spectrogram 1	1	63.87426758	64.07202148	200	450
41	Spectrogram 1	1	90.50512695	90.70288086	150	500
99	Spectrogram 1	1	202.8293457	202.9611816	200	700
105	Spectrogram 1	1	213.3103027	213.8376465	105	450
111	Spectrogram 1	1	223.8571777	224.3186035	95	700
117	Spectrogram 1	1	241.3913574	241.7209473	135	850
125	Spectrogram 1	1	262.0895996	262.3532715	125	850
149	Spectrogram 1	1	321.3498535	321.6794434	65	350
166	Spectrogram 1	1	364.723877	364.9875488	125	700
192	Spectrogram 1	1	417.9196777	418.5129395	65	450
193	Spectrogram 1	1	418.6447754	419.567627	75	550
199	Spectrogram 1	1	429.1257324	429.3234863	150	400
266	Spectrogram 1	1	572.4313965	573.2883301	65	500
267	Spectrogram 1	1	582.8464355	583.4396973	75	850
293	Spectrogram 1	1	667.8806152	668.0783691	150	800
302	Spectrogram 1	1	692.6657715	693.654541	65	350
325	Spectrogram 1	1	767.6804199	767.9440918	75	500
326	Spectrogram 1	1	769.4602051	769.9875488	95	500
328	Spectrogram 1	1	775.5905762	775.920166	75	750
330	Spectrogram 1	1	798.6618652	799.255127	65	135
331	Spectrogram 1	1	805.517334	806.2424316	65	350
332	Spectrogram 1	1	808.4177246	809.2087402	65	165
333	Spectrogram 1	1	810.3293457	811.0544434	65	250
335	Spectrogram 1	1	817.9099121	818.5031738	65	400
336	Spectrogram 1	1	819.4260254	819.6896973	150	600
337	Spectrogram 1	1	823.0515137	823.1174316	85	600
354	Spectrogram 1	1	891.2106934	892.067627	95	500
360	Spectrogram 1	1	913.5568848	914.5456543	65	400
377	Spectrogram 1	1	961.4133301	961.8747559	105	500
381	Spectrogram 1	1	971.6306152	971.9602051	150	650
386	Spectrogram 1	1	978.6838379	978.8156738	250	600
387	Spectrogram 1	1	982.0456543	982.2434082	150	400
399	Spectrogram 1	1	1003.468994	1003.666748	150	400
406	Spectrogram 1	1	1015.861572	1016.322998	115	350
407	Spectrogram 1	1	1016.322998	1016.388916	200	450
455	Spectrogram 1	1	1165.693115	1166.352295	85	350
471	Spectrogram 1	1	1195.356201	1196.015381	135	450
476	Spectrogram 1	1	1217.043213	1217.570557	85	300
477	Spectrogram 1	1	1224.360107	1224.557861	200	500
505	Spectrogram 1	1	1285.004639	1285.400146	125	450
508	Spectrogram 1	1	1291.794189	1292.123779	150	450
509	Spectrogram 1	1	1297.001709	1297.660889	85	600
510	Spectrogram 1	1	1301.286377	1301.813721	125	550
511	Spectrogram 1	1	1303.066162	1304.12085	65	400
512	Spectrogram 1	1	1304.780029	1305.109619	65	500
513	Spectrogram 1	1	1307.944092	1308.801025	65	450
514	Spectrogram 1	1	1311.371826	1311.503662	150	400
515	Spectrogram 1	1	1314.733643	1314.865479	250	500
516	Spectrogram 1	1	1318.029541	1318.490967	115	450
522	Spectrogram 1	1	1331.344971	1331.542725	200	700
523	Spectrogram 1	1	1338.068604	1338.398193	150	450
546	Spectrogram 1	1	1383.815674	1384.804443	65	500
568	Spectrogram 1	1	1433.056396	1433.517822	105	350
581	Spectrogram 1	1	1453.820557	1454.216064	115	550
582	Spectrogram 1	1	1455.468506	1455.534424	200	450
583	Spectrogram 1	1	1457.182373	1457.380127	95	450
589	Spectrogram 1	1	1476.825928	1476.891846	200	450
610	Spectrogram 1	1	1513.608154	1514.003662	65	350
611	Spectrogram 1	1	1517.563232	1517.826904	85	600
616	Spectrogram 1	1	1534.50415	1534.701904	65	550
618	Spectrogram 1	1	1544.5896	1544.919189	125	400
629	Spectrogram 1	1	1563.903564	1564.167236	95	400
635	Spectrogram 1	1	1581.701416	1582.22876	125	450
638	Spectrogram 1	1	1588.359131	1588.556885	150	500
645	Spectrogram 1	1	1610.177979	1610.573486	150	550
659	Spectrogram 1	1	1641.29126	1641.554932	150	500
670	Spectrogram 1	1	1654.145264	1654.343018	85	550
671	Spectrogram 1	1	1654.804443	1654.870361	200	500
688	Spectrogram 1	1	1675.304932	1675.502686	135	450
691	Spectrogram 1	1	1680.182861	1680.446533	65	500
692	Spectrogram 1	1	1686.510986	1686.774658	115	400
716	Spectrogram 1	1	1718.019775	1718.744873	65	450
729	Spectrogram 1	1	1760.141357	1760.339111	150	450
742	Spectrogram 1	1	1780.641846	1780.8396	65	450
762	Spectrogram 1	1	1819.928955	1820.192627	135	450
766	Spectrogram 1	1	1829.81665	1830.014404	150	450
772	Spectrogram 1	1	1847.812256	1848.405518	75	450
774	Spectrogram 1	1	1850.383057	1850.712646	115	550
775	Spectrogram 1	1	1853.678955	1854.008545	135	450
776	Spectrogram 1	1	1857.040771	1857.238525	200	450
777	Spectrogram 1	1	1860.402588	1860.929932	85	450
778	Spectrogram 1	1	1866.994385	1867.587646	85	400
779	Spectrogram 1	1	1870.356201	1870.422119	250	500
781	Spectrogram 1	1	1877.079834	1877.607178	105	400
782	Spectrogram 1	1	1890.461182	1890.988525	105	500
785	Spectrogram 1	1	1900.348877	1900.744385	95	650
786	Spectrogram 1	1	1902.52417	1903.644775	85	145
789	Spectrogram 1	1	1909.906982	1910.368408	75	300
800	Spectrogram 1	1	1964.684814	1965.14624	75	700
815	Spectrogram 1	1	1989.931396	1990.195068	150	450
816	Spectrogram 1	1	1996.589111	1996.984619	95	450
817	Spectrogram 1	1	2014.189209	2014.716553	65	165
818	Spectrogram 1	1	2020.781006	2021.506104	65	350
819	Spectrogram 1	1	2023.813232	2024.010986	85	450
820	Spectrogram 1	1	2024.010986	2024.20874	150	400
821	Spectrogram 1	1	2033.9646	2034.689697	65	450
822	Spectrogram 1	1	2036.996826	2037.19458	200	750
825	Spectrogram 1	1	2049.389404	2049.916748	75	850
826	Spectrogram 1	1	2055.849365	2055.981201	200	450
827	Spectrogram 1	1	2059.2771	2059.804443	85	400
828	Spectrogram 1	1	2062.441162	2062.83667	65	450
831	Spectrogram 1	1	2072.262939	2072.526611	150	400
867	Spectrogram 1	1	2170.546631	2170.810303	150	550
914	Spectrogram 1	1	2264.413818	2264.809326	125	400
942	Spectrogram 1	1	2432.570557	2432.768311	75	450
943	Spectrogram 1	1	2435.339111	2436.196045	85	300
945	Spectrogram 1	1	2449.115967	2449.445557	65	400
989	Spectrogram 1	1	2576.733154	2577.458252	65	300
990	Spectrogram 1	1	2579.303955	2579.435791	65	300
1001	Spectrogram 1	1	2610.812744	2611.142334	65	300
1007	Spectrogram 1	1	2650.099854	2651.418213	65	250
1033	Spectrogram 1	1	2704.41626	2704.614014	75	350
1080	Spectrogram 1	1	2856.027588	2857.016357	85	250
1081	Spectrogram 1	1	2883.910889	2884.306396	75	400
1098	Spectrogram 1	1	2974.020752	2974.74585	65	400
1136	Spectrogram 1	1	3100.187744	3100.451416	150	450
1141	Spectrogram 1	1	3112.909912	3113.9646	75	450
1142	Spectrogram 1	1	3116.139893	3116.667236	85	300
1143	Spectrogram 1	1	3119.435791	3120.029053	65	300
1144	Spectrogram 1	1	3122.599854	3122.995361	95	800
1188	Spectrogram 1	1	3244.811768	3245.405029	85	165
1203	Spectrogram 1	1	3276.650146	3276.979736	125	350
1206	Spectrogram 1	1	3291.811279	3293.063721	65	250
1216	Spectrogram 1	1	3304.401611	3304.665283	150	400
1228	Spectrogram 1	1	3337.294678	3337.690186	125	350
1229	Spectrogram 1	1	3340.260986	3340.524658	65	450
1258	Spectrogram 1	1	3433.864502	3434.26001	150	400
1259	Spectrogram 1	1	3435.446533	3435.842041	105	450
1267	Spectrogram 1	1	3493.388428	3493.915771	65	350
1273	Spectrogram 1	1	3505.912842	3506.374268	65	400
1287	Spectrogram 1	1	3541.113037	3541.508545	200	600
1314	Spectrogram 1	1	3703.139404	3703.468994	65	500
1316	Spectrogram 1	1	3711.774658	3712.302002	65	350
1317	Spectrogram 1	1	3719.025635	3720.014404	65	350
1318	Spectrogram 1	1	3725.156006	3725.749268	75	350
1319	Spectrogram 1	1	3728.320068	3728.781494	85	450
1320	Spectrogram 1	1	3730.693115	3731.550049	65	350
1321	Spectrogram 1	1	3731.550049	3731.879639	95	350
1323	Spectrogram 1	1	3738.01001	3738.735107	65	145
1329	Spectrogram 1	1	3750.534424	3750.732178	125	500
1396	Spectrogram 1	1	3998.451904	3999.045166	65	500
1401	Spectrogram 1	1	4008.998779	4009.394287	105	400
1404	Spectrogram 1	1	4019.479736	4020.138916	115	350
1415	Spectrogram 1	1	4062.656006	4063.18335	105	450
1423	Spectrogram 1	1	4084.474854	4084.804443	135	400
1443	Spectrogram 1	1	4134.836182	4135.561279	105	400
1464	Spectrogram 1	1	4218.815674	4219.211182	125	400
1470	Spectrogram 1	1	4229.560303	4229.692139	250	750
1485	Spectrogram 1	1	4260.14624	4260.47583	150	450
1490	Spectrogram 1	1	4292.709717	4293.698486	85	400
1491	Spectrogram 1	1	4302.795166	4303.915771	65	400
1494	Spectrogram 1	1	4316.242432	4318.154053	75	400
1513	Spectrogram 1	1	4411.625732	4412.087158	95	400
1519	Spectrogram 1	1	4422.040771	4422.699951	65	400
1521	Spectrogram 1	1	4432.389893	4432.851318	95	300
1523	Spectrogram 1	1	4456.120361	4456.713623	125	400
1527	Spectrogram 1	1	4473.918213	4474.313721	125	400
1529	Spectrogram 1	1	4484.39917	4484.992432	75	400
1556	Spectrogram 1	1	4583.605713	4584.198975	125	300
1578	Spectrogram 1	1	4666.662354	4667.024902	200	550
1615	Spectrogram 1	1	4795.400146	4795.861572	125	350
1616	Spectrogram 1	1	4802.123779	4802.914795	65	350
1618	Spectrogram 1	1	4805.749268	4806.540283	85	500
1620	Spectrogram 1	1	4815.966553	4817.087158	65	400
1647	Spectrogram 1	1	4886.103271	4886.564697	95	165
1672	Spectrogram 1	1	4981.816162	4982.145752	65	450
1679	Spectrogram 1	1	5013.061279	5013.456787	105	300
1704	Spectrogram 1	1	5096.974854	5097.502197	115	500
1708	Spectrogram 1	1	5111.542725	5112.00415	135	350
1768	Spectrogram 1	1	5254.452881	5255.507568	85	400
1771	Spectrogram 1	1	5264.802002	5265.461182	85	500
1775	Spectrogram 1	1	5273.437256	5273.766846	75	350
1776	Spectrogram 1	1	5275.151123	5275.217041	85	450
1777	Spectrogram 1	1	5275.217041	5275.414795	65	300
1781	Spectrogram 1	1	5283.720459	5283.918213	150	400
1782	Spectrogram 1	1	5285.368408	5286.027588	85	400
1784	Spectrogram 1	1	5309.823975	5310.021729	200	500
1800	Spectrogram 1	1	5353.79126	5354.648193	65	400
1838	Spectrogram 1	1	5439.484619	5441.857666	85	450
1844	Spectrogram 1	1	5469.345459	5470.531982	65	450
1846	Spectrogram 1	1	5479.562744	5479.892334	115	500
1848	Spectrogram 1	1	5488.13208	5488.395752	200	450
1849	Spectrogram 1	1	5489.780029	5490.834717	65	700
1853	Spectrogram 1	1	5499.865479	5500.524658	125	400
1867	Spectrogram 1	1	5565.124268	5565.322021	150	400
1869	Spectrogram 1	1	5587.074951	5587.470459	105	350
1875	Spectrogram 1	1	5613.244385	5613.837646	125	450
1916	Spectrogram 1	1	5750.221924	5750.881104	115	450
1918	Spectrogram 1	1	5760.571045	5761.559814	85	750
1919	Spectrogram 1	1	5770.920166	5771.249756	95	450
1922	Spectrogram 1	1	5781.335205	5781.598877	65	350
1926	Spectrogram 1	1	5797.946533	5798.671631	105	300
1932	Spectrogram 1	1	5835.783447	5836.574463	65	750
1934	Spectrogram 1	1	5846.000732	5846.198486	150	450
1976	Spectrogram 1	1	5972.892822	5973.61792	65	450
1978	Spectrogram 1	1	5974.804443	5975.068115	150	450
1985	Spectrogram 1	1	5995.04126	5995.502686	65	450
1990	Spectrogram 1	1	6038.942627	6039.272217	85	400
1991	Spectrogram 1	1	6039.272217	6039.733643	115	350
1992	Spectrogram 1	1	6042.436279	6042.831787	105	300
1993	Spectrogram 1	1	6044.084229	6044.281982	200	450
1994	Spectrogram 1	1	6045.732178	6046.852783	65	450
2004	Spectrogram 1	1	6149.750732	6150.47583	75	450
2005	Spectrogram 1	1	6152.453369	6153.903564	75	350
2006	Spectrogram 1	1	6158.781494	6159.770264	65	350
2007	Spectrogram 1	1	6161.945557	6162.538818	95	145
2008	Spectrogram 1	1	6171.833252	6172.492432	65	450
2010	Spectrogram 1	1	6177.765869	6178.952393	85	165
2011	Spectrogram 1	1	6181.918701	6182.841553	65	450
2013	Spectrogram 1	1	6188.906006	6189.301514	125	350
2014	Spectrogram 1	1	6192.201904	6193.124756	65	400
2015	Spectrogram 1	1	6193.124756	6194.047607	65	500
2018	Spectrogram 1	1	6211.054443	6211.449951	85	400
2038	Spectrogram 1	1	6362.336182	6363.390869	65	400
2041	Spectrogram 1	1	6372.355713	6373.080811	135	550
2046	Spectrogram 1	1	6406.171631	6406.501221	125	450
2054	Spectrogram 1	1	6458.44458	6459.565186	105	450
2099	Spectrogram 1	1	6606.364502	6606.628174	150	400
2107	Spectrogram 1	1	6628.051514	6629.040283	65	450
2108	Spectrogram 1	1	6638.400635	6639.389404	75	500
2109	Spectrogram 1	1	6648.552002	6649.079346	85	400
2111	Spectrogram 1	1	6658.703369	6658.967041	65	400
2112	Spectrogram 1	1	6658.967041	6659.032959	200	300
2117	Spectrogram 1	1	6693.969482	6694.69458	65	400
2120	Spectrogram 1	1	6709.526123	6709.921631	65	400
2122	Spectrogram 1	1	6719.479736	6719.875244	115	165
2183	Spectrogram 1	1	7021.252197	7022.900146	135	450
2193	Spectrogram 1	1	7069.174561	7069.570068	115	350
2196	Spectrogram 1	1	7079.325928	7080.446533	65	400
2197	Spectrogram 1	1	7092.048096	7092.839111	65	500
2199	Spectrogram 1	1	7094.81665	7095.14624	150	400
2201	Spectrogram 1	1	7098.310303	7099.233154	75	450
2202	Spectrogram 1	1	7101.210693	7102.331299	75	135
2204	Spectrogram 1	1	7104.9021	7105.693115	75	400
2206	Spectrogram 1	1	7111.493896	7112.02124	65	600
2207	Spectrogram 1	1	7119.074463	7120.656494	65	400
2209	Spectrogram 1	1	7136.081299	7136.872314	65	350
2211	Spectrogram 1	1	7150.97876	7151.30835	250	450
2212	Spectrogram 1	1	7154.076904	7154.933838	85	450
2214	Spectrogram 1	1	7170.622314	7170.951904	105	400
2215	Spectrogram 1	1	7170.951904	7171.347412	95	400
2218	Spectrogram 1	1	7187.167725	7187.563232	115	350
2220	Spectrogram 1	1	7190.397705	7191.979736	85	400
2243	Spectrogram 1	1	7396.589111	7397.248291	65	350
2245	Spectrogram 1	1	7402.653564	7403.049072	115	550
2246	Spectrogram 1	1	7405.751709	7409.113525	65	350
2247	Spectrogram 1	1	7413.661865	7414.189209	85	165
2279	Spectrogram 1	1	7504.826416	7505.419678	135	350
2282	Spectrogram 1	1	7516.955322	7518.01001	65	400
2283	Spectrogram 1	1	7525.195068	7525.656494	105	250
2287	Spectrogram 1	1	7531.720947	7532.050537	95	350
2288	Spectrogram 1	1	7532.050537	7532.182373	150	300
2294	Spectrogram 1	1	7565.273193	7566.196045	65	350
2297	Spectrogram 1	1	7574.699463	7575.029053	105	350
2298	Spectrogram 1	1	7577.863525	7578.522705	75	165
2335	Spectrogram 1	1	7665.66626	7666.391357	105	165
2337	Spectrogram 1	1	7680.168213	7680.827393	105	350
2338	Spectrogram 1	1	7680.827393	7681.750244	85	350
2340	Spectrogram 1	1	7691.242432	7693.681396	65	300
2343	Spectrogram 1	1	7704.360107	7704.821533	85	165
2353	Spectrogram 1	1	7767.509521	7767.839111	150	600
2356	Spectrogram 1	1	7791.635498	7792.294678	85	165
2377	Spectrogram 1	1	7856.564697	7857.026123	105	450
2381	Spectrogram 1	1	7869.616455	7869.880127	125	650
2385	Spectrogram 1	1	7877.065186	7877.922119	65	165
2394	Spectrogram 1	1	7892.48999	7892.885498	105	350
2395	Spectrogram 1	1	7894.863037	7895.654053	65	350
2396	Spectrogram 1	1	7900.531982	7901.191162	65	300
2397	Spectrogram 1	1	7901.388916	7902.377686	65	550
2398	Spectrogram 1	1	7906.991943	7908.112549	85	165
2399	Spectrogram 1	1	7911.935791	7912.463135	85	145
2400	Spectrogram 1	1	7912.463135	7913.385986	65	350
2401	Spectrogram 1	1	7915.231689	7915.495361	75	350
2402	Spectrogram 1	1	7915.495361	7915.627197	135	300
2403	Spectrogram 1	1	7919.450439	7921.230225	85	145
2404	Spectrogram 1	1	7923.669189	7924.394287	75	300
2405	Spectrogram 1	1	7927.55835	7928.481201	95	165
2406	Spectrogram 1	1	7931.183838	7931.513428	85	165
2407	Spectrogram 1	1	7931.513428	7931.843018	65	700
2408	Spectrogram 1	1	7937.643799	7939.687256	65	400
2412	Spectrogram 1	1	7959.6604	7960.055908	105	165
2423	Spectrogram 1	1	7983.390869	7984.181885	65	350
2470	Spectrogram 1	1	8105.470947	8106.657471	75	165
2471	Spectrogram 1	1	8111.930908	8113.512939	85	300
2473	Spectrogram 1	1	8119.577393	8120.30249	65	125
2477	Spectrogram 1	1	8128.674072	8129.39917	65	250
2478	Spectrogram 1	1	8140.011963	8140.539307	65	165
2485	Spectrogram 1	1	8202.502197	8202.699951	150	650
2550	Spectrogram 1	1	8319.968018	8320.824951	75	400
2560	Spectrogram 1	1	8346.598877	8346.928467	135	400
2563	Spectrogram 1	1	8356.420654	8357.739014	65	165
2565	Spectrogram 1	1	8367.231201	8367.560791	125	350
2566	Spectrogram 1	1	8369.142822	8369.736084	85	700
2578	Spectrogram 1	1	8397.223877	8397.948975	85	400
2580	Spectrogram 1	1	8402.95874	8404.013428	105	600
2634	Spectrogram 1	1	8558.591064	8559.05249	105	450
2662	Spectrogram 1	1	8709.345459	8710.466064	65	550
2663	Spectrogram 1	1	8724.57251	8726.879639	65	400
2664	Spectrogram 1	1	8730.373291	8731.493896	65	300
2684	Spectrogram 1	1	8790.75415	8791.677002	115	250
2689	Spectrogram 1	1	8822.262939	8823.119873	85	165
2725	Spectrogram 1	1	8968.732666	8969.985107	65	300
2729	Spectrogram 1	1	9039.6604	9040.846924	75	550
2731	Spectrogram 1	1	9050.932373	9052.909912	75	125
2733	Spectrogram 1	1	9062.929443	9063.852295	65	300
2734	Spectrogram 1	1	9067.016357	9068.664307	65	450
2735	Spectrogram 1	1	9072.619385	9073.937744	65	300
2736	Spectrogram 1	1	9095.361084	9096.613525	65	350
2743	Spectrogram 1	1	9169.518799	9169.584717	95	165
2744	Spectrogram 1	1	9169.584717	9170.375732	65	450
2745	Spectrogram 1	1	9175.912842	9177.033447	65	165
2746	Spectrogram 1	1	9181.252197	9181.845459	65	300
2747	Spectrogram 1	1	9201.752686	9203.071045	65	350
2749	Spectrogram 1	1	9211.047119	9212.167725	75	135
2753	Spectrogram 1	1	9322.382568	9323.503174	75	350
2754	Spectrogram 1	1	9333.654541	9334.379639	85	350
2755	Spectrogram 1	1	9334.379639	9335.697998	65	400
2756	Spectrogram 1	1	9344.992432	9346.442627	65	350
2757	Spectrogram 1	1	9351.386475	9351.452393	105	165
2758	Spectrogram 1	1	9351.452393	9352.17749	85	350
2759	Spectrogram 1	1	9367.009033	9367.404541	65	300
2766	Spectrogram 1	1	9420.732178	9421.720947	65	300
2768	Spectrogram 1	1	9442.616943	9443.078369	65	300
2775	Spectrogram 1	1	9577.287354	9578.144287	65	350
2776	Spectrogram 1	1	9588.822998	9589.41626	65	350
2777	Spectrogram 1	1	9589.41626	9590.405029	125	350
2780	Spectrogram 1	1	9621.386475	9622.17749	65	165
2789	Spectrogram 1	1	9858.295654	9859.284424	75	300
2791	Spectrogram 1	1	9883.4104	9884.465088	65	300
2797	Spectrogram 1	1	9975.036377	9975.102295	400	650
2798	Spectrogram 1	1	9975.168213	9975.629639	65	850
2799	Spectrogram 1	1	10003.18335	10003.71069	65	165
2801	Spectrogram 1	1	10026.18872	10026.58423	115	350
2832	Spectrogram 1	1	10282.28003	10282.67554	85	450
2833	Spectrogram 1	1	10309.43823	10309.89966	95	165
2837	Spectrogram 1	1	10545.9519	10547.00659	65	400
2838	Spectrogram 1	1	10557.94897	10558.54224	65	400
2863	Spectrogram 1	1	10736.65259	10736.98218	75	600
2866	Spectrogram 1	1	10748.78149	10749.11108	115	350
2868	Spectrogram 1	1	10763.94263	10764.40405	105	450
2869	Spectrogram 1	1	10770.20483	10770.60034	115	400
2879	Spectrogram 1	1	10976.39624	10977.31909	65	400
2881	Spectrogram 1	1	10995.64429	10995.84204	65	400
2882	Spectrogram 1	1	10995.84204	10997.09448	105	165
2883	Spectrogram 1	1	11001.97241	11002.63159	85	165
2905	Spectrogram 1	1	11183.44458	11184.03784	95	350
2914	Spectrogram 1	1	11287.52905	11287.99048	65	350
2922	Spectrogram 1	1	11318.64233	11319.16968	95	300
2923	Spectrogram 1	1	11336.17651	11336.24243	95	300
2924	Spectrogram 1	1	11336.24243	11336.83569	65	350
2926	Spectrogram 1	1	11342.57056	11343.69116	75	300
2928	Spectrogram 1	1	11351.66724	11352.2605	65	145
2929	Spectrogram 1	1	11358.39087	11358.52271	200	500
2930	Spectrogram 1	1	11360.50024	11362.28003	65	550
2932	Spectrogram 1	1	11365.57593	11366.23511	75	500
2933	Spectrogram 1	1	11370.58569	11370.65161	250	500
2934	Spectrogram 1	1	11370.65161	11371.24487	65	300
2935	Spectrogram 1	1	11376.1228	11376.32056	65	450
2936	Spectrogram 1	1	11381.2644	11382.25317	75	400
2937	Spectrogram 1	1	11386.40601	11387.32886	115	400
2938	Spectrogram 1	1	11391.67944	11392.20679	85	350
2942	Spectrogram 1	1	11453.24683	11454.30151	75	300
2943	Spectrogram 1	1	11464.65063	11465.04614	75	300
2946	Spectrogram 1	1	11500.8396	11501.36694	95	250
2948	Spectrogram 1	1	11591.34497	11591.41089	105	165
2949	Spectrogram 1	1	11591.41089	11593.12476	65	500
2950	Spectrogram 1	1	11597.60718	11598.00269	75	400
2951	Spectrogram 1	1	11601.23267	11601.69409	75	350
2952	Spectrogram 1	1	11601.69409	11601.82593	200	450
2953	Spectrogram 1	1	11606.76978	11606.96753	150	500
2954	Spectrogram 1	1	11611.84546	11612.04321	65	450
2955	Spectrogram 1	1	11616.52563	11617.71216	65	350
2956	Spectrogram 1	1	11621.60132	11622.32642	65	500
2957	Spectrogram 1	1	11627.20435	11627.66577	75	400
2958	Spectrogram 1	1	11632.47778	11632.80737	105	500
2960	Spectrogram 1	1	11682.31177	11682.57544	65	250
2961	Spectrogram 1	1	11694.77026	11696.02271	65	300
2968	Spectrogram 1	1	11753.2395	11753.43726	65	400
2970	Spectrogram 1	1	11775.91528	11776.57446	65	300
2971	Spectrogram 1	1	11781.38647	11782.44116	135	450
2973	Spectrogram 1	1	11790.02173	11790.68091	65	550
2974	Spectrogram 1	1	11795.03149	11795.36108	105	500
2975	Spectrogram 1	1	11810.91772	11811.24731	125	450
2976	Spectrogram 1	1	11816.12524	11816.25708	75	350
2977	Spectrogram 1	1	11821.33276	11821.99194	65	165
2984	Spectrogram 1	1	11879.53833	11880.06567	75	350
2990	Spectrogram 1	1	11933.39331	11933.85474	65	165
2992	Spectrogram 1	1	11939.45776	11939.5896	85	650
2994	Spectrogram 1	1	11978.41528	11979.00854	65	400
2997	Spectrogram 1	1	11987.77563	11988.30298	125	450
2998	Spectrogram 1	1	11992.85132	11993.44458	65	450
2999	Spectrogram 1	1	11997.46558	11997.59741	200	550
3000	Spectrogram 1	1	11997.927	11998.25659	115	850
3001	Spectrogram 1	1	12002.47534	12002.60718	200	500
3002	Spectrogram 1	1	12002.93677	12003.20044	135	500
3003	Spectrogram 1	1	12008.01245	12008.27612	150	450
3004	Spectrogram 1	1	12013.08813	12013.35181	150	500
3005	Spectrogram 1	1	12018.0979	12018.36157	150	400
3006	Spectrogram 1	1	12023.30542	12023.56909	95	350
3007	Spectrogram 1	1	12030.29272	12030.75415	75	350
3012	Spectrogram 1	1	12134.57495	12135.03638	85	400
3013	Spectrogram 1	1	12137.40942	12138.39819	65	400
3014	Spectrogram 1	1	12143.73755	12143.86938	65	350
3015	Spectrogram 1	1	12146.70386	12147.42896	65	400
3016	Spectrogram 1	1	12147.89038	12148.61548	65	350
3017	Spectrogram 1	1	12153.75708	12154.48218	75	400
3018	Spectrogram 1	1	12172.14819	12172.47778	105	350
3022	Spectrogram 1	1	12200.88843	12201.21802	75	350
3023	Spectrogram 1	1	12201.21802	12202.00903	65	600
3024	Spectrogram 1	1	12210.77612	12211.76489	85	500
3025	Spectrogram 1	1	12215.39038	12215.52222	200	600
3026	Spectrogram 1	1	12215.85181	12216.44507	65	550
3027	Spectrogram 1	1	12220.53198	12220.66382	200	450
3028	Spectrogram 1	1	12220.92749	12221.05933	200	500
3030	Spectrogram 1	1	12241.4939	12242.02124	85	165
3031	Spectrogram 1	1	12246.89917	12247.55835	105	300
3044	Spectrogram 1	1	12360.54175	12361.79419	65	165
3045	Spectrogram 1	1	12364.7605	12365.4856	85	400
3046	Spectrogram 1	1	12370.09985	12370.82495	65	350
3047	Spectrogram 1	1	12370.82495	12371.08862	85	400
3048	Spectrogram 1	1	12374.71411	12374.84595	150	500
3050	Spectrogram 1	1	12379.85571	12380.9104	85	450
3051	Spectrogram 1	1	12381.43774	12381.70142	115	400
3052	Spectrogram 1	1	12384.86548	12385.52466	115	400
3053	Spectrogram 1	1	12389.94116	12390.86401	105	350
3054	Spectrogram 1	1	12393.50073	12393.83032	75	350
3055	Spectrogram 1	1	12400.68579	12401.54272	135	450
3058	Spectrogram 1	1	12435.5564	12436.21558	125	400
3062	Spectrogram 1	1	12484.92896	12485.39038	95	165
3064	Spectrogram 1	1	12538.28955	12538.78394	65	350
3065	Spectrogram 1	1	12538.78394	12539.24536	95	350
3066	Spectrogram 1	1	12554.0769	12554.47241	95	350
3067	Spectrogram 1	1	12560.27319	12560.73462	105	350
3068	Spectrogram 1	1	12598.30786	12598.37378	85	145
3069	Spectrogram 1	1	12598.37378	12599.29663	65	500
3070	Spectrogram 1	1	12607.86597	12608.7229	65	500
3071	Spectrogram 1	1	12612.54614	12612.94165	105	350
3072	Spectrogram 1	1	12612.94165	12613.27124	65	500
3073	Spectrogram 1	1	12617.95142	12618.80835	95	750
3074	Spectrogram 1	1	12622.49976	12622.63159	200	600
3075	Spectrogram 1	1	12623.0271	12623.35669	115	400
3076	Spectrogram 1	1	12628.10278	12628.23462	200	450
3077	Spectrogram 1	1	12633.17847	12633.24438	125	350
3078	Spectrogram 1	1	12633.24438	12633.70581	65	450
3079	Spectrogram 1	1	12636.34253	12637.92456	65	400
3081	Spectrogram 1	1	12642.40698	12642.86841	75	300
3082	Spectrogram 1	1	12645.96655	12646.29614	65	350
3086	Spectrogram 1	1	12665.61011	12666.53296	85	300
3091	Spectrogram 1	1	12740.49292	12741.41577	75	300
3095	Spectrogram 1	1	12781.03247	12781.8894	75	350
3096	Spectrogram 1	1	12787.16284	12787.55835	85	350
3097	Spectrogram 1	1	12793.49097	12793.95239	115	450
3099	Spectrogram 1	1	12813.72778	12814.45288	85	165
3109	Spectrogram 1	1	12850.31226	12850.44409	85	400
3124	Spectrogram 1	1	13042.13354	13042.99048	105	350
3128	Spectrogram 1	1	13052.94409	13053.27368	115	350
3131	Spectrogram 1	1	13058.21753	13058.74487	105	350
3165	Spectrogram 1	1	13323.01001	13323.86694	65	250
3166	Spectrogram 1	1	13324.98755	13325.51489	65	450
3168	Spectrogram 1	1	13337.24829	13337.44604	85	400
3175	Spectrogram 1	1	13356.16675	13356.49634	75	350
3201	Spectrogram 1	1	13575.21216	13575.93726	65	400
3202	Spectrogram 1	1	13581.34253	13581.93579	65	300
3214	Spectrogram 1	1	13732.55835	13733.81079	65	350
3215	Spectrogram 1	1	13738.6228	13739.15015	65	350
3218	Spectrogram 1	1	13781.00806	13781.46948	65	300
3222	Spectrogram 1	1	13802.56323	13802.69507	500	800
3237	Spectrogram 1	1	13895.90308	13896.10083	65	400
3242	Spectrogram 1	1	13946.65991	13947.45093	65	250
3243	Spectrogram 1	1	13952.72437	13953.11987	65	300
3256	Spectrogram 1	1	14106.5769	14107.69751	65	350
3269	Spectrogram 1	1	14226.41577	14226.8772	65	300
