Selection	View	Channel	Begin Time (s)	End Time (s)	Low Freq (Hz)	High Freq (Hz)
4	Waveform 1	1	62.02856445	62.22631836	0	200
4	Spectrogram 1	1	62.02856445	62.22631836	0	200
6	Waveform 1	1	74.02563477	74.35522461	25	250
6	Spectrogram 1	1	74.02563477	74.35522461	25	250
7	Waveform 1	1	104.2160645	104.3479004	0	250
7	Spectrogram 1	1	104.2160645	104.3479004	0	250
8	Waveform 1	1	108.1052246	108.2370605	75	200
8	Spectrogram 1	1	108.1052246	108.2370605	75	200
9	Waveform 1	1	110.0827637	110.1486816	25	150
9	Spectrogram 1	1	110.0827637	110.1486816	25	150
10	Waveform 1	1	110.1486816	110.2805176	0	250
10	Spectrogram 1	1	110.1486816	110.2805176	0	250
11	Waveform 1	1	113.642334	113.9719238	0	150
11	Spectrogram 1	1	113.642334	113.9719238	0	150
12	Waveform 1	1	124.3210449	124.5187988	25	175
12	Spectrogram 1	1	124.3210449	124.5187988	25	175
13	Waveform 1	1	124.8483887	125.1779785	25	200
13	Spectrogram 1	1	124.8483887	125.1779785	25	200
14	Waveform 1	1	131.9675293	132.1652832	25	225
14	Spectrogram 1	1	131.9675293	132.1652832	25	225
15	Waveform 1	1	141.2619629	141.3937988	0	150
15	Spectrogram 1	1	141.2619629	141.3937988	0	150
18	Waveform 1	1	159.2575684	159.4553223	50	175
18	Spectrogram 1	1	159.2575684	159.4553223	50	175
19	Waveform 1	1	167.1018066	167.6291504	75	200
19	Spectrogram 1	1	167.1018066	167.6291504	75	200
20	Waveform 1	1	171.1228027	171.5842285	50	175
20	Spectrogram 1	1	171.1228027	171.5842285	50	175
21	Waveform 1	1	194.6555176	194.9851074	50	225
21	Spectrogram 1	1	194.6555176	194.9851074	50	225
22	Waveform 1	1	195.973877	196.3693848	25	225
22	Spectrogram 1	1	195.973877	196.3693848	25	225
23	Waveform 1	1	200.7199707	200.8518066	0	125
23	Spectrogram 1	1	200.7199707	200.8518066	0	125
25	Waveform 1	1	219.8361816	220.0339355	0	125
25	Spectrogram 1	1	219.8361816	220.0339355	0	125
26	Waveform 1	1	224.1208496	224.3186035	0	200
26	Spectrogram 1	1	224.1208496	224.3186035	0	200
29	Waveform 1	1	269.802002	270.1975098	75	200
29	Spectrogram 1	1	269.802002	270.1975098	75	200
30	Waveform 1	1	273.2297363	273.2956543	0	125
30	Spectrogram 1	1	273.2297363	273.2956543	0	125
31	Waveform 1	1	287.9294434	288.0612793	25	175
31	Spectrogram 1	1	287.9294434	288.0612793	25	175
32	Waveform 1	1	289.5114746	289.6433105	75	200
32	Spectrogram 1	1	289.5114746	289.6433105	75	200
33	Waveform 1	1	294.982666	295.1804199	75	200
33	Spectrogram 1	1	294.982666	295.1804199	75	200
34	Waveform 1	1	299.4650879	299.6628418	25	150
34	Spectrogram 1	1	299.4650879	299.6628418	25	150
35	Waveform 1	1	307.3093262	307.4411621	0	150
35	Spectrogram 1	1	307.3093262	307.4411621	0	150
36	Waveform 1	1	311.5939941	311.857666	0	225
36	Spectrogram 1	1	311.5939941	311.857666	0	225
37	Waveform 1	1	312.0554199	312.1213379	0	200
37	Spectrogram 1	1	312.0554199	312.1213379	0	200
38	Waveform 1	1	312.1213379	312.5827637	25	250
38	Spectrogram 1	1	312.1213379	312.5827637	25	250
39	Waveform 1	1	329.5895996	329.6555176	25	200
39	Spectrogram 1	1	329.5895996	329.6555176	25	200
40	Waveform 1	1	329.6555176	329.9191895	0	250
40	Spectrogram 1	1	329.6555176	329.9191895	0	250
41	Waveform 1	1	336.1154785	336.2473145	0	175
41	Spectrogram 1	1	336.1154785	336.2473145	0	175
42	Waveform 1	1	339.1477051	339.213623	25	150
42	Spectrogram 1	1	339.1477051	339.213623	25	150
43	Waveform 1	1	339.213623	339.279541	125	250
43	Spectrogram 1	1	339.213623	339.279541	125	250
44	Waveform 1	1	339.5432129	339.7409668	50	250
44	Spectrogram 1	1	339.5432129	339.7409668	50	250
45	Waveform 1	1	352.1335449	352.4631348	25	200
45	Spectrogram 1	1	352.1335449	352.4631348	25	200
46	Waveform 1	1	352.8586426	352.9904785	0	200
46	Spectrogram 1	1	352.8586426	352.9904785	0	200
47	Waveform 1	1	382.5876465	382.7854004	75	225
47	Spectrogram 1	1	382.5876465	382.7854004	75	225
48	Waveform 1	1	383.0490723	383.2468262	0	200
48	Spectrogram 1	1	383.0490723	383.2468262	0	200
52	Waveform 1	1	424.7092285	424.9069824	0	150
52	Spectrogram 1	1	424.7092285	424.9069824	0	150
53	Waveform 1	1	427.5437012	427.6755371	50	200
53	Spectrogram 1	1	427.5437012	427.6755371	50	200
54	Waveform 1	1	432.2897949	432.4216309	25	150
54	Spectrogram 1	1	432.2897949	432.4216309	25	150
57	Waveform 1	1	443.8254395	443.8913574	25	150
57	Spectrogram 1	1	443.8254395	443.8913574	25	150
58	Waveform 1	1	448.6374512	448.7033691	0	200
58	Spectrogram 1	1	448.6374512	448.7033691	0	200
59	Waveform 1	1	449.032959	449.1647949	50	225
59	Spectrogram 1	1	449.032959	449.1647949	50	225
61	Waveform 1	1	488.979248	489.177002	75	200
61	Spectrogram 1	1	488.979248	489.177002	75	200
62	Waveform 1	1	489.5065918	489.6384277	25	225
62	Spectrogram 1	1	489.5065918	489.6384277	25	225
63	Waveform 1	1	511.5231934	512.1164551	50	175
63	Spectrogram 1	1	511.5231934	512.1164551	50	175
64	Waveform 1	1	528.9914551	529.057373	0	225
64	Spectrogram 1	1	528.9914551	529.057373	0	225
66	Waveform 1	1	542.8342285	543.4274902	25	225
66	Spectrogram 1	1	542.8342285	543.4274902	25	225
67	Waveform 1	1	546.6574707	547.2507324	0	175
67	Spectrogram 1	1	546.6574707	547.2507324	0	175
72	Waveform 1	1	576.9138184	577.0456543	25	200
72	Spectrogram 1	1	576.9138184	577.0456543	25	200
75	Waveform 1	1	599.9851074	600.3146973	25	250
75	Spectrogram 1	1	599.9851074	600.3146973	25	250
76	Waveform 1	1	609.5432129	610.0705566	0	200
76	Spectrogram 1	1	609.5432129	610.0705566	0	200
77	Waveform 1	1	620.5515137	621.0129395	25	150
77	Spectrogram 1	1	620.5515137	621.0129395	25	150
78	Waveform 1	1	624.7043457	625.3635254	50	250
78	Spectrogram 1	1	624.7043457	625.3635254	50	250
79	Waveform 1	1	631.7575684	631.8894043	50	200
79	Spectrogram 1	1	631.7575684	631.8894043	50	200
80	Waveform 1	1	636.2399902	636.5695801	75	250
80	Spectrogram 1	1	636.2399902	636.5695801	75	250
81	Waveform 1	1	637.1628418	637.2946777	25	150
81	Spectrogram 1	1	637.1628418	637.2946777	25	150
84	Waveform 1	1	655.9494629	656.2790527	25	200
84	Spectrogram 1	1	655.9494629	656.2790527	25	200
85	Waveform 1	1	672.626709	672.8244629	0	200
85	Spectrogram 1	1	672.626709	672.8244629	0	200
86	Waveform 1	1	695.5002441	695.6320801	75	225
86	Spectrogram 1	1	695.5002441	695.6320801	75	225
87	Waveform 1	1	702.6853027	702.9489746	50	225
87	Spectrogram 1	1	702.6853027	702.9489746	50	225
88	Waveform 1	1	711.7819824	712.1115723	25	200
88	Spectrogram 1	1	711.7819824	712.1115723	25	200
89	Waveform 1	1	719.1647949	719.2966309	25	250
89	Spectrogram 1	1	719.1647949	719.2966309	25	250
92	Waveform 1	1	737.2263184	737.4899902	25	200
92	Spectrogram 1	1	737.2263184	737.4899902	25	200
94	Waveform 1	1	742.6975098	742.9611816	0	150
94	Spectrogram 1	1	742.6975098	742.9611816	0	150
98	Waveform 1	1	802.6828613	803.0783691	0	200
98	Spectrogram 1	1	802.6828613	803.0783691	0	200
99	Waveform 1	1	803.473877	803.6716309	0	250
99	Spectrogram 1	1	803.473877	803.6716309	0	250
100	Waveform 1	1	827.7316895	827.9294434	0	150
100	Spectrogram 1	1	827.7316895	827.9294434	0	150
102	Waveform 1	1	839.9924316	840.2561035	0	125
102	Spectrogram 1	1	839.9924316	840.2561035	0	125
103	Waveform 1	1	849.814209	849.9460449	0	150
103	Spectrogram 1	1	849.814209	849.9460449	0	150
105	Waveform 1	1	875.192627	875.3244629	0	125
105	Spectrogram 1	1	875.192627	875.3244629	0	125
106	Waveform 1	1	881.2570801	881.388916	75	200
106	Spectrogram 1	1	881.2570801	881.388916	75	200
112	Waveform 1	1	941.9675293	942.0993652	75	200
112	Spectrogram 1	1	941.9675293	942.0993652	75	200
113	Waveform 1	1	943.2858887	943.3518066	0	250
113	Spectrogram 1	1	943.2858887	943.3518066	0	250
117	Waveform 1	1	958.2492676	958.8425293	25	200
117	Spectrogram 1	1	958.2492676	958.8425293	25	200
118	Waveform 1	1	962.5339355	962.9294434	50	200
118	Spectrogram 1	1	962.5339355	962.9294434	50	200
119	Waveform 1	1	963.3908691	963.588623	50	200
119	Spectrogram 1	1	963.3908691	963.588623	50	200
120	Waveform 1	1	982.0456543	982.3752441	0	175
120	Spectrogram 1	1	982.0456543	982.3752441	0	175
121	Waveform 1	1	989.2966309	989.4284668	0	150
121	Spectrogram 1	1	989.2966309	989.4284668	0	150
122	Waveform 1	1	989.6921387	990.0217285	25	150
122	Spectrogram 1	1	989.6921387	990.0217285	25	150
123	Waveform 1	1	1001.886963	1002.150635	50	175
123	Spectrogram 1	1	1001.886963	1002.150635	50	175
124	Waveform 1	1	1004.655518	1004.787354	0	150
124	Spectrogram 1	1	1004.655518	1004.787354	0	150
126	Waveform 1	1	1013.884033	1014.147705	0	150
126	Spectrogram 1	1	1013.884033	1014.147705	0	150
127	Waveform 1	1	1015.5979	1015.861572	0	225
127	Spectrogram 1	1	1015.5979	1015.861572	0	225
128	Waveform 1	1	1019.355225	1019.750732	0	225
128	Spectrogram 1	1	1019.355225	1019.750732	0	225
129	Waveform 1	1	1023.310303	1023.442139	25	150
129	Spectrogram 1	1	1023.310303	1023.442139	25	150
131	Waveform 1	1	1062.66333	1062.795166	50	250
131	Spectrogram 1	1	1062.66333	1062.795166	50	250
132	Waveform 1	1	1063.124756	1063.190674	0	150
132	Spectrogram 1	1	1063.124756	1063.190674	0	150
133	Waveform 1	1	1063.190674	1063.32251	50	250
133	Spectrogram 1	1	1063.190674	1063.32251	50	250
134	Waveform 1	1	1070.44165	1070.573486	0	175
134	Spectrogram 1	1	1070.44165	1070.573486	0	175
135	Waveform 1	1	1088.107666	1088.239502	0	125
135	Spectrogram 1	1	1088.107666	1088.239502	0	125
137	Waveform 1	1	1123.176025	1123.241943	0	150
137	Spectrogram 1	1	1123.176025	1123.241943	0	150
138	Waveform 1	1	1130.031494	1130.295166	0	250
138	Spectrogram 1	1	1130.031494	1130.295166	0	250
140	Waveform 1	1	1142.094482	1142.292236	0	250
140	Spectrogram 1	1	1142.094482	1142.292236	0	250
142	Waveform 1	1	1149.543213	1150.136475	25	150
142	Spectrogram 1	1	1149.543213	1150.136475	25	150
143	Waveform 1	1	1150.136475	1150.268311	0	175
143	Spectrogram 1	1	1150.136475	1150.268311	0	175
144	Waveform 1	1	1165.956787	1166.088623	0	250
144	Spectrogram 1	1	1165.956787	1166.088623	0	250
145	Waveform 1	1	1166.879639	1166.945557	25	150
145	Spectrogram 1	1	1166.879639	1166.945557	25	150
147	Waveform 1	1	1171.098389	1171.296143	50	200
147	Spectrogram 1	1	1171.098389	1171.296143	50	200
148	Waveform 1	1	1171.823486	1172.153076	0	200
148	Spectrogram 1	1	1171.823486	1172.153076	0	200
150	Waveform 1	1	1180.590576	1180.986084	0	125
150	Spectrogram 1	1	1180.590576	1180.986084	0	125
152	Waveform 1	1	1214.802002	1215.19751	50	250
152	Spectrogram 1	1	1214.802002	1215.19751	50	250
153	Waveform 1	1	1215.19751	1215.395264	75	225
153	Spectrogram 1	1	1215.19751	1215.395264	75	225
154	Waveform 1	1	1224.755615	1224.953369	0	250
154	Spectrogram 1	1	1224.755615	1224.953369	0	250
155	Waveform 1	1	1226.469482	1226.667236	0	125
155	Spectrogram 1	1	1226.469482	1226.667236	0	125
158	Waveform 1	1	1319.809326	1319.941162	25	150
158	Spectrogram 1	1	1319.809326	1319.941162	25	150
159	Waveform 1	1	1321.259521	1321.589111	25	150
159	Spectrogram 1	1	1321.259521	1321.589111	25	150
161	Waveform 1	1	1326.796631	1326.862549	25	250
161	Spectrogram 1	1	1326.796631	1326.862549	25	250
162	Waveform 1	1	1328.180908	1328.77417	0	200
162	Spectrogram 1	1	1328.180908	1328.77417	0	200
163	Waveform 1	1	1332.399658	1332.531494	0	175
163	Spectrogram 1	1	1332.399658	1332.531494	0	175
164	Waveform 1	1	1332.927002	1333.058838	75	225
164	Spectrogram 1	1	1332.927002	1333.058838	75	225
165	Waveform 1	1	1333.256592	1333.520264	0	225
165	Spectrogram 1	1	1333.256592	1333.520264	0	225
167	Waveform 1	1	1337.87085	1338.068604	25	175
167	Spectrogram 1	1	1337.87085	1338.068604	25	175
168	Waveform 1	1	1346.30835	1346.572021	50	250
168	Spectrogram 1	1	1346.30835	1346.572021	50	250
169	Waveform 1	1	1346.835693	1346.901611	0	175
169	Spectrogram 1	1	1346.835693	1346.901611	0	175
170	Waveform 1	1	1347.428955	1347.692627	0	200
170	Spectrogram 1	1	1347.428955	1347.692627	0	200
171	Waveform 1	1	1349.472412	1349.802002	75	200
171	Spectrogram 1	1	1349.472412	1349.802002	75	200
172	Waveform 1	1	1349.999756	1350.065674	75	250
172	Spectrogram 1	1	1349.999756	1350.065674	75	250
173	Waveform 1	1	1370.96167	1371.159424	25	150
173	Spectrogram 1	1	1370.96167	1371.159424	25	150
174	Waveform 1	1	1401.679443	1401.877197	0	125
174	Spectrogram 1	1	1401.679443	1401.877197	0	125
175	Waveform 1	1	1402.404541	1402.602295	25	150
175	Spectrogram 1	1	1402.404541	1402.602295	25	150
176	Waveform 1	1	1411.633057	1412.1604	0	175
176	Spectrogram 1	1	1411.633057	1412.1604	0	175
177	Waveform 1	1	1421.059326	1421.25708	25	150
177	Spectrogram 1	1	1421.059326	1421.25708	25	150
179	Waveform 1	1	1508.598389	1508.730225	25	150
179	Spectrogram 1	1	1508.598389	1508.730225	25	150
180	Waveform 1	1	1512.619385	1512.751221	25	150
180	Spectrogram 1	1	1512.619385	1512.751221	25	150
182	Waveform 1	1	1518.881592	1519.2771	25	250
182	Spectrogram 1	1	1518.881592	1519.2771	25	250
183	Waveform 1	1	1519.870361	1520.331787	0	125
183	Spectrogram 1	1	1519.870361	1520.331787	0	125
184	Waveform 1	1	1523.100342	1523.298096	25	150
184	Spectrogram 1	1	1523.100342	1523.298096	25	150
185	Waveform 1	1	1550.324463	1550.522217	0	150
185	Spectrogram 1	1	1550.324463	1550.522217	0	150
186	Waveform 1	1	1550.719971	1550.983643	25	200
186	Spectrogram 1	1	1550.719971	1550.983643	25	200
188	Waveform 1	1	1560.014404	1560.607666	0	150
188	Spectrogram 1	1	1560.014404	1560.607666	0	150
189	Waveform 1	1	1561.398682	1561.530518	0	125
189	Spectrogram 1	1	1561.398682	1561.530518	0	125
190	Waveform 1	1	1606.420654	1606.816162	0	150
190	Spectrogram 1	1	1606.420654	1606.816162	0	150
191	Waveform 1	1	1612.682861	1612.946533	125	250
191	Spectrogram 1	1	1612.682861	1612.946533	125	250
192	Waveform 1	1	1614.067139	1614.198975	25	175
192	Spectrogram 1	1	1614.067139	1614.198975	25	175
193	Waveform 1	1	1621.581787	1621.713623	0	150
193	Spectrogram 1	1	1621.581787	1621.713623	0	150
194	Waveform 1	1	1621.713623	1621.845459	125	250
194	Spectrogram 1	1	1621.713623	1621.845459	125	250
195	Waveform 1	1	1660.275635	1660.539307	50	175
195	Spectrogram 1	1	1660.275635	1660.539307	50	175
196	Waveform 1	1	1663.505615	1663.835205	25	150
196	Spectrogram 1	1	1663.505615	1663.835205	25	150
197	Waveform 1	1	1666.406006	1666.801514	100	225
197	Spectrogram 1	1	1666.406006	1666.801514	100	225
198	Waveform 1	1	1666.801514	1666.93335	50	250
198	Spectrogram 1	1	1666.801514	1666.93335	50	250
199	Waveform 1	1	1667.592529	1667.988037	0	225
199	Spectrogram 1	1	1667.592529	1667.988037	0	225
200	Waveform 1	1	1671.349854	1671.547607	25	150
200	Spectrogram 1	1	1671.349854	1671.547607	25	150
201	Waveform 1	1	1677.414307	1677.677979	25	150
201	Spectrogram 1	1	1677.414307	1677.677979	25	150
202	Waveform 1	1	1677.677979	1677.94165	0	150
202	Spectrogram 1	1	1677.677979	1677.94165	0	150
203	Waveform 1	1	1712.35083	1712.614502	75	225
203	Spectrogram 1	1	1712.35083	1712.614502	75	225
204	Waveform 1	1	1716.833252	1716.965088	25	175
204	Spectrogram 1	1	1716.833252	1716.965088	25	175
205	Waveform 1	1	1723.688721	1724.3479	0	225
205	Spectrogram 1	1	1723.688721	1724.3479	0	225
206	Waveform 1	1	1724.545654	1724.67749	50	225
206	Spectrogram 1	1	1724.545654	1724.67749	50	225
207	Waveform 1	1	1737.795166	1737.927002	0	175
207	Spectrogram 1	1	1737.795166	1737.927002	0	175
208	Waveform 1	1	1739.574951	1739.838623	0	250
208	Spectrogram 1	1	1739.574951	1739.838623	0	250
210	Waveform 1	1	1802.526611	1802.790283	0	125
210	Spectrogram 1	1	1802.526611	1802.790283	0	125
211	Waveform 1	1	1866.994385	1867.389893	0	150
211	Spectrogram 1	1	1866.994385	1867.389893	0	150
212	Waveform 1	1	1897.580322	1897.843994	25	150
212	Spectrogram 1	1	1897.580322	1897.843994	25	150
213	Waveform 1	1	1947.282471	1947.480225	0	150
213	Spectrogram 1	1	1947.282471	1947.480225	0	150
215	Waveform 1	1	2013.134521	2013.464111	0	125
215	Spectrogram 1	1	2013.134521	2013.464111	0	125
216	Waveform 1	1	2033.437256	2033.832764	0	150
216	Spectrogram 1	1	2033.437256	2033.832764	0	150
217	Waveform 1	1	2041.281494	2041.611084	0	150
217	Spectrogram 1	1	2041.281494	2041.611084	0	150
218	Waveform 1	1	2067.05542	2067.319092	0	150
218	Spectrogram 1	1	2067.05542	2067.319092	0	150
220	Waveform 1	1	2115.702881	2115.966553	25	150
220	Spectrogram 1	1	2115.702881	2115.966553	25	150
221	Waveform 1	1	2116.69165	2117.087158	25	150
221	Spectrogram 1	1	2116.69165	2117.087158	25	150
222	Waveform 1	1	2125.656494	2125.920166	25	150
222	Spectrogram 1	1	2125.656494	2125.920166	25	150
223	Waveform 1	1	2146.2229	2146.354736	0	125
223	Spectrogram 1	1	2146.2229	2146.354736	0	125
225	Waveform 1	1	2172.656006	2172.919678	25	250
225	Spectrogram 1	1	2172.656006	2172.919678	25	250
226	Waveform 1	1	2190.190186	2190.585693	25	150
226	Spectrogram 1	1	2190.190186	2190.585693	25	150
227	Waveform 1	1	2198.891357	2199.023193	25	150
227	Spectrogram 1	1	2198.891357	2199.023193	25	150
228	Waveform 1	1	2199.286865	2199.418701	25	150
228	Spectrogram 1	1	2199.286865	2199.418701	25	150
230	Waveform 1	1	2256.108154	2256.23999	0	175
230	Spectrogram 1	1	2256.108154	2256.23999	0	175
231	Waveform 1	1	2267.116455	2267.709717	25	150
231	Spectrogram 1	1	2267.116455	2267.709717	25	150
232	Waveform 1	1	2280.365967	2280.695557	0	175
232	Spectrogram 1	1	2280.365967	2280.695557	0	175
233	Waveform 1	1	2282.607178	2282.804932	25	150
233	Spectrogram 1	1	2282.607178	2282.804932	25	150
234	Waveform 1	1	2290.846924	2290.97876	75	200
234	Spectrogram 1	1	2290.846924	2290.97876	75	200
235	Waveform 1	1	2293.285889	2293.813232	0	175
235	Spectrogram 1	1	2293.285889	2293.813232	0	175
245	Waveform 1	1	2442.656006	2442.919678	0	150
245	Spectrogram 1	1	2442.656006	2442.919678	0	150
258	Waveform 1	1	2550.761475	2550.827393	50	175
258	Spectrogram 1	1	2550.761475	2550.827393	50	175
259	Waveform 1	1	2567.834229	2568.361572	25	150
259	Spectrogram 1	1	2567.834229	2568.361572	25	150
267	Waveform 1	1	2632.236084	2632.499756	0	150
267	Spectrogram 1	1	2632.236084	2632.499756	0	150
276	Waveform 1	1	2714.040283	2714.172119	0	150
276	Spectrogram 1	1	2714.040283	2714.172119	0	150
283	Waveform 1	1	2774.552979	2774.684814	25	150
283	Spectrogram 1	1	2774.552979	2774.684814	25	150
289	Waveform 1	1	2844.821533	2845.019287	0	150
289	Spectrogram 1	1	2844.821533	2845.019287	0	150
291	Waveform 1	1	2853.061279	2853.390869	0	125
291	Spectrogram 1	1	2853.061279	2853.390869	0	125
294	Waveform 1	1	2873.759521	2873.891357	0	150
294	Spectrogram 1	1	2873.759521	2873.891357	0	150
297	Waveform 1	1	2883.119873	2883.251709	0	175
297	Spectrogram 1	1	2883.119873	2883.251709	0	175
323	Waveform 1	1	3130.048584	3130.114502	25	150
323	Spectrogram 1	1	3130.048584	3130.114502	25	150
325	Waveform 1	1	3140.002197	3140.331787	0	225
325	Spectrogram 1	1	3140.002197	3140.331787	0	225
326	Waveform 1	1	3147.38501	3148.044189	0	150
326	Spectrogram 1	1	3147.38501	3148.044189	0	150
330	Waveform 1	1	3194.648193	3194.845947	25	150
330	Spectrogram 1	1	3194.648193	3194.845947	25	150
332	Waveform 1	1	3195.373291	3195.636963	25	150
332	Spectrogram 1	1	3195.373291	3195.636963	25	150
333	Waveform 1	1	3197.68042	3197.878174	0	125
333	Spectrogram 1	1	3197.68042	3197.878174	0	125
342	Waveform 1	1	3238.945068	3239.076904	0	125
342	Spectrogram 1	1	3238.945068	3239.076904	0	125
343	Waveform 1	1	3243.691162	3244.284424	0	250
343	Spectrogram 1	1	3243.691162	3244.284424	0	250
348	Waveform 1	1	3329.054932	3329.186768	25	150
348	Spectrogram 1	1	3329.054932	3329.186768	25	150
351	Waveform 1	1	3334.328369	3334.592041	50	175
351	Spectrogram 1	1	3334.328369	3334.592041	50	175
352	Waveform 1	1	3342.172607	3342.370361	50	200
352	Spectrogram 1	1	3342.172607	3342.370361	50	200
353	Waveform 1	1	3345.072998	3345.33667	0	125
353	Spectrogram 1	1	3345.072998	3345.33667	0	125
356	Waveform 1	1	3363.793701	3364.057373	25	150
356	Spectrogram 1	1	3363.793701	3364.057373	25	150
358	Waveform 1	1	3402.289795	3402.619385	25	175
358	Spectrogram 1	1	3402.289795	3402.619385	25	175
365	Waveform 1	1	3431.821045	3432.018799	0	175
365	Spectrogram 1	1	3431.821045	3432.018799	0	175
377	Waveform 1	1	3517.580322	3517.778076	0	125
377	Spectrogram 1	1	3517.580322	3517.778076	0	125
379	Waveform 1	1	3525.490479	3525.885986	0	150
379	Spectrogram 1	1	3525.490479	3525.885986	0	150
382	Waveform 1	1	3544.211182	3544.474854	0	125
382	Spectrogram 1	1	3544.211182	3544.474854	0	125
383	Waveform 1	1	3549.880127	3550.077881	75	250
383	Spectrogram 1	1	3549.880127	3550.077881	75	250
385	Waveform 1	1	3554.692139	3554.758057	25	200
385	Spectrogram 1	1	3554.692139	3554.758057	25	200
388	Waveform 1	1	3575.654053	3575.917725	0	150
388	Spectrogram 1	1	3575.654053	3575.917725	0	150
401	Waveform 1	1	3662.995361	3663.193115	50	200
401	Spectrogram 1	1	3662.995361	3663.193115	50	200
402	Waveform 1	1	3663.852295	3664.050049	0	150
402	Spectrogram 1	1	3663.852295	3664.050049	0	150
403	Waveform 1	1	3668.071045	3668.334717	25	225
403	Spectrogram 1	1	3668.071045	3668.334717	25	225
409	Waveform 1	1	3754.22583	3754.291748	75	200
409	Spectrogram 1	1	3754.22583	3754.291748	75	200
414	Waveform 1	1	3820.671143	3820.802979	25	150
414	Spectrogram 1	1	3820.671143	3820.802979	25	150
425	Waveform 1	1	3874.394287	3874.657959	0	150
425	Spectrogram 1	1	3874.394287	3874.657959	0	150
426	Waveform 1	1	3874.855713	3875.778564	0	150
426	Spectrogram 1	1	3874.855713	3875.778564	0	150
428	Waveform 1	1	3924.294189	3924.426025	75	200
428	Spectrogram 1	1	3924.294189	3924.426025	75	200
429	Waveform 1	1	3925.414795	3925.480713	25	175
429	Spectrogram 1	1	3925.414795	3925.480713	25	175
430	Waveform 1	1	3927.656006	3928.18335	0	175
430	Spectrogram 1	1	3927.656006	3928.18335	0	175
432	Waveform 1	1	3938.400635	3938.664307	50	200
432	Spectrogram 1	1	3938.400635	3938.664307	50	200
433	Waveform 1	1	3938.862061	3938.993896	0	175
433	Spectrogram 1	1	3938.862061	3938.993896	0	175
435	Waveform 1	1	3943.146729	3943.212646	50	250
435	Spectrogram 1	1	3943.146729	3943.212646	50	250
436	Waveform 1	1	3946.640381	3946.904053	0	150
436	Spectrogram 1	1	3946.640381	3946.904053	0	150
437	Waveform 1	1	3947.497314	3947.62915	25	150
437	Spectrogram 1	1	3947.497314	3947.62915	25	150
438	Waveform 1	1	3947.892822	3948.024658	0	150
438	Spectrogram 1	1	3947.892822	3948.024658	0	150
439	Waveform 1	1	3952.045654	3952.17749	75	250
439	Spectrogram 1	1	3952.045654	3952.17749	75	250
440	Waveform 1	1	3957.05542	3957.121338	0	125
440	Spectrogram 1	1	3957.05542	3957.121338	0	125
441	Waveform 1	1	3977.621826	3977.81958	0	150
441	Spectrogram 1	1	3977.621826	3977.81958	0	150
451	Waveform 1	1	4078.014893	4078.476318	0	150
451	Spectrogram 1	1	4078.014893	4078.476318	0	150
452	Waveform 1	1	4082.431396	4082.695068	0	150
452	Spectrogram 1	1	4082.431396	4082.695068	0	150
453	Waveform 1	1	4086.979736	4087.243408	0	150
453	Spectrogram 1	1	4086.979736	4087.243408	0	150
454	Waveform 1	1	4091.462158	4091.72583	25	150
454	Spectrogram 1	1	4091.462158	4091.72583	25	150
455	Waveform 1	1	4096.60376	4096.93335	0	175
455	Spectrogram 1	1	4096.60376	4096.93335	0	175
461	Waveform 1	1	4129.69458	4129.892334	0	125
461	Spectrogram 1	1	4129.69458	4129.892334	0	125
465	Waveform 1	1	4171.2229	4171.354736	25	150
465	Spectrogram 1	1	4171.2229	4171.354736	25	150
472	Waveform 1	1	4259.552979	4259.882568	0	150
472	Spectrogram 1	1	4259.552979	4259.882568	0	150
494	Waveform 1	1	4419.733643	4419.931396	25	150
494	Spectrogram 1	1	4419.733643	4419.931396	25	150
503	Waveform 1	1	4504.438232	4504.50415	0	250
503	Spectrogram 1	1	4504.438232	4504.50415	0	250
504	Waveform 1	1	4507.997803	4508.525146	25	150
504	Spectrogram 1	1	4507.997803	4508.525146	25	150
505	Waveform 1	1	4509.447998	4509.645752	25	250
505	Spectrogram 1	1	4509.447998	4509.645752	25	250
514	Waveform 1	1	4591.120361	4591.318115	0	125
514	Spectrogram 1	1	4591.120361	4591.318115	0	125
517	Waveform 1	1	4633.703369	4633.835205	25	150
517	Spectrogram 1	1	4633.703369	4633.835205	25	150
520	Waveform 1	1	4680.966553	4681.427979	25	150
520	Spectrogram 1	1	4680.966553	4681.427979	25	150
531	Waveform 1	1	4746.554932	4746.752686	0	150
531	Spectrogram 1	1	4746.554932	4746.752686	0	150
534	Waveform 1	1	4810.561279	4810.824951	0	125
534	Spectrogram 1	1	4810.561279	4810.824951	0	125
537	Waveform 1	1	4818.405518	4818.735107	0	125
537	Spectrogram 1	1	4818.405518	4818.735107	0	125
540	Waveform 1	1	4832.577881	4832.775635	0	150
540	Spectrogram 1	1	4832.577881	4832.775635	0	150
542	Waveform 1	1	4854.133057	4854.330811	25	175
542	Spectrogram 1	1	4854.133057	4854.330811	25	175
543	Waveform 1	1	4859.076904	4859.274658	50	175
543	Spectrogram 1	1	4859.076904	4859.274658	50	175
544	Waveform 1	1	4861.054443	4861.186279	0	175
544	Spectrogram 1	1	4861.054443	4861.186279	0	175
545	Waveform 1	1	4862.175049	4862.372803	0	150
545	Spectrogram 1	1	4862.175049	4862.372803	0	150
546	Waveform 1	1	4866.789307	4866.987061	0	175
546	Spectrogram 1	1	4866.789307	4866.987061	0	175
559	Waveform 1	1	4957.55835	4958.085693	0	150
559	Spectrogram 1	1	4957.55835	4958.085693	0	150
560	Waveform 1	1	4959.272217	4959.404053	25	150
560	Spectrogram 1	1	4959.272217	4959.404053	25	150
570	Waveform 1	1	5032.83667	5033.100342	0	150
570	Spectrogram 1	1	5032.83667	5033.100342	0	150
571	Waveform 1	1	5033.957275	5034.023193	25	150
571	Spectrogram 1	1	5033.957275	5034.023193	25	150
576	Waveform 1	1	5054.919189	5055.116943	0	175
576	Spectrogram 1	1	5054.919189	5055.116943	0	175
578	Waveform 1	1	5092.756104	5092.887939	0	125
578	Spectrogram 1	1	5092.756104	5092.887939	0	125
579	Waveform 1	1	5104.55542	5104.753174	0	200
579	Spectrogram 1	1	5104.55542	5104.753174	0	200
580	Waveform 1	1	5110.092529	5110.553955	0	200
580	Spectrogram 1	1	5110.092529	5110.553955	0	200
581	Waveform 1	1	5114.179443	5114.377197	0	150
581	Spectrogram 1	1	5114.179443	5114.377197	0	150
582	Waveform 1	1	5128.549561	5128.615479	25	150
582	Spectrogram 1	1	5128.549561	5128.615479	25	150
586	Waveform 1	1	5182.140869	5182.338623	0	150
586	Spectrogram 1	1	5182.140869	5182.338623	0	150
588	Waveform 1	1	5192.424072	5192.621826	25	150
588	Spectrogram 1	1	5192.424072	5192.621826	25	150
589	Waveform 1	1	5222.35083	5222.482666	0	150
589	Spectrogram 1	1	5222.35083	5222.482666	0	150
591	Waveform 1	1	5353.395752	5353.593506	0	125
591	Spectrogram 1	1	5353.395752	5353.593506	0	125
592	Waveform 1	1	5357.944092	5358.075928	0	125
592	Spectrogram 1	1	5357.944092	5358.075928	0	125
593	Waveform 1	1	5362.953857	5363.019775	50	200
593	Spectrogram 1	1	5362.953857	5363.019775	50	200
594	Waveform 1	1	5366.974854	5367.106689	25	175
594	Spectrogram 1	1	5366.974854	5367.106689	25	175
595	Waveform 1	1	5384.640869	5384.838623	0	125
595	Spectrogram 1	1	5384.640869	5384.838623	0	125
596	Waveform 1	1	5395.31958	5395.385498	25	175
596	Spectrogram 1	1	5395.31958	5395.385498	25	175
603	Waveform 1	1	5420.763916	5420.895752	0	150
603	Spectrogram 1	1	5420.763916	5420.895752	0	150
607	Waveform 1	1	5434.738525	5434.804443	100	250
607	Spectrogram 1	1	5434.738525	5434.804443	100	250
608	Waveform 1	1	5500.986084	5501.513428	0	150
608	Spectrogram 1	1	5500.986084	5501.513428	0	150
609	Waveform 1	1	5509.819092	5510.346436	25	150
609	Spectrogram 1	1	5509.819092	5510.346436	25	150
610	Waveform 1	1	5510.939697	5511.071533	0	175
610	Spectrogram 1	1	5510.939697	5511.071533	0	175
612	Waveform 1	1	5535.329346	5535.790771	0	150
612	Spectrogram 1	1	5535.329346	5535.790771	0	150
615	Waveform 1	1	5607.114014	5607.311768	0	125
615	Spectrogram 1	1	5607.114014	5607.311768	0	125
617	Waveform 1	1	5627.02124	5627.218994	0	125
617	Spectrogram 1	1	5627.02124	5627.218994	0	125
618	Waveform 1	1	5635.920166	5636.381592	0	150
618	Spectrogram 1	1	5635.920166	5636.381592	0	150
619	Waveform 1	1	5666.440186	5666.703857	25	150
619	Spectrogram 1	1	5666.440186	5666.703857	25	150
626	Waveform 1	1	5763.932861	5764.328369	0	125
626	Spectrogram 1	1	5763.932861	5764.328369	0	125
644	Waveform 1	1	5932.485107	5932.880615	25	175
644	Spectrogram 1	1	5932.485107	5932.880615	25	175
646	Waveform 1	1	6251.923584	6252.187256	0	150
646	Spectrogram 1	1	6251.923584	6252.187256	0	150
647	Waveform 1	1	6252.450928	6252.516846	0	150
647	Spectrogram 1	1	6252.450928	6252.516846	0	150
648	Waveform 1	1	6256.27417	6256.406006	25	150
648	Spectrogram 1	1	6256.27417	6256.406006	25	150
650	Waveform 1	1	6276.445068	6276.510986	75	200
650	Spectrogram 1	1	6276.445068	6276.510986	75	200
651	Waveform 1	1	6374.465088	6374.72876	0	125
651	Spectrogram 1	1	6374.465088	6374.72876	0	125
653	Waveform 1	1	6483.888916	6483.954834	25	150
653	Spectrogram 1	1	6483.888916	6483.954834	25	150
655	Waveform 1	1	6550.136475	6550.268311	0	125
655	Spectrogram 1	1	6550.136475	6550.268311	0	125
656	Waveform 1	1	6599.640869	6599.706787	0	125
656	Spectrogram 1	1	6599.640869	6599.706787	0	125
657	Waveform 1	1	6621.855225	6621.921143	25	150
657	Spectrogram 1	1	6621.855225	6621.921143	25	150
658	Waveform 1	1	6639.916748	6639.982666	25	150
658	Spectrogram 1	1	6639.916748	6639.982666	25	150
659	Waveform 1	1	6709.657959	6709.723877	25	150
659	Spectrogram 1	1	6709.657959	6709.723877	25	150
660	Waveform 1	1	6782.497314	6782.563232	0	150
660	Spectrogram 1	1	6782.497314	6782.563232	0	150
661	Waveform 1	1	6784.474854	6784.606689	0	150
661	Spectrogram 1	1	6784.474854	6784.606689	0	150
662	Waveform 1	1	6794.362549	6794.626221	0	125
662	Spectrogram 1	1	6794.362549	6794.626221	0	125
663	Waveform 1	1	6798.779053	6798.976807	25	150
663	Spectrogram 1	1	6798.779053	6798.976807	25	150
664	Waveform 1	1	6838.527588	6838.659424	25	225
664	Spectrogram 1	1	6838.527588	6838.659424	25	225
665	Waveform 1	1	6842.812256	6843.01001	0	125
665	Spectrogram 1	1	6842.812256	6843.01001	0	125
666	Waveform 1	1	6856.786865	6856.984619	0	150
666	Spectrogram 1	1	6856.786865	6856.984619	0	150
667	Waveform 1	1	6876.825928	6876.891846	0	150
667	Spectrogram 1	1	6876.825928	6876.891846	0	150
668	Waveform 1	1	6887.702393	6888.0979	0	175
668	Spectrogram 1	1	6887.702393	6888.0979	0	175
669	Waveform 1	1	6891.657471	6891.855225	75	250
669	Spectrogram 1	1	6891.657471	6891.855225	75	250
670	Waveform 1	1	6896.271729	6896.469482	75	225
670	Spectrogram 1	1	6896.271729	6896.469482	75	225
671	Waveform 1	1	6896.667236	6896.799072	0	150
671	Spectrogram 1	1	6896.667236	6896.799072	0	150
672	Waveform 1	1	6903.324951	6903.720459	25	150
672	Spectrogram 1	1	6903.324951	6903.720459	25	150
673	Waveform 1	1	6924.748291	6924.880127	0	125
673	Spectrogram 1	1	6924.748291	6924.880127	0	125
674	Waveform 1	1	6982.690186	6982.953857	0	150
674	Spectrogram 1	1	6982.690186	6982.953857	0	150
675	Waveform 1	1	6985.12915	6985.45874	25	150
675	Spectrogram 1	1	6985.12915	6985.45874	25	150
676	Waveform 1	1	6990.864014	6991.325439	25	150
676	Spectrogram 1	1	6990.864014	6991.325439	25	150
679	Waveform 1	1	7035.75415	7035.951904	0	150
679	Spectrogram 1	1	7035.75415	7035.951904	0	150
680	Waveform 1	1	7036.479248	7036.611084	25	175
680	Spectrogram 1	1	7036.479248	7036.611084	25	175
681	Waveform 1	1	7131.467041	7131.862549	0	150
681	Spectrogram 1	1	7131.467041	7131.862549	0	150
682	Waveform 1	1	7138.783936	7138.981689	0	175
682	Spectrogram 1	1	7138.783936	7138.981689	0	175
683	Waveform 1	1	7193.429932	7193.49585	0	150
683	Spectrogram 1	1	7193.429932	7193.49585	0	150
684	Waveform 1	1	7202.460693	7202.658447	25	150
684	Spectrogram 1	1	7202.460693	7202.658447	25	150
685	Waveform 1	1	7212.414307	7212.612061	0	175
685	Spectrogram 1	1	7212.414307	7212.612061	0	175
686	Waveform 1	1	7302.19458	7302.392334	0	125
686	Spectrogram 1	1	7302.19458	7302.392334	0	125
687	Waveform 1	1	7310.697998	7310.895752	0	125
687	Spectrogram 1	1	7310.697998	7310.895752	0	125
688	Waveform 1	1	7341.218018	7341.481689	25	225
688	Spectrogram 1	1	7341.218018	7341.481689	25	225
689	Waveform 1	1	7345.766357	7346.030029	0	125
689	Spectrogram 1	1	7345.766357	7346.030029	0	125
690	Waveform 1	1	7349.985107	7350.051025	125	250
690	Spectrogram 1	1	7349.985107	7350.051025	125	250
691	Waveform 1	1	7367.453369	7367.519287	0	150
691	Spectrogram 1	1	7367.453369	7367.519287	0	150
692	Waveform 1	1	7372.726807	7373.320068	0	150
692	Spectrogram 1	1	7372.726807	7373.320068	0	150
693	Waveform 1	1	7382.812256	7383.207764	0	175
693	Spectrogram 1	1	7382.812256	7383.207764	0	175
694	Waveform 1	1	7391.052002	7391.579346	25	150
694	Spectrogram 1	1	7391.052002	7391.579346	25	150
695	Waveform 1	1	7395.270752	7395.929932	25	250
695	Spectrogram 1	1	7395.270752	7395.929932	25	250
696	Waveform 1	1	7400.082764	7400.412354	75	200
696	Spectrogram 1	1	7400.082764	7400.412354	75	200
697	Waveform 1	1	7404.301514	7404.565186	25	150
697	Spectrogram 1	1	7404.301514	7404.565186	25	150
698	Waveform 1	1	7404.828857	7405.290283	50	225
698	Spectrogram 1	1	7404.828857	7405.290283	50	225
699	Waveform 1	1	7408.32251	7408.6521	0	125
699	Spectrogram 1	1	7408.32251	7408.6521	0	125
700	Waveform 1	1	7411.156982	7411.420654	25	175
700	Spectrogram 1	1	7411.156982	7411.420654	25	175
701	Waveform 1	1	7419.6604	7419.924072	0	125
701	Spectrogram 1	1	7419.6604	7419.924072	0	125
702	Waveform 1	1	7420.187744	7420.451416	25	175
702	Spectrogram 1	1	7420.187744	7420.451416	25	175
703	Waveform 1	1	7442.270264	7442.797607	25	225
703	Spectrogram 1	1	7442.270264	7442.797607	25	225
704	Waveform 1	1	7446.950439	7447.543701	0	175
704	Spectrogram 1	1	7446.950439	7447.543701	0	175
705	Waveform 1	1	7451.301025	7451.696533	50	200
705	Spectrogram 1	1	7451.301025	7451.696533	50	200
706	Waveform 1	1	7451.696533	7451.960205	0	250
706	Spectrogram 1	1	7451.696533	7451.960205	0	250
707	Waveform 1	1	7466.198486	7466.330322	25	150
707	Spectrogram 1	1	7466.198486	7466.330322	25	150
708	Waveform 1	1	7483.93042	7484.128174	50	175
708	Spectrogram 1	1	7483.93042	7484.128174	50	175
709	Waveform 1	1	7500.739502	7500.871338	0	125
709	Spectrogram 1	1	7500.739502	7500.871338	0	125
710	Waveform 1	1	7538.11499	7538.44458	0	200
710	Spectrogram 1	1	7538.11499	7538.44458	0	200
711	Waveform 1	1	7544.640869	7544.970459	25	175
711	Spectrogram 1	1	7544.640869	7544.970459	25	175
712	Waveform 1	1	7567.843994	7568.107666	0	125
712	Spectrogram 1	1	7567.843994	7568.107666	0	125
713	Waveform 1	1	7584.718994	7584.85083	25	150
713	Spectrogram 1	1	7584.718994	7584.85083	25	150
715	Waveform 1	1	7624.467529	7624.665283	0	125
715	Spectrogram 1	1	7624.467529	7624.665283	0	125
716	Waveform 1	1	7626.313232	7626.37915	25	150
716	Spectrogram 1	1	7626.313232	7626.37915	25	150
717	Waveform 1	1	7646.088623	7646.154541	25	150
717	Spectrogram 1	1	7646.088623	7646.154541	25	150
718	Waveform 1	1	7650.175537	7650.307373	0	150
718	Spectrogram 1	1	7650.175537	7650.307373	0	150
719	Waveform 1	1	7656.503662	7657.096924	25	225
719	Spectrogram 1	1	7656.503662	7657.096924	25	225
720	Waveform 1	1	7659.469971	7659.535889	0	150
720	Spectrogram 1	1	7659.469971	7659.535889	0	150
721	Waveform 1	1	7670.478271	7670.676025	25	225
721	Spectrogram 1	1	7670.478271	7670.676025	25	225
722	Waveform 1	1	7680.300049	7681.091064	0	250
722	Spectrogram 1	1	7680.300049	7681.091064	0	250
723	Waveform 1	1	7684.914307	7685.112061	0	250
723	Spectrogram 1	1	7684.914307	7685.112061	0	250
724	Waveform 1	1	7687.682861	7688.144287	0	150
724	Spectrogram 1	1	7687.682861	7688.144287	0	150
725	Waveform 1	1	7690.451416	7690.64917	0	200
725	Spectrogram 1	1	7690.451416	7690.64917	0	200
726	Waveform 1	1	7721.169189	7721.432861	0	225
726	Spectrogram 1	1	7721.169189	7721.432861	0	225
727	Waveform 1	1	7722.355713	7722.553467	25	200
727	Spectrogram 1	1	7722.355713	7722.553467	25	200
728	Waveform 1	1	7722.751221	7722.948975	0	175
728	Spectrogram 1	1	7722.751221	7722.948975	0	175
730	Waveform 1	1	7728.552002	7729.013428	25	175
730	Spectrogram 1	1	7728.552002	7729.013428	25	175
731	Waveform 1	1	7738.241943	7738.307861	25	150
731	Spectrogram 1	1	7738.241943	7738.307861	25	150
732	Waveform 1	1	7746.943115	7747.272705	25	150
732	Spectrogram 1	1	7746.943115	7747.272705	25	150
733	Waveform 1	1	7747.602295	7747.865967	25	175
733	Spectrogram 1	1	7747.602295	7747.865967	25	175
734	Waveform 1	1	7778.715576	7778.847412	25	150
734	Spectrogram 1	1	7778.715576	7778.847412	25	150
736	Waveform 1	1	7799.875244	7800.138916	25	175
736	Spectrogram 1	1	7799.875244	7800.138916	25	175
737	Waveform 1	1	7810.751709	7811.344971	0	200
737	Spectrogram 1	1	7810.751709	7811.344971	0	200
738	Waveform 1	1	7815.893311	7816.091064	0	150
738	Spectrogram 1	1	7815.893311	7816.091064	0	150
739	Waveform 1	1	7817.409424	7817.54126	50	175
739	Spectrogram 1	1	7817.409424	7817.54126	50	175
740	Waveform 1	1	7822.419189	7822.946533	25	150
740	Spectrogram 1	1	7822.419189	7822.946533	25	150
741	Waveform 1	1	7824.462646	7825.055908	0	125
741	Spectrogram 1	1	7824.462646	7825.055908	0	125
742	Waveform 1	1	7831.318115	7831.647705	0	150
742	Spectrogram 1	1	7831.318115	7831.647705	0	150
743	Waveform 1	1	7833.295654	7833.822998	25	150
743	Spectrogram 1	1	7833.295654	7833.822998	25	150
744	Waveform 1	1	7843.710693	7844.040283	25	150
744	Spectrogram 1	1	7843.710693	7844.040283	25	150
745	Waveform 1	1	7851.752686	7851.950439	0	150
745	Spectrogram 1	1	7851.752686	7851.950439	0	150
746	Waveform 1	1	7862.365479	7862.497314	25	150
746	Spectrogram 1	1	7862.365479	7862.497314	25	150
747	Waveform 1	1	7873.967041	7874.164795	25	175
747	Spectrogram 1	1	7873.967041	7874.164795	25	175
748	Waveform 1	1	7890.842041	7891.237549	25	175
748	Spectrogram 1	1	7890.842041	7891.237549	25	175
749	Waveform 1	1	7897.631592	7897.763428	0	175
749	Spectrogram 1	1	7897.631592	7897.763428	0	175
750	Waveform 1	1	7903.893799	7904.157471	25	150
750	Spectrogram 1	1	7903.893799	7904.157471	25	150
751	Waveform 1	1	7906.200928	7906.332764	0	125
751	Spectrogram 1	1	7906.200928	7906.332764	0	125
752	Waveform 1	1	7914.506592	7914.704346	0	125
752	Spectrogram 1	1	7914.506592	7914.704346	0	125
753	Waveform 1	1	7916.550049	7916.879639	25	150
753	Spectrogram 1	1	7916.550049	7916.879639	25	150
754	Waveform 1	1	7924.987549	7925.251221	25	175
754	Spectrogram 1	1	7924.987549	7925.251221	25	175
755	Waveform 1	1	7943.246826	7943.510498	0	150
755	Spectrogram 1	1	7943.246826	7943.510498	0	150
756	Waveform 1	1	7952.607178	7952.936768	0	175
756	Spectrogram 1	1	7952.607178	7952.936768	0	175
757	Waveform 1	1	7956.76001	7957.221436	25	200
757	Spectrogram 1	1	7956.76001	7957.221436	25	200
758	Waveform 1	1	7961.967529	7962.165283	50	200
758	Spectrogram 1	1	7961.967529	7962.165283	50	200
759	Waveform 1	1	7966.120361	7966.252197	25	150
759	Spectrogram 1	1	7966.120361	7966.252197	25	150
760	Waveform 1	1	7966.581787	7966.977295	25	175
760	Spectrogram 1	1	7966.581787	7966.977295	25	175
761	Waveform 1	1	7969.350342	7969.614014	0	150
761	Spectrogram 1	1	7969.350342	7969.614014	0	150
762	Waveform 1	1	7972.778076	7973.041748	25	175
762	Spectrogram 1	1	7972.778076	7973.041748	25	175
763	Waveform 1	1	7980.556396	7980.75415	0	125
763	Spectrogram 1	1	7980.556396	7980.75415	0	125
764	Waveform 1	1	8030.588135	8031.049561	0	150
764	Spectrogram 1	1	8030.588135	8031.049561	0	150
765	Waveform 1	1	8039.025635	8039.289307	0	125
765	Spectrogram 1	1	8039.025635	8039.289307	0	125
766	Waveform 1	1	8068.293213	8068.490967	0	125
766	Spectrogram 1	1	8068.293213	8068.490967	0	125
767	Waveform 1	1	8077.653564	8077.917236	0	125
767	Spectrogram 1	1	8077.653564	8077.917236	0	125
768	Waveform 1	1	8079.367432	8079.565186	0	150
768	Spectrogram 1	1	8079.367432	8079.565186	0	150
769	Waveform 1	1	8089.189209	8089.782471	0	175
769	Spectrogram 1	1	8089.189209	8089.782471	0	175
770	Waveform 1	1	8098.351807	8098.549561	0	150
770	Spectrogram 1	1	8098.351807	8098.549561	0	150
771	Waveform 1	1	8107.448486	8108.239502	0	125
771	Spectrogram 1	1	8107.448486	8108.239502	0	125
772	Waveform 1	1	8138.034424	8138.561768	25	150
772	Spectrogram 1	1	8138.034424	8138.561768	25	150
773	Waveform 1	1	8146.999268	8147.328857	75	200
773	Spectrogram 1	1	8146.999268	8147.328857	75	200
774	Waveform 1	1	8155.832275	8156.161865	0	200
774	Spectrogram 1	1	8155.832275	8156.161865	0	200
775	Waveform 1	1	8157.546143	8157.677979	25	150
775	Spectrogram 1	1	8157.546143	8157.677979	25	150
776	Waveform 1	1	8166.576904	8166.840576	25	200
776	Spectrogram 1	1	8166.576904	8166.840576	25	200
777	Waveform 1	1	8241.130127	8241.393799	0	150
777	Spectrogram 1	1	8241.130127	8241.393799	0	150
778	Waveform 1	1	8266.640381	8266.838135	0	150
778	Spectrogram 1	1	8266.640381	8266.838135	0	150
779	Waveform 1	1	8284.438232	8284.570068	75	225
779	Spectrogram 1	1	8284.438232	8284.570068	75	225
780	Waveform 1	1	8289.05249	8289.38208	75	200
780	Spectrogram 1	1	8289.05249	8289.38208	75	200
781	Waveform 1	1	8306.850342	8307.179932	50	200
781	Spectrogram 1	1	8306.850342	8307.179932	50	200
782	Waveform 1	1	8311.596436	8311.728271	25	150
782	Spectrogram 1	1	8311.596436	8311.728271	25	150
783	Waveform 1	1	8312.321533	8312.453369	0	200
783	Spectrogram 1	1	8312.321533	8312.453369	0	200
785	Waveform 1	1	8352.729248	8352.99292	25	150
785	Spectrogram 1	1	8352.729248	8352.99292	25	150
786	Waveform 1	1	8363.276123	8363.407959	0	125
786	Spectrogram 1	1	8363.276123	8363.407959	0	125
787	Waveform 1	1	8392.609619	8393.268799	25	150
787	Spectrogram 1	1	8392.609619	8393.268799	25	150
788	Waveform 1	1	8497.353271	8497.551025	25	175
788	Spectrogram 1	1	8497.353271	8497.551025	25	175
789	Waveform 1	1	8503.681396	8504.010986	25	175
789	Spectrogram 1	1	8503.681396	8504.010986	25	175
790	Waveform 1	1	8544.418701	8544.814209	0	150
790	Spectrogram 1	1	8544.418701	8544.814209	0	150
791	Waveform 1	1	8572.302002	8572.499756	0	125
791	Spectrogram 1	1	8572.302002	8572.499756	0	125
792	Waveform 1	1	8582.255615	8582.321533	0	125
792	Spectrogram 1	1	8582.255615	8582.321533	0	125
793	Waveform 1	1	8585.221924	8585.287842	0	125
793	Spectrogram 1	1	8585.221924	8585.287842	0	125
794	Waveform 1	1	8591.615967	8591.879639	0	175
794	Spectrogram 1	1	8591.615967	8591.879639	0	175
795	Waveform 1	1	8592.604736	8592.736572	25	175
795	Spectrogram 1	1	8592.604736	8592.736572	25	175
796	Waveform 1	1	8594.516357	8595.043701	25	200
796	Spectrogram 1	1	8594.516357	8595.043701	25	200
797	Waveform 1	1	8601.108154	8601.371826	25	200
797	Spectrogram 1	1	8601.108154	8601.371826	25	200
798	Waveform 1	1	8609.611572	8610.138916	50	200
798	Spectrogram 1	1	8609.611572	8610.138916	50	200
799	Waveform 1	1	8612.643799	8612.973389	50	200
799	Spectrogram 1	1	8612.643799	8612.973389	50	200
800	Waveform 1	1	8618.246826	8618.77417	25	200
800	Spectrogram 1	1	8618.246826	8618.77417	25	200
801	Waveform 1	1	8620.685791	8620.817627	25	150
801	Spectrogram 1	1	8620.685791	8620.817627	25	150
802	Waveform 1	1	8631.364502	8631.76001	25	200
802	Spectrogram 1	1	8631.364502	8631.76001	25	200
803	Waveform 1	1	8637.297119	8637.692627	25	200
803	Spectrogram 1	1	8637.297119	8637.692627	25	200
804	Waveform 1	1	8647.184814	8647.580322	25	150
804	Spectrogram 1	1	8647.184814	8647.580322	25	150
805	Waveform 1	1	8685.087646	8685.483154	50	200
805	Spectrogram 1	1	8685.087646	8685.483154	50	200
806	Waveform 1	1	8685.746826	8685.878662	50	175
806	Spectrogram 1	1	8685.746826	8685.878662	50	175
807	Waveform 1	1	8691.086182	8691.349854	75	200
807	Spectrogram 1	1	8691.086182	8691.349854	75	200
808	Waveform 1	1	8695.37085	8695.634521	0	175
808	Spectrogram 1	1	8695.37085	8695.634521	0	175
809	Waveform 1	1	8695.964111	8696.161865	100	225
809	Spectrogram 1	1	8695.964111	8696.161865	100	225
810	Waveform 1	1	8698.93042	8699.194092	25	175
810	Spectrogram 1	1	8698.93042	8699.194092	25	175
811	Waveform 1	1	8699.391846	8699.523682	0	125
811	Spectrogram 1	1	8699.391846	8699.523682	0	125
813	Waveform 1	1	8705.654053	8706.313232	50	200
813	Spectrogram 1	1	8705.654053	8706.313232	50	200
814	Waveform 1	1	8718.244385	8718.310303	0	150
814	Spectrogram 1	1	8718.244385	8718.310303	0	150
815	Waveform 1	1	8721.606201	8721.869873	25	175
815	Spectrogram 1	1	8721.606201	8721.869873	25	175
816	Waveform 1	1	8725.165771	8725.363525	75	200
816	Spectrogram 1	1	8725.165771	8725.363525	75	200
817	Waveform 1	1	8727.341064	8727.670654	0	150
817	Spectrogram 1	1	8727.341064	8727.670654	0	150
818	Waveform 1	1	8738.810791	8738.942627	25	150
818	Spectrogram 1	1	8738.810791	8738.942627	25	150
819	Waveform 1	1	8742.897705	8743.359131	50	175
819	Spectrogram 1	1	8742.897705	8743.359131	50	175
820	Waveform 1	1	8748.698486	8749.22583	25	150
820	Spectrogram 1	1	8748.698486	8749.22583	25	150
821	Waveform 1	1	8758.32251	8758.783936	0	150
821	Spectrogram 1	1	8758.32251	8758.783936	0	150
822	Waveform 1	1	8768.078369	8768.671631	50	175
822	Spectrogram 1	1	8768.078369	8768.671631	50	175
823	Waveform 1	1	8770.253662	8770.583252	50	225
823	Spectrogram 1	1	8770.253662	8770.583252	50	225
824	Waveform 1	1	8789.303955	8789.897217	25	150
824	Spectrogram 1	1	8789.303955	8789.897217	25	150
825	Waveform 1	1	8811.913818	8812.045654	25	150
825	Spectrogram 1	1	8811.913818	8812.045654	25	150
826	Waveform 1	1	8813.16626	8813.298096	0	125
826	Spectrogram 1	1	8813.16626	8813.298096	0	125
827	Waveform 1	1	8829.184326	8829.843506	25	150
827	Spectrogram 1	1	8829.184326	8829.843506	25	150
828	Waveform 1	1	8829.843506	8829.975342	125	250
828	Spectrogram 1	1	8829.843506	8829.975342	125	250
829	Waveform 1	1	8838.940186	8839.533447	50	175
829	Spectrogram 1	1	8838.940186	8839.533447	50	175
