Selection	View	Channel	Begin Time (s)	End Time (s)	Low Freq (Hz)	High Freq (Hz)
1	Waveform 1	1	7.347167969	8.700683594	70	190
1	Spectrogram 1	1	7.347167969	8.700683594	70	190
20	Waveform 1	1	111.3100586	111.7612305	110	170
20	Spectrogram 1	1	111.3100586	111.7612305	110	170
26	Waveform 1	1	132.7729492	133.2241211	70	160
26	Spectrogram 1	1	132.7729492	133.2241211	70	160
27	Waveform 1	1	157.394043	158.2963867	70	140
27	Spectrogram 1	1	157.394043	158.2963867	70	140
33	Waveform 1	1	178.1479492	179.4370117	60	140
33	Spectrogram 1	1	178.1479492	179.4370117	60	140
38	Waveform 1	1	209.7944336	210.3745117	90	150
38	Spectrogram 1	1	209.7944336	210.3745117	90	150
40	Waveform 1	1	217.8510742	218.4311523	80	160
40	Spectrogram 1	1	217.8510742	218.4311523	80	160
46	Waveform 1	1	255.4272461	257.2319336	70	210
46	Spectrogram 1	1	255.4272461	257.2319336	70	210
50	Waveform 1	1	278.1791992	279.4038086	80	180
50	Spectrogram 1	1	278.1791992	279.4038086	80	180
53	Waveform 1	1	299.7709961	300.4155273	80	130
53	Spectrogram 1	1	299.7709961	300.4155273	80	130
57	Waveform 1	1	323.3608398	323.8120117	90	150
57	Spectrogram 1	1	323.3608398	323.8120117	90	150
59	Waveform 1	1	344.3725586	345.081543	70	120
59	Spectrogram 1	1	344.3725586	345.081543	70	120
68	Waveform 1	1	378.7260742	380.2729492	60	200
68	Spectrogram 1	1	378.7260742	380.2729492	60	200
72	Waveform 1	1	414.8842773	416.1733398	70	160
72	Spectrogram 1	1	414.8842773	416.1733398	70	160
88	Waveform 1	1	488.5541992	490.1010742	60	240
88	Spectrogram 1	1	488.5541992	490.1010742	60	240
90	Waveform 1	1	497.7709961	498.1577148	80	140
90	Spectrogram 1	1	497.7709961	498.1577148	80	140
114	Waveform 1	1	619.394043	620.425293	100	190
114	Spectrogram 1	1	619.394043	620.425293	100	190
120	Waveform 1	1	649.4936523	650.9760742	70	160
120	Spectrogram 1	1	649.4936523	650.9760742	70	160
124	Waveform 1	1	663.0932617	665.8647461	60	210
124	Spectrogram 1	1	663.0932617	665.8647461	60	210
143	Waveform 1	1	770.1499023	771.8256836	60	180
143	Spectrogram 1	1	770.1499023	771.8256836	60	180
152	Waveform 1	1	811.5288086	813.0112305	70	170
152	Spectrogram 1	1	811.5288086	813.0112305	70	170
160	Waveform 1	1	847.815918	849.2983398	70	170
160	Spectrogram 1	1	847.815918	849.2983398	70	170
196	Waveform 1	1	1027.897949	1029.76709	70	200
196	Spectrogram 1	1	1027.897949	1029.76709	70	200
198	Waveform 1	1	1049.231934	1049.812012	80	160
198	Spectrogram 1	1	1049.231934	1049.812012	80	160
200	Waveform 1	1	1060.640137	1060.962402	100	160
200	Spectrogram 1	1	1060.640137	1060.962402	100	160
202	Waveform 1	1	1085.067871	1085.905762	70	140
202	Spectrogram 1	1	1085.067871	1085.905762	70	140
221	Waveform 1	1	1171.04834	1172.015137	80	160
221	Spectrogram 1	1	1171.04834	1172.015137	80	160
224	Waveform 1	1	1197.022949	1197.280762	120	160
224	Spectrogram 1	1	1197.022949	1197.280762	120	160
229	Waveform 1	1	1220.419434	1220.999512	60	180
229	Spectrogram 1	1	1220.419434	1220.999512	60	180
231	Waveform 1	1	1237.821777	1238.144043	80	130
231	Spectrogram 1	1	1237.821777	1238.144043	80	130
236	Waveform 1	1	1253.999512	1254.772949	60	130
236	Spectrogram 1	1	1253.999512	1254.772949	60	130
256	Waveform 1	1	1370.659668	1372.013184	60	160
256	Spectrogram 1	1	1370.659668	1372.013184	60	160
290	Waveform 1	1	1560.087402	1561.376465	70	200
290	Spectrogram 1	1	1560.087402	1561.376465	70	200
300	Waveform 1	1	1606.364746	1607.07373	70	180
300	Spectrogram 1	1	1606.364746	1607.07373	70	180
301	Waveform 1	1	1616.419434	1617.257324	80	180
301	Spectrogram 1	1	1616.419434	1617.257324	80	180
317	Waveform 1	1	1717.481934	1718.835449	60	190
317	Spectrogram 1	1	1717.481934	1718.835449	60	190
333	Waveform 1	1	1810.036621	1811.132324	60	200
333	Spectrogram 1	1	1810.036621	1811.132324	60	200
338	Waveform 1	1	1852.769043	1853.671387	80	180
338	Spectrogram 1	1	1852.769043	1853.671387	80	180
340	Waveform 1	1	1859.214355	1860.052246	90	190
340	Spectrogram 1	1	1859.214355	1860.052246	90	190
342	Waveform 1	1	1866.497559	1867.077637	70	180
342	Spectrogram 1	1	1866.497559	1867.077637	70	180
344	Waveform 1	1	1886.73584	1887.57373	100	170
344	Spectrogram 1	1	1886.73584	1887.57373	100	170
348	Waveform 1	1	1923.087402	1924.763184	60	160
348	Spectrogram 1	1	1923.087402	1924.763184	60	160
353	Waveform 1	1	1969.751465	1970.589355	90	180
353	Spectrogram 1	1	1969.751465	1970.589355	90	180
356	Waveform 1	1	1992.181152	1992.76123	110	150
356	Spectrogram 1	1	1992.181152	1992.76123	110	150
399	Waveform 1	1	2275.903809	2276.935059	80	190
399	Spectrogram 1	1	2275.903809	2276.935059	80	190
404	Waveform 1	1	2313.931152	2314.51123	80	150
404	Spectrogram 1	1	2313.931152	2314.51123	80	150
417	Waveform 1	1	2427.884277	2429.366699	80	220
417	Spectrogram 1	1	2427.884277	2429.366699	80	220
442	Waveform 1	1	2565.685059	2567.103027	100	200
442	Spectrogram 1	1	2565.685059	2567.103027	100	200
451	Waveform 1	1	2617.505371	2618.085449	60	120
451	Spectrogram 1	1	2617.505371	2618.085449	60	120
454	Waveform 1	1	2638.130371	2639.097168	90	210
454	Spectrogram 1	1	2638.130371	2639.097168	90	210
458	Waveform 1	1	2688.210449	2689.628418	60	160
458	Spectrogram 1	1	2688.210449	2689.628418	60	160
467	Waveform 1	1	2731.587402	2732.683105	60	140
467	Spectrogram 1	1	2731.587402	2732.683105	60	140
499	Waveform 1	1	2914.89209	2916.181152	80	210
499	Spectrogram 1	1	2914.89209	2916.181152	80	210
507	Waveform 1	1	2962.265137	2963.231934	60	170
507	Spectrogram 1	1	2962.265137	2963.231934	60	170
509	Waveform 1	1	2981.72998	2982.696777	70	150
509	Spectrogram 1	1	2981.72998	2982.696777	70	150
541	Waveform 1	1	3164.647949	3165.679199	100	240
541	Spectrogram 1	1	3164.647949	3165.679199	100	240
544	Waveform 1	1	3187.97998	3189.269043	80	220
544	Spectrogram 1	1	3187.97998	3189.269043	80	220
547	Waveform 1	1	3212.085449	3213.116699	70	200
547	Spectrogram 1	1	3212.085449	3213.116699	70	200
549	Waveform 1	1	3219.239746	3220.270996	60	180
549	Spectrogram 1	1	3219.239746	3220.270996	60	180
554	Waveform 1	1	3253.464355	3254.560059	60	170
554	Spectrogram 1	1	3253.464355	3254.560059	60	170
557	Waveform 1	1	3279.503418	3280.599121	60	160
557	Spectrogram 1	1	3279.503418	3280.599121	60	160
573	Waveform 1	1	3407.378418	3408.474121	110	250
573	Spectrogram 1	1	3407.378418	3408.474121	110	250
577	Waveform 1	1	3433.030762	3433.804199	90	180
577	Spectrogram 1	1	3433.030762	3433.804199	90	180
601	Waveform 1	1	3632.964355	3634.124512	90	170
601	Spectrogram 1	1	3632.964355	3634.124512	90	170
605	Waveform 1	1	3658.294434	3659.390137	80	180
605	Spectrogram 1	1	3658.294434	3659.390137	80	180
608	Waveform 1	1	3675.310059	3676.405762	60	140
608	Spectrogram 1	1	3675.310059	3676.405762	60	140
609	Waveform 1	1	3709.019043	3709.599121	90	180
609	Spectrogram 1	1	3709.019043	3709.599121	90	180
614	Waveform 1	1	3757.810059	3758.776855	60	170
614	Spectrogram 1	1	3757.810059	3758.776855	60	170
616	Waveform 1	1	3778.692871	3780.497559	60	190
616	Spectrogram 1	1	3778.692871	3780.497559	60	190
622	Waveform 1	1	3868.024902	3869.507324	70	200
622	Spectrogram 1	1	3868.024902	3869.507324	70	200
624	Waveform 1	1	3877.435059	3878.272949	70	210
624	Spectrogram 1	1	3877.435059	3878.272949	70	210
639	Waveform 1	1	4035.796387	4036.69873	80	150
639	Spectrogram 1	1	4035.796387	4036.69873	80	150
667	Waveform 1	1	4335.181152	4335.95459	100	150
667	Spectrogram 1	1	4335.181152	4335.95459	100	150
686	Waveform 1	1	4572.562012	4573.97998	60	160
686	Spectrogram 1	1	4572.562012	4573.97998	60	160
693	Waveform 1	1	4639.077637	4639.915527	80	160
693	Spectrogram 1	1	4639.077637	4639.915527	80	160
702	Waveform 1	1	4805.688965	4806.397949	100	150
702	Spectrogram 1	1	4805.688965	4806.397949	100	150
707	Waveform 1	1	4857.444824	4858.411621	70	200
707	Spectrogram 1	1	4857.444824	4858.411621	70	200
709	Waveform 1	1	4889.026855	4889.606934	120	180
709	Spectrogram 1	1	4889.026855	4889.606934	120	180
710	Waveform 1	1	4903.464355	4904.495605	70	230
710	Spectrogram 1	1	4903.464355	4904.495605	70	230
725	Waveform 1	1	5198.07959	5199.368652	70	190
725	Spectrogram 1	1	5198.07959	5199.368652	70	190
739	Waveform 1	1	5372.16748	5373.456543	70	200
739	Spectrogram 1	1	5372.16748	5373.456543	70	200
748	Waveform 1	1	5484.960449	5485.927246	110	200
748	Spectrogram 1	1	5484.960449	5485.927246	110	200
751	Waveform 1	1	5522.085449	5523.310059	90	220
751	Spectrogram 1	1	5522.085449	5523.310059	90	220
761	Waveform 1	1	5621.601074	5622.890137	100	220
761	Spectrogram 1	1	5621.601074	5622.890137	100	220
769	Waveform 1	1	5680.188965	5681.155762	130	220
769	Spectrogram 1	1	5680.188965	5681.155762	130	220
770	Waveform 1	1	5696.431152	5697.397949	100	200
770	Spectrogram 1	1	5696.431152	5697.397949	100	200
772	Waveform 1	1	5734.071777	5734.587402	110	170
772	Spectrogram 1	1	5734.071777	5734.587402	110	170
774	Waveform 1	1	5741.032715	5741.54834	130	210
774	Spectrogram 1	1	5741.032715	5741.54834	130	210
777	Waveform 1	1	5772.163574	5772.808105	70	140
777	Spectrogram 1	1	5772.163574	5772.808105	70	140
786	Waveform 1	1	6039.57959	6040.353027	100	180
786	Spectrogram 1	1	6039.57959	6040.353027	100	180
788	Waveform 1	1	6057.755371	6058.915527	80	180
788	Spectrogram 1	1	6057.755371	6058.915527	80	180
792	Waveform 1	1	6132.843262	6133.810059	110	180
792	Spectrogram 1	1	6132.843262	6133.810059	110	180
796	Waveform 1	1	6167.905762	6168.29248	90	140
796	Spectrogram 1	1	6167.905762	6168.29248	90	140
797	Waveform 1	1	6178.153809	6179.185059	90	180
797	Spectrogram 1	1	6178.153809	6179.185059	90	180
799	Waveform 1	1	6202.194824	6203.483887	80	200
799	Spectrogram 1	1	6202.194824	6203.483887	80	200
801	Waveform 1	1	6243.702637	6244.218262	80	140
801	Spectrogram 1	1	6243.702637	6244.218262	80	140
802	Waveform 1	1	6249.181152	6250.147949	60	170
802	Spectrogram 1	1	6249.181152	6250.147949	60	170
816	Waveform 1	1	6452.724121	6453.562012	70	170
816	Spectrogram 1	1	6452.724121	6453.562012	70	170
817	Waveform 1	1	6455.688965	6456.20459	70	140
817	Spectrogram 1	1	6455.688965	6456.20459	70	140
820	Waveform 1	1	6491.138184	6491.911621	60	190
820	Spectrogram 1	1	6491.138184	6491.911621	60	190
822	Waveform 1	1	6518.272949	6518.853027	80	170
822	Spectrogram 1	1	6518.272949	6518.853027	80	170
823	Waveform 1	1	6521.302246	6521.882324	80	170
823	Spectrogram 1	1	6521.302246	6521.882324	80	170
828	Waveform 1	1	6571.188965	6572.091309	70	180
828	Spectrogram 1	1	6571.188965	6572.091309	70	180
829	Waveform 1	1	6593.747559	6594.456543	70	160
829	Spectrogram 1	1	6593.747559	6594.456543	70	160
841	Waveform 1	1	6695.067871	6695.841309	90	170
841	Spectrogram 1	1	6695.067871	6695.841309	90	170
842	Waveform 1	1	6708.731934	6709.634277	90	160
842	Spectrogram 1	1	6708.731934	6709.634277	90	160
847	Waveform 1	1	6774.538574	6775.054199	100	140
847	Spectrogram 1	1	6774.538574	6775.054199	100	140
850	Waveform 1	1	6857.554199	6858.972168	60	200
850	Spectrogram 1	1	6857.554199	6858.972168	60	200
852	Waveform 1	1	6895.645996	6896.35498	80	130
852	Spectrogram 1	1	6895.645996	6896.35498	80	130
858	Waveform 1	1	7027.194824	7028.161621	80	150
858	Spectrogram 1	1	7027.194824	7028.161621	80	150
870	Waveform 1	1	7276.757324	7277.788574	100	160
870	Spectrogram 1	1	7276.757324	7277.788574	100	160
878	Waveform 1	1	7433.378418	7434.151855	90	170
878	Spectrogram 1	1	7433.378418	7434.151855	90	170
892	Waveform 1	1	7629.187012	7630.024902	90	200
892	Spectrogram 1	1	7629.187012	7630.024902	90	200
899	Waveform 1	1	7686.228027	7686.937012	80	160
899	Spectrogram 1	1	7686.228027	7686.937012	80	160
904	Waveform 1	1	7720.194824	7720.903809	80	150
904	Spectrogram 1	1	7720.194824	7720.903809	80	150
925	Waveform 1	1	7973.237793	7974.462402	60	190
925	Spectrogram 1	1	7973.237793	7974.462402	60	190
931	Waveform 1	1	8115.034668	8115.743652	70	150
931	Spectrogram 1	1	8115.034668	8115.743652	70	150
945	Waveform 1	1	8348.870605	8349.966309	60	140
945	Spectrogram 1	1	8348.870605	8349.966309	60	140
946	Waveform 1	1	8402.560059	8402.817871	90	130
946	Spectrogram 1	1	8402.560059	8402.817871	90	130
947	Waveform 1	1	8407.909668	8408.747559	80	140
947	Spectrogram 1	1	8407.909668	8408.747559	80	140
953	Waveform 1	1	8485.51123	8486.284668	110	180
953	Spectrogram 1	1	8485.51123	8486.284668	110	180
954	Waveform 1	1	8496.983887	8497.821777	90	140
954	Spectrogram 1	1	8496.983887	8497.821777	90	140
956	Waveform 1	1	8527.147949	8527.663574	80	160
956	Spectrogram 1	1	8527.147949	8527.663574	80	160
966	Waveform 1	1	8676.421387	8677.32373	70	230
966	Spectrogram 1	1	8676.421387	8677.32373	70	230
979	Waveform 1	1	8917.089355	8917.540527	140	190
979	Spectrogram 1	1	8917.089355	8917.540527	140	190
980	Waveform 1	1	8931.720215	8932.364746	60	160
980	Spectrogram 1	1	8931.720215	8932.364746	60	160
981	Waveform 1	1	8936.747559	8937.263184	90	160
981	Spectrogram 1	1	8936.747559	8937.263184	90	160
983	Waveform 1	1	8966.524902	8967.29834	70	140
983	Spectrogram 1	1	8966.524902	8967.29834	70	140
991	Waveform 1	1	9067.716309	9068.296387	150	200
991	Spectrogram 1	1	9067.716309	9068.296387	150	200
994	Waveform 1	1	9081.251465	9081.895996	70	140
994	Spectrogram 1	1	9081.251465	9081.895996	70	140
1004	Waveform 1	1	9218.407715	9219.310059	90	140
1004	Spectrogram 1	1	9218.407715	9219.310059	90	140
1011	Waveform 1	1	9285.76123	9287.179199	90	220
1011	Spectrogram 1	1	9285.76123	9287.179199	90	220
1013	Waveform 1	1	9297.685059	9298.32959	90	170
1013	Spectrogram 1	1	9297.685059	9298.32959	90	170
1016	Waveform 1	1	9327.720215	9328.493652	80	180
1016	Spectrogram 1	1	9327.720215	9328.493652	80	180
1028	Waveform 1	1	9521.144043	9521.788574	60	150
1028	Spectrogram 1	1	9521.144043	9521.788574	60	150
1031	Waveform 1	1	9599.26123	9599.712402	90	160
1031	Spectrogram 1	1	9599.26123	9599.712402	90	160
1032	Waveform 1	1	9613.505371	9614.020996	90	140
1032	Spectrogram 1	1	9613.505371	9614.020996	90	140
1034	Waveform 1	1	9630.005371	9630.907715	70	150
1034	Spectrogram 1	1	9630.005371	9630.907715	70	150
1037	Waveform 1	1	9706.446777	9706.962402	90	160
1037	Spectrogram 1	1	9706.446777	9706.962402	90	160
1051	Waveform 1	1	9943.89209	9944.858887	90	130
1051	Spectrogram 1	1	9943.89209	9944.858887	90	130
1058	Waveform 1	1	10053.84912	10054.62256	70	150
1058	Spectrogram 1	1	10053.84912	10054.62256	70	150
1062	Waveform 1	1	10108.0542	10108.95654	80	180
1062	Spectrogram 1	1	10108.0542	10108.95654	80	180
1063	Waveform 1	1	10112.75928	10113.08154	80	120
1063	Spectrogram 1	1	10112.75928	10113.08154	80	120
1070	Waveform 1	1	10164.38623	10165.54639	60	170
1070	Spectrogram 1	1	10164.38623	10165.54639	60	170
1071	Waveform 1	1	10173.53857	10174.0542	70	130
1071	Spectrogram 1	1	10173.53857	10174.0542	70	130
1091	Waveform 1	1	10377.146	10378.95068	60	160
1091	Spectrogram 1	1	10377.146	10378.95068	60	160
1115	Waveform 1	1	10533.70264	10534.92725	110	200
1115	Spectrogram 1	1	10533.70264	10534.92725	110	200
1119	Waveform 1	1	10605.69678	10606.27686	100	220
1119	Spectrogram 1	1	10605.69678	10606.27686	100	220
1122	Waveform 1	1	10633.73389	10634.50732	80	180
1122	Spectrogram 1	1	10633.73389	10634.50732	80	180
1129	Waveform 1	1	10670.021	10670.98779	70	150
1129	Spectrogram 1	1	10670.021	10670.98779	70	150
1133	Waveform 1	1	10704.50342	10704.82568	100	140
1133	Spectrogram 1	1	10704.50342	10704.82568	100	140
1137	Waveform 1	1	10779.3335	10780.55811	80	140
1137	Spectrogram 1	1	10779.3335	10780.55811	80	140
1139	Waveform 1	1	10847.65381	10848.42725	80	140
1139	Spectrogram 1	1	10847.65381	10848.42725	80	140
1141	Waveform 1	1	10864.54053	10865.18506	90	150
1141	Spectrogram 1	1	10864.54053	10865.18506	90	150
1149	Waveform 1	1	10968.05225	10969.2124	80	160
1149	Spectrogram 1	1	10968.05225	10969.2124	80	160
1150	Waveform 1	1	10977.59131	10978.36475	110	160
1150	Spectrogram 1	1	10977.59131	10978.36475	110	160
1156	Waveform 1	1	11064.66748	11066.34326	60	200
1156	Spectrogram 1	1	11064.66748	11066.34326	60	200
1158	Waveform 1	1	11081.16748	11082.06982	80	170
1158	Spectrogram 1	1	11081.16748	11082.06982	80	170
1167	Waveform 1	1	11141.62451	11142.91357	60	170
1167	Spectrogram 1	1	11141.62451	11142.91357	60	170
1183	Waveform 1	1	11403.17529	11404.72217	80	200
1183	Spectrogram 1	1	11403.17529	11404.72217	80	200
1186	Waveform 1	1	11451.12842	11451.96631	60	160
1186	Spectrogram 1	1	11451.12842	11451.96631	60	160
1223	Waveform 1	1	11713.45264	11714.22607	110	190
1223	Spectrogram 1	1	11713.45264	11714.22607	110	190
1233	Waveform 1	1	11787.05811	11788.08936	90	160
1233	Spectrogram 1	1	11787.05811	11788.08936	90	160
1271	Waveform 1	1	12029.07959	12030.17529	60	160
1271	Spectrogram 1	1	12029.07959	12030.17529	60	160
1273	Waveform 1	1	12052.34717	12053.76514	60	170
1273	Spectrogram 1	1	12052.34717	12053.76514	60	170
1275	Waveform 1	1	12067.4292	12068.65381	60	150
1275	Spectrogram 1	1	12067.4292	12068.65381	60	150
1277	Waveform 1	1	12081.93115	12083.22021	60	170
1277	Spectrogram 1	1	12081.93115	12083.22021	60	170
1295	Waveform 1	1	12180.47998	12181.57568	60	150
1295	Spectrogram 1	1	12180.47998	12181.57568	60	150
1328	Waveform 1	1	12486.89014	12488.37256	80	200
1328	Spectrogram 1	1	12486.89014	12488.37256	80	200
1335	Waveform 1	1	12595.55811	12597.10498	90	170
1335	Spectrogram 1	1	12595.55811	12597.10498	90	170
1340	Waveform 1	1	12741.80225	12742.8335	60	210
1340	Spectrogram 1	1	12741.80225	12742.8335	60	210
1367	Waveform 1	1	13036.54639	13037.12646	110	180
1367	Spectrogram 1	1	13036.54639	13037.12646	110	180
1368	Waveform 1	1	13075.86279	13077.34521	60	160
1368	Spectrogram 1	1	13075.86279	13077.34521	60	160
1370	Waveform 1	1	13089.52686	13090.4292	60	160
1370	Spectrogram 1	1	13089.52686	13090.4292	60	160
1377	Waveform 1	1	13127.23193	13127.61865	100	170
1377	Spectrogram 1	1	13127.23193	13127.61865	100	170
1380	Waveform 1	1	13148.82373	13149.85498	90	220
1380	Spectrogram 1	1	13148.82373	13149.85498	90	220
1385	Waveform 1	1	13185.04639	13185.81982	70	180
1385	Spectrogram 1	1	13185.04639	13185.81982	70	180
1393	Waveform 1	1	13253.62451	13254.78467	100	180
1393	Spectrogram 1	1	13253.62451	13254.78467	100	180
1394	Waveform 1	1	13259.29639	13260.00537	90	160
1394	Spectrogram 1	1	13259.29639	13260.00537	90	160
1405	Waveform 1	1	13345.85693	13346.63037	70	170
1405	Spectrogram 1	1	13345.85693	13346.63037	70	170
1445	Waveform 1	1	13588.39404	13589.87646	60	190
1445	Spectrogram 1	1	13588.39404	13589.87646	60	190
1447	Waveform 1	1	13598.38428	13599.35107	90	180
1447	Spectrogram 1	1	13598.38428	13599.35107	90	180
1453	Waveform 1	1	13628.03271	13628.54834	110	160
1453	Spectrogram 1	1	13628.03271	13628.54834	110	160
1454	Waveform 1	1	13631.83545	13632.47998	90	160
1454	Spectrogram 1	1	13631.83545	13632.47998	90	160
1470	Waveform 1	1	13708.14795	13708.85693	80	200
1470	Spectrogram 1	1	13708.14795	13708.85693	80	200
1474	Waveform 1	1	13726.25928	13727.29053	60	180
1474	Spectrogram 1	1	13726.25928	13727.29053	60	180
1475	Waveform 1	1	13741.53467	13741.98584	90	160
1475	Spectrogram 1	1	13741.53467	13741.98584	90	160
1478	Waveform 1	1	13760.09717	13760.48389	60	160
1478	Spectrogram 1	1	13760.09717	13760.48389	60	160
1482	Waveform 1	1	13780.271	13781.62451	70	210
1482	Spectrogram 1	1	13780.271	13781.62451	70	210
1517	Waveform 1	1	14009.07959	14009.72412	80	190
1517	Spectrogram 1	1	14009.07959	14009.72412	80	190
1518	Waveform 1	1	14023.83936	14024.35498	110	190
1518	Spectrogram 1	1	14023.83936	14024.35498	110	190
1537	Waveform 1	1	14119.93896	14121.29248	60	150
1537	Spectrogram 1	1	14119.93896	14121.29248	60	150
1538	Waveform 1	1	14127.54443	14128.06006	120	180
1538	Spectrogram 1	1	14127.54443	14128.06006	120	180
1546	Waveform 1	1	14157.64404	14158.22412	110	170
1546	Spectrogram 1	1	14157.64404	14158.22412	110	170
1552	Waveform 1	1	14199.34521	14200.69873	60	190
1552	Spectrogram 1	1	14199.34521	14200.69873	60	190
1553	Waveform 1	1	14203.34131	14203.85693	100	160
1553	Spectrogram 1	1	14203.34131	14203.85693	100	160
1585	Waveform 1	1	14419.58154	14420.29053	80	170
1585	Spectrogram 1	1	14419.58154	14420.29053	80	170
1604	Waveform 1	1	14564.1499	14564.85889	60	180
1604	Spectrogram 1	1	14564.1499	14564.85889	60	180
1605	Waveform 1	1	14568.79053	14569.30615	130	190
1605	Spectrogram 1	1	14568.79053	14569.30615	130	190
1607	Waveform 1	1	14584.00146	14584.71045	60	200
1607	Spectrogram 1	1	14584.00146	14584.71045	60	200
1609	Waveform 1	1	14594.44287	14595.28076	140	230
1609	Spectrogram 1	1	14594.44287	14595.28076	140	230
1612	Waveform 1	1	14610.55615	14611.00732	100	180
1612	Spectrogram 1	1	14610.55615	14611.00732	100	180
1617	Waveform 1	1	14633.82373	14634.46826	100	190
1617	Spectrogram 1	1	14633.82373	14634.46826	100	190
1619	Waveform 1	1	14646.84326	14647.48779	70	210
1619	Spectrogram 1	1	14646.84326	14647.48779	70	210
1621	Waveform 1	1	14658.31592	14660.70068	90	250
1621	Spectrogram 1	1	14658.31592	14660.70068	90	250
1622	Waveform 1	1	14669.78857	14670.3042	160	200
1622	Spectrogram 1	1	14669.78857	14670.3042	160	200
1624	Waveform 1	1	14690.73584	14691.44482	110	170
1624	Spectrogram 1	1	14690.73584	14691.44482	110	170
1644	Waveform 1	1	14784.57959	14785.41748	80	160
1644	Spectrogram 1	1	14784.57959	14785.41748	80	160
1646	Waveform 1	1	14789.41357	14789.99365	130	210
1646	Spectrogram 1	1	14789.41357	14789.99365	130	210
1647	Waveform 1	1	14794.50537	14794.89209	130	180
1647	Spectrogram 1	1	14794.50537	14794.89209	130	180
1648	Waveform 1	1	14799.59717	14800.04834	130	180
1648	Spectrogram 1	1	14799.59717	14800.04834	130	180
1649	Waveform 1	1	14804.04443	14805.20459	70	180
1649	Spectrogram 1	1	14804.04443	14805.20459	70	180
1651	Waveform 1	1	14814.74365	14815.19482	90	190
1651	Spectrogram 1	1	14814.74365	14815.19482	90	190
1652	Waveform 1	1	14819.70654	14820.15771	140	180
1652	Spectrogram 1	1	14819.70654	14820.15771	140	180
1654	Waveform 1	1	14824.86279	14825.31396	140	190
1654	Spectrogram 1	1	14824.86279	14825.31396	140	190
1671	Waveform 1	1	14908.84521	14909.61865	60	160
1671	Spectrogram 1	1	14908.84521	14909.61865	60	160
1672	Waveform 1	1	14914.83936	14915.99951	60	170
1672	Spectrogram 1	1	14914.83936	14915.99951	60	170
1684	Waveform 1	1	15012.03467	15013.25928	60	180
1684	Spectrogram 1	1	15012.03467	15013.25928	60	180
1685	Waveform 1	1	15017.38428	15018.41553	110	250
1685	Spectrogram 1	1	15017.38428	15018.41553	110	250
1686	Waveform 1	1	15022.47607	15022.92725	160	210
1686	Spectrogram 1	1	15022.47607	15022.92725	160	210
1688	Waveform 1	1	15027.24561	15027.76123	140	210
1688	Spectrogram 1	1	15027.24561	15027.76123	140	210
1690	Waveform 1	1	15032.07959	15032.59521	130	200
1690	Spectrogram 1	1	15032.07959	15032.59521	130	200
1695	Waveform 1	1	15060.1167	15060.63232	90	190
1695	Spectrogram 1	1	15060.1167	15060.63232	90	190
1696	Waveform 1	1	15065.01514	15065.40186	130	200
1696	Spectrogram 1	1	15065.01514	15065.40186	130	200
1697	Waveform 1	1	15069.84912	15070.62256	100	250
1697	Spectrogram 1	1	15069.84912	15070.62256	100	250
1698	Waveform 1	1	15074.68311	15075.06982	140	190
1698	Spectrogram 1	1	15074.68311	15075.06982	140	190
1700	Waveform 1	1	15084.67334	15085.25342	130	200
1700	Spectrogram 1	1	15084.67334	15085.25342	130	200
1702	Waveform 1	1	15089.50732	15090.53857	120	210
1702	Spectrogram 1	1	15089.50732	15090.53857	120	210
1703	Waveform 1	1	15094.72803	15095.1792	120	180
1703	Spectrogram 1	1	15094.72803	15095.1792	120	180
1704	Waveform 1	1	15104.65381	15105.29834	150	220
1704	Spectrogram 1	1	15104.65381	15105.29834	150	220
1705	Waveform 1	1	15110.45459	15110.97021	130	190
1705	Spectrogram 1	1	15110.45459	15110.97021	130	190
1707	Waveform 1	1	15114.96631	15116.31982	90	170
1707	Spectrogram 1	1	15114.96631	15116.31982	90	170
1708	Waveform 1	1	15120.83154	15121.79834	120	210
1708	Spectrogram 1	1	15120.83154	15121.79834	120	210
1709	Waveform 1	1	15126.76123	15127.2124	130	190
1709	Spectrogram 1	1	15126.76123	15127.2124	130	190
1712	Waveform 1	1	15153.83154	15154.73389	60	190
1712	Spectrogram 1	1	15153.83154	15154.73389	60	190
1718	Waveform 1	1	15198.94873	15199.46436	140	180
1718	Spectrogram 1	1	15198.94873	15199.46436	140	180
1719	Waveform 1	1	15203.46045	15204.74951	70	190
1719	Spectrogram 1	1	15203.46045	15204.74951	70	190
1720	Waveform 1	1	15209.90576	15210.42139	120	200
1720	Spectrogram 1	1	15209.90576	15210.42139	120	200
1721	Waveform 1	1	15213.77295	15214.28857	100	160
1721	Spectrogram 1	1	15213.77295	15214.28857	100	160
1722	Waveform 1	1	15215.57764	15216.15771	180	240
1722	Spectrogram 1	1	15215.57764	15216.15771	180	240
1723	Waveform 1	1	15216.60889	15217.31787	130	190
1723	Spectrogram 1	1	15216.60889	15217.31787	130	190
1727	Waveform 1	1	15233.04443	15233.62451	120	180
1727	Spectrogram 1	1	15233.04443	15233.62451	120	180
1728	Waveform 1	1	15246.96631	15247.61084	130	200
1728	Spectrogram 1	1	15246.96631	15247.61084	130	200
1729	Waveform 1	1	15256.0542	15256.50537	130	170
1729	Spectrogram 1	1	15256.0542	15256.50537	130	170
1744	Waveform 1	1	15382.38232	15382.70459	70	110
1744	Spectrogram 1	1	15382.38232	15382.70459	70	110
1747	Waveform 1	1	15392.56592	15392.95264	60	120
1747	Spectrogram 1	1	15392.56592	15392.95264	60	120
1748	Waveform 1	1	15403.00732	15404.29639	70	190
1748	Spectrogram 1	1	15403.00732	15404.29639	70	190
1752	Waveform 1	1	15436.71631	15437.36084	80	160
1752	Spectrogram 1	1	15436.71631	15437.36084	80	160
1773	Waveform 1	1	15574.13037	15574.7749	170	250
1773	Spectrogram 1	1	15574.13037	15574.7749	170	250
1779	Waveform 1	1	15656.11475	15656.50146	80	130
1779	Spectrogram 1	1	15656.11475	15656.50146	80	130
1783	Waveform 1	1	15703.87451	15704.7124	80	140
1783	Spectrogram 1	1	15703.87451	15704.7124	80	140
1797	Waveform 1	1	15867.19873	15869.00342	60	210
1797	Spectrogram 1	1	15867.19873	15869.00342	60	210
1798	Waveform 1	1	15873.77295	15874.67529	110	190
1798	Spectrogram 1	1	15873.77295	15874.67529	110	190
1805	Waveform 1	1	15941.57764	15941.83545	80	130
1805	Spectrogram 1	1	15941.57764	15941.83545	80	130
1813	Waveform 1	1	15992.68896	15994.10693	120	240
1813	Spectrogram 1	1	15992.68896	15994.10693	120	240
1818	Waveform 1	1	16028.00928	16028.78271	110	190
1818	Spectrogram 1	1	16028.00928	16028.78271	110	190
1822	Waveform 1	1	16073.70654	16074.28662	80	140
1822	Spectrogram 1	1	16073.70654	16074.28662	80	140
1843	Waveform 1	1	16230.71436	16231.29443	130	170
1843	Spectrogram 1	1	16230.71436	16231.29443	130	170
1850	Waveform 1	1	16310.05615	16310.76514	140	230
1850	Spectrogram 1	1	16310.05615	16310.76514	140	230
1855	Waveform 1	1	16345.18311	16346.85889	70	200
1855	Spectrogram 1	1	16345.18311	16346.85889	70	200
1869	Waveform 1	1	16502.70654	16503.8667	70	180
1869	Spectrogram 1	1	16502.70654	16503.8667	70	180
1872	Waveform 1	1	16524.87842	16525.26514	80	140
1872	Spectrogram 1	1	16524.87842	16525.26514	80	140
1892	Waveform 1	1	16688.396	16689.55615	80	160
1892	Spectrogram 1	1	16688.396	16689.55615	80	160
1907	Waveform 1	1	16849.78662	16850.56006	90	150
1907	Spectrogram 1	1	16849.78662	16850.56006	90	150
