Selection	View	Channel	Begin Time (s)	End Time (s)	Low Freq (Hz)	High Freq (Hz)
1	Waveform 1	1	100.894027322	101.656737635	111.7	178.5
1	Spectrogram 1	1	100.894027322	101.656737635	111.7	178.5
2	Waveform 1	1	110.139826155	110.987282058	118.6	173.9
2	Spectrogram 1	1	110.139826155	110.987282058	118.6	173.9
3	Waveform 1	1	118.444894004	119.271163509	109.4	215.4
3	Spectrogram 1	1	118.444894004	119.271163509	109.4	215.4
4	Waveform 1	1	126.940639431	127.745722539	107.1	199.3
4	Spectrogram 1	1	126.940639431	127.745722539	107.1	199.3
5	Waveform 1	1	134.949097714	135.817740015	107.1	190.0
5	Spectrogram 1	1	134.949097714	135.817740015	107.1	190.0
6	Waveform 1	1	143.686423005	144.597438101	104.8	167.0
6	Spectrogram 1	1	143.686423005	144.597438101	104.8	167.0
7	Waveform 1	1	152.055050047	153.029624336	111.7	187.7
7	Spectrogram 1	1	152.055050047	153.029624336	111.7	187.7
8	Waveform 1	1	161.122828209	162.160961690	120.9	208.5
8	Spectrogram 1	1	161.122828209	162.160961690	120.9	208.5
9	Waveform 1	1	168.737274429	169.521171139	118.6	171.6
9	Spectrogram 1	1	168.737274429	169.521171139	118.6	171.6
10	Waveform 1	1	177.826238988	178.440644517	118.6	176.2
10	Spectrogram 1	1	177.826238988	178.440644517	118.6	176.2
11	Waveform 1	1	186.788085162	187.381304294	127.8	171.6
11	Spectrogram 1	1	186.788085162	187.381304294	127.8	171.6
12	Waveform 1	1	327.008468456	327.644060383	88.7	183.1
12	Spectrogram 1	1	327.008468456	327.644060383	88.7	183.1
13	Waveform 1	1	336.923702520	337.474548857	109.4	178.5
13	Spectrogram 1	1	336.923702520	337.474548857	109.4	178.5
14	Waveform 1	1	345.355888755	345.949107887	118.6	187.7
14	Spectrogram 1	1	345.355888755	345.949107887	118.6	187.7
15	Waveform 1	1	354.834737961	355.322025105	114.0	160.1
15	Spectrogram 1	1	354.834737961	355.322025105	114.0	160.1
16	Waveform 1	1	363.902516123	364.601667243	114.0	183.1
16	Spectrogram 1	1	363.902516123	364.601667243	114.0	183.1
17	Waveform 1	1	373.499954224	374.368596524	107.1	208.5
17	Spectrogram 1	1	373.499954224	374.368596524	107.1	208.5
18	Waveform 1	1	528.529629422	528.974543771	91.0	208.5
18	Spectrogram 1	1	528.529629422	528.974543771	91.0	208.5
19	Waveform 1	1	538.529609077	539.144014606	107.1	185.4
19	Spectrogram 1	1	538.529609077	539.144014606	107.1	185.4
20	Waveform 1	1	546.822020019	547.372866356	107.1	210.8
20	Spectrogram 1	1	546.822020019	547.372866356	107.1	210.8
21	Waveform 1	1	557.182168433	558.177929119	97.9	185.4
21	Spectrogram 1	1	557.182168433	558.177929119	97.9	185.4
22	Waveform 1	1	567.372825666	567.966044798	107.1	160.1
22	Spectrogram 1	1	567.372825666	567.966044798	107.1	160.1
23	Waveform 1	1	576.406760523	577.423707606	102.5	194.7
23	Spectrogram 1	1	576.406760523	577.423707606	102.5	194.7
24	Waveform 1	1	585.940639431	586.894027322	107.1	173.9
24	Spectrogram 1	1	585.940639431	586.894027322	107.1	173.9
25	Waveform 1	1	595.114349581	595.898246291	97.9	173.9
25	Spectrogram 1	1	595.114349581	595.898246291	97.9	173.9
26	Waveform 1	1	604.847435558	605.694891461	118.6	187.7
26	Spectrogram 1	1	604.847435558	605.694891461	118.6	187.7
27	Waveform 1	1	615.249956767	615.821989501	120.9	176.2
27	Spectrogram 1	1	615.249956767	615.821989501	120.9	176.2
28	Waveform 1	1	617.474528512	617.961815656	146.3	208.5
28	Spectrogram 1	1	617.474528512	617.961815656	146.3	208.5
29	Waveform 1	1	826.377085325	826.800813276	54.1	206.2
29	Spectrogram 1	1	826.377085325	826.800813276	54.1	206.2
30	Waveform 1	1	835.508422679	836.038082618	79.4	187.7
30	Spectrogram 1	1	835.508422679	836.038082618	79.4	187.7
31	Waveform 1	1	844.754221512	845.410999837	100.2	167.0
31	Spectrogram 1	1	844.754221512	845.410999837	100.2	167.0
32	Waveform 1	1	853.398271722	854.012677252	107.1	194.7
32	Spectrogram 1	1	853.398271722	854.012677252	107.1	194.7
33	Waveform 1	1	861.766898764	862.487236282	84.1	180.8
33	Spectrogram 1	1	861.766898764	862.487236282	84.1	180.8
34	Waveform 1	1	870.716088031	871.330493561	88.7	187.7
34	Spectrogram 1	1	870.716088031	871.330493561	88.7	187.7
35	Waveform 1	1	879.805052590	880.525390108	102.5	185.4
35	Spectrogram 1	1	879.805052590	880.525390108	102.5	185.4
36	Waveform 1	1	888.364357210	889.190626716	100.2	171.6
36	Spectrogram 1	1	888.364357210	889.190626716	100.2	171.6
37	Waveform 1	1	897.885579212	898.860153500	100.2	173.9
37	Spectrogram 1	1	897.885579212	898.860153500	100.2	173.9
38	Waveform 1	1	908.076236445	908.838946757	111.7	169.3
38	Spectrogram 1	1	908.076236445	908.838946757	111.7	169.3
39	Waveform 1	1	917.843165726	918.860112810	95.6	164.7
39	Spectrogram 1	1	917.843165726	918.860112810	95.6	164.7
40	Waveform 1	1	927.978793257	928.805062763	116.3	173.9
40	Spectrogram 1	1	927.978793257	928.805062763	116.3	173.9
41	Waveform 1	1	946.135535978	947.385533435	109.4	164.7
41	Spectrogram 1	1	946.135535978	947.385533435	109.4	164.7
42	Waveform 1	1	1005.843206416	1006.499984741	120.9	192.3
42	Spectrogram 1	1	1005.843206416	1006.499984741	120.9	192.3
43	Waveform 1	1	1017.771148251	1018.724536141	134.7	224.6
43	Spectrogram 1	1	1017.771148251	1018.724536141	134.7	224.6
44	Waveform 1	1	1027.389772749	1027.855873496	134.7	201.6
44	Spectrogram 1	1	1027.389772749	1027.855873496	134.7	201.6
45	Waveform 1	1	1200.076246617	1200.860143327	120.9	183.1
45	Spectrogram 1	1	1200.076246617	1200.860143327	120.9	183.1
46	Waveform 1	1	1378.813500701	1379.618583809	109.4	178.5
46	Spectrogram 1	1	1378.813500701	1379.618583809	109.4	178.5
47	Waveform 1	1	1408.809312249	1409.614395357	65.6	173.9
47	Spectrogram 1	1	1408.809312249	1409.614395357	65.6	173.9
48	Waveform 1	1	1437.080496104	1438.203375175	67.9	171.6
48	Spectrogram 1	1	1437.080496104	1438.203375175	67.9	171.6
49	Waveform 1	1	1573.118629585	1574.050831078	102.5	178.5
49	Spectrogram 1	1	1573.118629585	1574.050831078	102.5	178.5
50	Waveform 1	1	1578.584720159	1579.241498484	107.1	180.8
50	Spectrogram 1	1	1578.584720159	1579.241498484	107.1	180.8
51	Waveform 1	1	1583.733014769	1584.220301914	132.4	185.4
51	Spectrogram 1	1	1583.733014769	1584.220301914	132.4	185.4
52	Waveform 1	1	1588.648259007	1589.432155717	132.4	194.7
52	Spectrogram 1	1	1588.648259007	1589.432155717	132.4	194.7
53	Waveform 1	1	1590.809271559	1591.529609077	109.4	167.0
53	Spectrogram 1	1	1590.809271559	1591.529609077	109.4	167.0
54	Waveform 1	1	1593.309266473	1593.838926412	86.4	173.9
54	Spectrogram 1	1	1593.309266473	1593.838926412	86.4	173.9
55	Waveform 1	1	1597.851685044	1598.720327345	102.5	178.5
55	Spectrogram 1	1	1597.851685044	1598.720327345	102.5	178.5
56	Waveform 1	1	1604.737264256	1605.796584135	111.7	206.2
56	Spectrogram 1	1	1604.737264256	1605.796584135	111.7	206.2
57	Waveform 1	1	1609.673694891	1610.266914023	111.7	213.1
57	Spectrogram 1	1	1609.673694891	1610.266914023	111.7	213.1
58	Waveform 1	1	1614.504193538	1615.118599067	118.6	183.1
58	Spectrogram 1	1	1614.504193538	1615.118599067	118.6	183.1
59	Waveform 1	1	1619.249946594	1619.927911317	125.5	194.7
59	Spectrogram 1	1	1619.249946594	1619.927911317	125.5	194.7
60	Waveform 1	1	1624.406770695	1625.211853803	111.7	178.5
60	Spectrogram 1	1	1624.406770695	1625.211853803	111.7	178.5
61	Waveform 1	1	1629.279642137	1629.915234065	125.5	183.1
61	Spectrogram 1	1	1629.279642137	1629.915234065	125.5	183.1
62	Waveform 1	1	1634.427936748	1634.936410290	114.0	201.6
62	Spectrogram 1	1	1634.427936748	1634.936410290	114.0	201.6
63	Waveform 1	1	1639.258435395	1639.915213720	116.3	180.8
63	Spectrogram 1	1	1639.258435395	1639.915213720	116.3	180.8
64	Waveform 1	1	1642.309276645	1643.326223729	63.3	178.5
64	Spectrogram 1	1	1642.309276645	1643.326223729	63.3	178.5
65	Waveform 1	1	1644.512661993	1645.148253920	123.2	192.3
65	Spectrogram 1	1	1644.512661993	1645.148253920	123.2	192.3
66	Waveform 1	1	1653.970324802	1655.156763066	111.7	229.2
66	Spectrogram 1	1	1653.970324802	1655.156763066	111.7	229.2
67	Waveform 1	1	1663.716067686	1664.669455577	95.6	187.7
67	Spectrogram 1	1	1663.716067686	1664.669455577	95.6	187.7
68	Waveform 1	1	1667.508432852	1668.355888755	111.7	206.2
68	Spectrogram 1	1	1667.508432852	1668.355888755	111.7	206.2
69	Waveform 1	1	1676.648299697	1677.305078022	104.8	185.4
69	Spectrogram 1	1	1676.648299697	1677.305078022	104.8	185.4
70	Waveform 1	1	1686.605906557	1687.368616869	107.1	194.7
70	Spectrogram 1	1	1686.605906557	1687.368616869	107.1	194.7
71	Waveform 1	1	1696.309276645	1697.135546151	95.6	185.4
71	Spectrogram 1	1	1696.309276645	1697.135546151	95.6	185.4
72	Waveform 1	1	1749.800803104	1751.114359753	114.0	187.7
72	Spectrogram 1	1	1749.800803104	1751.114359753	114.0	187.7
73	Waveform 1	1	1919.233009683	1919.910974406	72.5	173.9
73	Spectrogram 1	1	1919.233009683	1919.910974406	72.5	173.9
74	Waveform 1	1	1931.211853803	1931.211853803	164.7	164.7
74	Spectrogram 1	1	1931.211853803	1931.211853803	164.7	164.7
75	Waveform 1	1	1936.466080402	1937.355909100	72.5	173.9
75	Spectrogram 1	1	1936.466080402	1937.355909100	72.5	173.9
76	Waveform 1	1	1947.038092791	1948.203344658	44.9	167.0
76	Spectrogram 1	1	1947.038092791	1948.203344658	44.9	167.0
77	Waveform 1	1	1980.944858400	1981.749941508	58.7	148.6
77	Spectrogram 1	1	1980.944858400	1981.749941508	58.7	148.6
78	Waveform 1	1	2032.868591438	2033.949097714	63.3	176.2
78	Spectrogram 1	1	2032.868591438	2033.949097714	63.3	176.2
79	Waveform 1	1	2059.762659450	2060.716047341	63.3	160.1
79	Spectrogram 1	1	2059.762659450	2060.716047341	63.3	160.1
80	Waveform 1	1	2169.754180822	2170.686382315	51.8	134.7
80	Spectrogram 1	1	2169.754180822	2170.686382315	51.8	134.7
81	Waveform 1	1	2198.605926902	2199.559314792	61.0	164.7
81	Spectrogram 1	1	2198.605926902	2199.559314792	61.0	164.7
82	Waveform 1	1	2242.872840924	2243.889788008	65.6	153.2
82	Spectrogram 1	1	2242.872840924	2243.889788008	65.6	153.2
83	Waveform 1	1	2292.487256627	2293.461830915	38.0	169.3
83	Spectrogram 1	1	2292.487256627	2293.461830915	38.0	169.3
84	Waveform 1	1	2307.622873985	2308.576261876	61.0	167.0
84	Spectrogram 1	1	2307.622873985	2308.576261876	61.0	167.0
85	Waveform 1	1	2337.822020019	2338.266934368	58.7	150.9
85	Spectrogram 1	1	2337.822020019	2338.266934368	58.7	150.9
86	Waveform 1	1	2347.694881288	2348.478777999	58.7	134.7
86	Spectrogram 1	1	2347.694881288	2348.478777999	58.7	134.7
87	Waveform 1	1	2457.771148251	2458.682163346	56.4	141.7
87	Spectrogram 1	1	2457.771148251	2458.682163346	56.4	141.7
88	Waveform 1	1	2488.139785465	2488.796563790	84.1	171.6
88	Spectrogram 1	1	2488.139785465	2488.796563790	84.1	171.6
89	Waveform 1	1	2517.216052427	2518.148253920	65.6	169.3
89	Spectrogram 1	1	2517.216052427	2518.148253920	65.6	169.3
90	Waveform 1	1	2556.067778162	2557.190657233	49.5	173.9
90	Spectrogram 1	1	2556.067778162	2557.190657233	49.5	173.9
91	Waveform 1	1	2570.834697271	2571.788085162	58.7	178.5
91	Spectrogram 1	1	2570.834697271	2571.788085162	58.7	178.5
92	Waveform 1	1	2587.834717616	2588.724546314	63.3	185.4
92	Spectrogram 1	1	2587.834717616	2588.724546314	63.3	185.4
93	Waveform 1	1	2681.461810570	2682.139775292	70.2	173.9
93	Spectrogram 1	1	2681.461810570	2682.139775292	70.2	173.9
94	Waveform 1	1	2697.338951844	2698.334712530	51.8	171.6
94	Spectrogram 1	1	2697.338951844	2698.334712530	51.8	171.6
95	Waveform 1	1	2712.728805973	2713.788125852	65.6	178.5
95	Spectrogram 1	1	2712.728805973	2713.788125852	65.6	178.5
96	Waveform 1	1	2735.377064980	2736.351639268	54.1	169.3
96	Spectrogram 1	1	2735.377064980	2736.351639268	54.1	169.3
97	Waveform 1	1	2754.580470672	2755.512672166	49.5	173.9
97	Spectrogram 1	1	2754.580470672	2755.512672166	49.5	173.9
98	Waveform 1	1	2776.220312086	2777.237259170	67.9	167.0
98	Spectrogram 1	1	2776.220312086	2777.237259170	67.9	167.0
99	Waveform 1	1	2804.639800724	2805.677934205	58.7	176.2
99	Spectrogram 1	1	2804.639800724	2805.677934205	58.7	176.2
100	Waveform 1	1	2837.444873659	2838.398261550	54.1	185.4
100	Spectrogram 1	1	2837.444873659	2838.398261550	54.1	185.4
101	Waveform 1	1	2864.190636888	2865.440634345	65.6	190.0
101	Spectrogram 1	1	2864.190636888	2865.440634345	65.6	190.0
102	Waveform 1	1	2926.347399954	2927.576211013	49.5	171.6
102	Spectrogram 1	1	2926.347399954	2927.576211013	49.5	171.6
103	Waveform 1	1	2953.114349581	2954.004178279	63.3	169.3
103	Spectrogram 1	1	2953.114349581	2954.004178279	63.3	169.3
104	Waveform 1	1	2979.478757654	2980.368586352	63.3	171.6
104	Spectrogram 1	1	2979.478757654	2980.368586352	63.3	171.6
105	Waveform 1	1	3014.283881451	3015.152523752	58.7	167.0
105	Spectrogram 1	1	3014.283881451	3015.152523752	58.7	167.0
106	Waveform 1	1	3037.872871442	3038.995750513	47.2	162.4
106	Spectrogram 1	1	3037.872871442	3038.995750513	47.2	162.4
107	Waveform 1	1	3050.944878745	3051.877080238	49.5	162.4
107	Spectrogram 1	1	3050.944878745	3051.877080238	49.5	162.4
108	Waveform 1	1	3598.347430472	3599.597427929	49.5	171.6
108	Spectrogram 1	1	3598.347430472	3599.597427929	49.5	171.6
109	Waveform 1	1	3744.999949137	3745.910964233	107.1	171.6
109	Spectrogram 1	1	3744.999949137	3745.910964233	107.1	171.6
110	Waveform 1	1	3960.110120439	3961.169440318	70.2	176.2
110	Spectrogram 1	1	3960.110120439	3961.169440318	70.2	176.2
111	Waveform 1	1	4052.559304620	4053.343201330	102.5	199.3
111	Spectrogram 1	1	4052.559304620	4053.343201330	102.5	199.3
112	Waveform 1	1	4086.656747807	4087.525390108	65.6	162.4
112	Spectrogram 1	1	4086.656747807	4087.525390108	65.6	162.4
113	Waveform 1	1	4163.436405203	4164.305047504	65.6	150.9
113	Spectrogram 1	1	4163.436405203	4164.305047504	65.6	150.9
114	Waveform 1	1	4225.338931499	4226.271132992	56.4	153.2
114	Spectrogram 1	1	4225.338931499	4226.271132992	56.4	153.2
115	Waveform 1	1	4330.444894004	4331.525400280	58.7	176.2
115	Spectrogram 1	1	4330.444894004	4331.525400280	58.7	176.2
116	Waveform 1	1	4361.745732712	4362.805052590	58.7	162.4
116	Spectrogram 1	1	4361.745732712	4362.805052590	58.7	162.4
117	Waveform 1	1	4577.427936748	4578.677934205	61.0	180.8
117	Spectrogram 1	1	4577.427936748	4578.677934205	61.0	180.8
118	Waveform 1	1	4718.444873659	4719.419447947	51.8	187.7
118	Spectrogram 1	1	4718.444873659	4719.419447947	51.8	187.7
119	Waveform 1	1	4850.584709986	4852.046571419	42.6	150.9
119	Spectrogram 1	1	4850.584709986	4852.046571419	42.6	150.9
120	Waveform 1	1	4987.711848717	4988.538118222	61.0	162.4
120	Spectrogram 1	1	4987.711848717	4988.538118222	61.0	162.4
121	Waveform 1	1	5010.283891624	5011.322025105	47.2	160.1
121	Spectrogram 1	1	5010.283891624	5011.322025105	47.2	160.1
122	Waveform 1	1	5107.364367383	5108.656737635	44.9	144.0
122	Spectrogram 1	1	5107.364367383	5108.656737635	44.9	144.0
123	Waveform 1	1	5117.076266962	5118.474569202	65.6	146.3
123	Spectrogram 1	1	5117.076266962	5118.474569202	65.6	146.3
124	Waveform 1	1	5125.021166053	5126.504213883	49.5	137.0
124	Spectrogram 1	1	5125.021166053	5126.504213883	49.5	137.0
125	Waveform 1	1	5274.131306837	5275.402490691	77.1	171.6
125	Spectrogram 1	1	5274.131306837	5275.402490691	77.1	171.6
126	Waveform 1	1	5291.512682338	5292.529629422	58.7	146.3
126	Spectrogram 1	1	5291.512682338	5292.529629422	58.7	146.3
127	Waveform 1	1	5447.241508656	5447.728795801	97.9	155.5
127	Spectrogram 1	1	5447.241508656	5447.728795801	97.9	155.5
128	Waveform 1	1	5467.071976786	5468.470279025	81.7	178.5
128	Spectrogram 1	1	5467.071976786	5468.470279025	81.7	178.5
129	Waveform 1	1	5487.016906393	5488.351649441	67.9	178.5
129	Spectrogram 1	1	5487.016906393	5488.351649441	67.9	178.5
130	Waveform 1	1	5511.305047504	5512.343180985	51.8	167.0
130	Spectrogram 1	1	5511.305047504	5512.343180985	51.8	167.0
131	Waveform 1	1	5731.139815982	5732.580491017	81.7	162.4
131	Spectrogram 1	1	5731.139815982	5732.580491017	81.7	162.4
132	Waveform 1	1	5742.940639431	5744.211823286	88.7	176.2
132	Spectrogram 1	1	5742.940639431	5744.211823286	88.7	176.2
133	Waveform 1	1	6128.122858726	6128.779637051	109.4	169.3
133	Spectrogram 1	1	6128.122858726	6128.779637051	109.4	169.3
134	Waveform 1	1	6362.245758143	6362.838977275	81.7	167.0
134	Spectrogram 1	1	6362.245758143	6362.838977275	81.7	167.0
135	Waveform 1	1	6367.372866356	6368.177949464	95.6	183.1
135	Spectrogram 1	1	6367.372866356	6368.177949464	95.6	183.1
136	Waveform 1	1	6392.233040201	6393.016936911	81.7	176.2
136	Spectrogram 1	1	6392.233040201	6393.016936911	81.7	176.2
137	Waveform 1	1	6437.686392488	6438.512661993	54.1	153.2
137	Spectrogram 1	1	6437.686392488	6438.512661993	54.1	153.2
138	Waveform 1	1	6465.936389945	6466.656727462	79.4	144.0
138	Spectrogram 1	1	6465.936389945	6466.656727462	79.4	144.0
139	Waveform 1	1	6496.758470999	6497.224571745	70.2	141.7
139	Spectrogram 1	1	6496.758470999	6497.224571745	70.2	141.7
140	Waveform 1	1	6516.821989501	6517.436395031	95.6	146.3
140	Spectrogram 1	1	6516.821989501	6517.436395031	95.6	146.3
141	Waveform 1	1	6535.326244074	6536.067767989	51.8	155.5
141	Spectrogram 1	1	6535.326244074	6536.067767989	51.8	155.5
142	Waveform 1	1	6693.067778162	6694.042352450	116.3	199.3
142	Spectrogram 1	1	6693.067778162	6694.042352450	116.3	199.3
143	Waveform 1	1	6873.775367220	6874.877059893	84.1	162.4
143	Spectrogram 1	1	6873.775367220	6874.877059893	84.1	162.4
144	Waveform 1	1	7191.144024779	7191.567752730	144.0	231.5
144	Spectrogram 1	1	7191.144024779	7191.567752730	144.0	231.5
145	Waveform 1	1	7198.580450327	7199.343160640	74.8	169.3
145	Spectrogram 1	1	7198.580450327	7199.343160640	74.8	169.3
146	Waveform 1	1	7200.156773239	7200.855924358	120.9	171.6
146	Spectrogram 1	1	7200.156773239	7200.855924358	120.9	171.6
147	Waveform 1	1	7217.444873659	7218.228770369	74.8	148.6
147	Spectrogram 1	1	7217.444873659	7218.228770369	74.8	148.6
148	Waveform 1	1	7236.288110593	7236.733024942	93.3	148.6
148	Spectrogram 1	1	7236.288110593	7236.733024942	93.3	148.6
149	Waveform 1	1	7348.885558867	7349.478777999	141.7	215.4
149	Spectrogram 1	1	7348.885558867	7349.478777999	141.7	215.4
150	Waveform 1	1	7398.436415376	7399.199125689	109.4	173.9
150	Spectrogram 1	1	7398.436415376	7399.199125689	109.4	173.9
151	Waveform 1	1	7480.114380098	7481.279631965	54.1	164.7
151	Spectrogram 1	1	7480.114380098	7481.279631965	54.1	164.7
152	Waveform 1	1	7535.025395194	7535.957596687	111.7	173.9
152	Spectrogram 1	1	7535.025395194	7535.957596687	111.7	173.9
153	Waveform 1	1	7544.389782922	7545.173679632	116.3	190.0
153	Spectrogram 1	1	7544.389782922	7545.173679632	116.3	190.0
154	Waveform 1	1	7572.321984415	7573.466049884	118.6	231.5
154	Spectrogram 1	1	7572.321984415	7573.466049884	118.6	231.5
155	Waveform 1	1	7581.716088031	7582.627103127	120.9	190.0
155	Spectrogram 1	1	7581.716088031	7582.627103127	120.9	190.0
156	Waveform 1	1	7601.398251377	7602.584689641	137.0	185.4
156	Spectrogram 1	1	7601.398251377	7602.584689641	137.0	185.4
157	Waveform 1	1	7710.097402497	7710.987231195	58.7	144.0
157	Spectrogram 1	1	7710.097402497	7710.987231195	58.7	144.0
158	Waveform 1	1	7890.983012226	7892.042332105	56.4	141.7
158	Spectrogram 1	1	7890.983012226	7892.042332105	56.4	141.7
159	Waveform 1	1	7902.241518829	7902.919483551	58.7	144.0
159	Spectrogram 1	1	7902.241518829	7902.919483551	58.7	144.0
160	Waveform 1	1	7904.593208960	7905.758460826	40.3	167.0
160	Spectrogram 1	1	7904.593208960	7905.758460826	40.3	167.0
161	Waveform 1	1	7986.966075315	7987.940649604	51.8	137.0
161	Spectrogram 1	1	7986.966075315	7987.940649604	51.8	137.0
162	Waveform 1	1	8011.190657233	8012.249977112	51.8	116.3
162	Spectrogram 1	1	8011.190657233	8012.249977112	51.8	116.3
163	Waveform 1	1	8122.029634508	8123.067767989	63.3	171.6
163	Spectrogram 1	1	8122.029634508	8123.067767989	63.3	171.6
164	Waveform 1	1	8138.139826155	8138.775418082	38.0	107.1
164	Spectrogram 1	1	8138.139826155	8138.775418082	38.0	107.1
165	Waveform 1	1	8180.182168433	8181.199115516	70.2	173.9
165	Spectrogram 1	1	8180.182168433	8181.199115516	70.2	173.9
166	Waveform 1	1	8196.737274429	8197.605916729	56.4	171.6
166	Spectrogram 1	1	8196.737274429	8197.605916729	56.4	171.6
167	Waveform 1	1	8205.593188614	8206.546576505	67.9	155.5
167	Spectrogram 1	1	8205.593188614	8206.546576505	67.9	155.5
168	Waveform 1	1	8222.211853803	8223.122868899	74.8	167.0
168	Spectrogram 1	1	8222.211853803	8223.122868899	74.8	167.0
169	Waveform 1	1	8242.169440318	8242.953337028	74.8	141.7
169	Spectrogram 1	1	8242.169440318	8242.953337028	74.8	141.7
170	Waveform 1	1	8266.796563790	8267.686392488	51.8	153.2
170	Spectrogram 1	1	8266.796563790	8267.686392488	51.8	153.2
171	Waveform 1	1	8286.572002217	8287.483017313	61.0	144.0
171	Spectrogram 1	1	8286.572002217	8287.483017313	61.0	144.0
172	Waveform 1	1	8296.720286655	8297.631301751	58.7	155.5
172	Spectrogram 1	1	8296.720286655	8297.631301751	58.7	155.5
173	Waveform 1	1	8340.423697434	8341.101662156	84.1	160.1
173	Spectrogram 1	1	8340.423697434	8341.101662156	84.1	160.1
174	Waveform 1	1	8368.334712530	8369.436405203	54.1	155.5
174	Spectrogram 1	1	8368.334712530	8369.436405203	54.1	155.5
175	Waveform 1	1	8379.669435232	8380.432145544	65.6	157.8
175	Spectrogram 1	1	8379.669435232	8380.432145544	65.6	157.8
176	Waveform 1	1	8402.665206090	8403.936389945	44.9	153.2
176	Spectrogram 1	1	8402.665206090	8403.936389945	44.9	153.2
177	Waveform 1	1	8421.021155880	8422.038102964	42.6	150.9
177	Spectrogram 1	1	8421.021155880	8422.038102964	42.6	150.9
178	Waveform 1	1	8439.800833621	8440.838967102	47.2	164.7
178	Spectrogram 1	1	8439.800833621	8440.838967102	47.2	164.7
179	Waveform 1	1	8459.949097714	8460.944858400	47.2	146.3
179	Spectrogram 1	1	8459.949097714	8460.944858400	47.2	146.3
180	Waveform 1	1	8474.533868736	8475.338951844	54.1	144.0
180	Spectrogram 1	1	8474.533868736	8475.338951844	54.1	144.0
181	Waveform 1	1	8503.355898927	8504.499964396	56.4	164.7
181	Spectrogram 1	1	8503.355898927	8504.499964396	56.4	164.7
182	Waveform 1	1	8532.660997294	8533.127098040	81.7	157.8
182	Spectrogram 1	1	8532.660997294	8533.127098040	81.7	157.8
183	Waveform 1	1	8549.059269016	8550.012656907	49.5	160.1
183	Spectrogram 1	1	8549.059269016	8550.012656907	49.5	160.1
184	Waveform 1	1	8559.809302077	8560.889808353	42.6	160.1
184	Spectrogram 1	1	8559.809302077	8560.889808353	42.6	160.1
185	Waveform 1	1	8572.669445404	8573.813510873	38.0	155.5
185	Spectrogram 1	1	8572.669445404	8573.813510873	38.0	155.5
186	Waveform 1	1	8589.436415376	8590.283871279	49.5	153.2
186	Spectrogram 1	1	8589.436415376	8590.283871279	49.5	153.2
187	Waveform 1	1	8693.135576668	8694.237269342	77.1	155.5
187	Spectrogram 1	1	8693.135576668	8694.237269342	77.1	155.5
188	Waveform 1	1	8711.313505787	8712.266893678	58.7	164.7
188	Spectrogram 1	1	8711.313505787	8712.266893678	58.7	164.7
189	Waveform 1	1	8730.898266636	8731.660976949	54.1	148.6
189	Spectrogram 1	1	8730.898266636	8731.660976949	54.1	148.6
190	Waveform 1	1	8748.597438101	8749.550825992	70.2	148.6
190	Spectrogram 1	1	8748.597438101	8749.550825992	70.2	148.6
191	Waveform 1	1	8763.576221186	8764.614354667	49.5	150.9
191	Spectrogram 1	1	8763.576221186	8764.614354667	49.5	150.9
192	Waveform 1	1	8786.762669623	8787.758430309	42.6	146.3
192	Spectrogram 1	1	8786.762669623	8787.758430309	42.6	146.3
193	Waveform 1	1	8806.516921652	8807.322004760	58.7	153.2
193	Spectrogram 1	1	8806.516921652	8807.322004760	58.7	153.2
194	Waveform 1	1	8823.940669949	8824.915244237	42.6	141.7
194	Spectrogram 1	1	8823.940669949	8824.915244237	42.6	141.7
195	Waveform 1	1	8848.906775782	8849.987282058	47.2	150.9
195	Spectrogram 1	1	8848.906775782	8849.987282058	47.2	150.9
196	Waveform 1	1	8864.478777999	8865.326233902	58.7	150.9
196	Spectrogram 1	1	8864.478777999	8865.326233902	58.7	150.9
197	Waveform 1	1	8884.889808353	8885.906755437	38.0	157.8
197	Spectrogram 1	1	8884.889808353	8885.906755437	38.0	157.8
198	Waveform 1	1	8946.071997131	8947.237248997	44.9	116.3
198	Spectrogram 1	1	8946.071997131	8947.237248997	44.9	116.3
199	Waveform 1	1	8972.584709986	8973.580470672	38.0	130.1
199	Spectrogram 1	1	8972.584709986	8973.580470672	38.0	130.1
200	Waveform 1	1	9203.932191321	9205.012697597	74.8	146.3
200	Spectrogram 1	1	9203.932191321	9205.012697597	74.8	146.3
201	Waveform 1	1	9235.932181148	9237.076246617	65.6	178.5
201	Spectrogram 1	1	9235.932181148	9237.076246617	65.6	178.5
202	Waveform 1	1	9252.838926412	9253.919432689	58.7	176.2
202	Spectrogram 1	1	9252.838926412	9253.919432689	58.7	176.2
203	Waveform 1	1	9260.855914186	9261.745742884	47.2	150.9
203	Spectrogram 1	1	9260.855914186	9261.745742884	47.2	150.9
204	Waveform 1	1	9295.228780542	9296.160982035	47.2	169.3
204	Spectrogram 1	1	9295.228780542	9296.160982035	47.2	169.3
205	Waveform 1	1	9319.029634508	9320.046581592	58.7	164.7
205	Spectrogram 1	1	9319.029634508	9320.046581592	58.7	164.7
206	Waveform 1	1	9334.305027159	9335.152483062	51.8	146.3
206	Spectrogram 1	1	9334.305027159	9335.152483062	51.8	146.3
207	Waveform 1	1	9360.012656907	9360.987231195	63.3	150.9
207	Spectrogram 1	1	9360.012656907	9360.987231195	63.3	150.9
208	Waveform 1	1	9366.525410453	9367.457611946	49.5	125.5
208	Spectrogram 1	1	9366.525410453	9367.457611946	49.5	125.5
209	Waveform 1	1	9368.834727788	9369.597438101	65.6	162.4
209	Spectrogram 1	1	9368.834727788	9369.597438101	65.6	162.4
210	Waveform 1	1	9371.927941834	9372.775397737	58.7	148.6
210	Spectrogram 1	1	9371.927941834	9372.775397737	58.7	148.6
211	Waveform 1	1	9374.491495941	9375.529629422	63.3	139.4
211	Spectrogram 1	1	9374.491495941	9375.529629422	63.3	139.4
212	Waveform 1	1	9378.156742721	9379.194876202	40.3	109.4
212	Spectrogram 1	1	9378.156742721	9379.194876202	40.3	109.4
213	Waveform 1	1	9410.008427765	9410.983002054	84.1	155.5
213	Spectrogram 1	1	9410.008427765	9410.983002054	84.1	155.5
214	Waveform 1	1	9420.737274429	9421.711848717	65.6	155.5
214	Spectrogram 1	1	9420.737274429	9421.711848717	65.6	155.5
215	Waveform 1	1	9441.309266473	9442.262654364	44.9	157.8
215	Spectrogram 1	1	9441.309266473	9442.262654364	44.9	157.8
216	Waveform 1	1	9449.368627042	9450.470319716	49.5	160.1
216	Spectrogram 1	1	9449.368627042	9450.470319716	49.5	160.1
218	Waveform 1	1	9496.991521372	9498.008468456	47.2	148.6
218	Spectrogram 1	1	9496.991521372	9498.008468456	47.2	148.6
219	Waveform 1	1	9522.372825666	9522.838926412	56.4	139.4
219	Spectrogram 1	1	9522.372825666	9522.838926412	56.4	139.4
220	Waveform 1	1	9537.847425385	9538.906745264	86.4	155.5
220	Spectrogram 1	1	9537.847425385	9538.906745264	86.4	155.5
221	Waveform 1	1	9543.673684718	9544.860122982	51.8	123.2
221	Spectrogram 1	1	9543.673684718	9544.860122982	51.8	123.2
222	Waveform 1	1	9555.165241694	9556.139815982	65.6	162.4
222	Spectrogram 1	1	9555.165241694	9556.139815982	65.6	162.4
223	Waveform 1	1	9557.813541391	9558.618624499	51.8	146.3
223	Spectrogram 1	1	9557.813541391	9558.618624499	51.8	146.3
224	Waveform 1	1	9587.546586678	9588.690652147	86.4	150.9
224	Spectrogram 1	1	9587.546586678	9588.690652147	86.4	150.9
225	Waveform 1	1	9591.148274265	9592.016916566	38.0	139.4
225	Spectrogram 1	1	9591.148274265	9592.016916566	38.0	139.4
226	Waveform 1	1	9596.381314466	9596.995719996	58.7	134.7
226	Spectrogram 1	1	9596.381314466	9596.995719996	58.7	134.7
227	Waveform 1	1	9617.788105507	9618.847425385	56.4	130.1
227	Spectrogram 1	1	9617.788105507	9618.847425385	56.4	130.1
228	Waveform 1	1	9683.758420136	9684.754180822	61.0	120.9
228	Spectrogram 1	1	9683.758420136	9684.754180822	61.0	120.9
229	Waveform 1	1	9686.266944540	9687.199146034	44.9	109.4
229	Spectrogram 1	1	9686.266944540	9687.199146034	44.9	109.4
230	Waveform 1	1	9699.063528675	9700.080475759	51.8	141.7
230	Spectrogram 1	1	9699.063528675	9700.080475759	51.8	141.7
231	Waveform 1	1	9704.275382478	9705.144024779	54.1	134.7
231	Spectrogram 1	1	9704.275382478	9705.144024779	54.1	134.7
232	Waveform 1	1	9707.199105344	9708.279611620	58.7	125.5
232	Spectrogram 1	1	9707.199105344	9708.279611620	58.7	125.5
233	Waveform 1	1	9780.550815819	9781.631322096	49.5	134.7
233	Spectrogram 1	1	9780.550815819	9781.631322096	49.5	134.7
234	Waveform 1	1	9799.499984741	9800.283881451	49.5	104.8
234	Spectrogram 1	1	9799.499984741	9800.283881451	49.5	104.8
235	Waveform 1	1	9804.436415376	9805.347430472	65.6	111.7
235	Spectrogram 1	1	9804.436415376	9805.347430472	65.6	111.7
236	Waveform 1	1	9806.639800724	9807.614375012	47.2	95.6
236	Spectrogram 1	1	9806.639800724	9807.614375012	47.2	95.6
237	Waveform 1	1	9809.182168433	9810.177929119	58.7	109.4
237	Spectrogram 1	1	9809.182168433	9810.177929119	58.7	109.4
238	Waveform 1	1	9811.872840924	9812.868601610	40.3	114.0
238	Spectrogram 1	1	9811.872840924	9812.868601610	40.3	114.0
239	Waveform 1	1	9831.118619412	9832.199125689	63.3	120.9
239	Spectrogram 1	1	9831.118619412	9832.199125689	63.3	120.9
240	Waveform 1	1	9837.559284275	9838.660976949	44.9	100.2
240	Spectrogram 1	1	9837.559284275	9838.660976949	44.9	100.2
241	Waveform 1	1	9840.207583972	9841.139785465	51.8	107.1
241	Spectrogram 1	1	9840.207583972	9841.139785465	51.8	107.1
242	Waveform 1	1	9992.144045124	9993.033873822	88.7	144.0
242	Spectrogram 1	1	9992.144045124	9993.033873822	88.7	144.0
243	Waveform 1	1	10007.610115353	10008.415198461	51.8	123.2
243	Spectrogram 1	1	10007.610115353	10008.415198461	51.8	123.2
244	Waveform 1	1	10082.296568876	10083.355888755	49.5	109.4
244	Spectrogram 1	1	10082.296568876	10083.355888755	49.5	109.4
245	Waveform 1	1	10221.025374849	10221.915203547	91.0	150.9
245	Spectrogram 1	1	10221.025374849	10221.915203547	91.0	150.9
246	Waveform 1	1	10301.199105344	10301.961815656	61.0	134.7
246	Spectrogram 1	1	10301.199105344	10301.961815656	61.0	134.7
247	Waveform 1	1	10336.131347527	10337.190667406	44.9	155.5
247	Spectrogram 1	1	10336.131347527	10337.190667406	44.9	155.5
248	Waveform 1	1	10352.423687261	10353.461820743	54.1	155.5
248	Spectrogram 1	1	10352.423687261	10353.461820743	54.1	155.5
249	Waveform 1	1	10391.720327345	10392.567783248	61.0	167.0
249	Spectrogram 1	1	10391.720327345	10392.567783248	61.0	167.0
250	Waveform 1	1	10438.741473052	10439.652488148	51.8	160.1
250	Spectrogram 1	1	10438.741473052	10439.652488148	51.8	160.1
251	Waveform 1	1	10474.478798344	10475.410999837	61.0	153.2
251	Spectrogram 1	1	10474.478798344	10475.410999837	61.0	153.2
252	Waveform 1	1	10495.665195918	10496.427906230	58.7	155.5
252	Spectrogram 1	1	10495.665195918	10496.427906230	58.7	155.5
253	Waveform 1	1	10505.483027485	10506.351669786	61.0	162.4
253	Spectrogram 1	1	10505.483027485	10506.351669786	61.0	162.4
254	Waveform 1	1	10507.877090411	10508.703359916	74.8	139.4
254	Spectrogram 1	1	10507.877090411	10508.703359916	74.8	139.4
255	Waveform 1	1	10510.313526132	10511.266914023	56.4	139.4
255	Spectrogram 1	1	10510.313526132	10511.266914023	56.4	139.4
256	Waveform 1	1	10548.881299207	10549.834687098	54.1	146.3
256	Spectrogram 1	1	10548.881299207	10549.834687098	54.1	146.3
257	Waveform 1	1	10557.194896547	10557.851674872	74.8	173.9
257	Spectrogram 1	1	10557.194896547	10557.851674872	74.8	173.9
258	Waveform 1	1	10560.542347364	10561.262684881	58.7	150.9
258	Spectrogram 1	1	10560.542347364	10561.262684881	58.7	150.9
259	Waveform 1	1	10611.046591764	10612.254216426	33.4	130.1
259	Spectrogram 1	1	10611.046591764	10612.254216426	33.4	130.1
260	Waveform 1	1	10615.050820906	10615.877090411	54.1	153.2
260	Spectrogram 1	1	10615.050820906	10615.877090411	54.1	153.2
261	Waveform 1	1	10760.622833295	10761.576221186	42.6	125.5
261	Spectrogram 1	1	10760.622833295	10761.576221186	42.6	125.5
262	Waveform 1	1	10804.898276809	10805.639800724	65.6	160.1
262	Spectrogram 1	1	10804.898276809	10805.639800724	65.6	160.1
263	Waveform 1	1	10828.148284438	10829.016926739	91.0	153.2
263	Spectrogram 1	1	10828.148284438	10829.016926739	91.0	153.2
264	Waveform 1	1	10958.444904177	10958.995750513	111.7	203.9
264	Spectrogram 1	1	10958.444904177	10958.995750513	111.7	203.9
265	Waveform 1	1	10968.233019856	10968.974543771	137.0	190.0
265	Spectrogram 1	1	10968.233019856	10968.974543771	137.0	190.0
266	Waveform 1	1	11035.779657396	11036.648299697	111.7	190.0
266	Spectrogram 1	1	11035.779657396	11036.648299697	111.7	190.0
267	Waveform 1	1	11121.419478465	11121.949138404	88.7	153.2
267	Spectrogram 1	1	11121.419478465	11121.949138404	88.7	153.2
268	Waveform 1	1	11132.266914023	11132.966065143	100.2	208.5
268	Spectrogram 1	1	11132.266914023	11132.966065143	100.2	208.5
269	Waveform 1	1	11142.033843304	11142.817740015	104.8	173.9
269	Spectrogram 1	1	11142.033843304	11142.817740015	104.8	173.9
270	Waveform 1	1	11175.885579212	11176.690662319	107.1	155.5
270	Spectrogram 1	1	11175.885579212	11176.690662319	107.1	155.5
271	Waveform 1	1	11187.495725082	11188.216062600	111.7	150.9
271	Spectrogram 1	1	11187.495725082	11188.216062600	111.7	150.9
272	Waveform 1	1	11460.207583972	11461.033853477	97.9	185.4
272	Spectrogram 1	1	11460.207583972	11461.033853477	97.9	185.4
273	Waveform 1	1	11559.372856183	11560.220312086	74.8	187.7
273	Spectrogram 1	1	11559.372856183	11560.220312086	74.8	187.7
274	Waveform 1	1	11732.771138078	11733.745712366	91.0	192.3
274	Spectrogram 1	1	11732.771138078	11733.745712366	91.0	192.3
275	Waveform 1	1	11937.283891624	11938.766939454	84.1	190.0
275	Spectrogram 1	1	11937.283891624	11938.766939454	84.1	190.0
276	Waveform 1	1	12088.216062600	12089.402500864	44.9	153.2
276	Spectrogram 1	1	12088.216062600	12089.402500864	44.9	153.2
277	Waveform 1	1	12154.258465912	12155.423717779	40.3	134.7
277	Spectrogram 1	1	12154.258465912	12155.423717779	40.3	134.7
278	Waveform 1	1	12654.326233902	12655.088944214	97.9	164.7
278	Spectrogram 1	1	12654.326233902	12655.088944214	97.9	164.7
279	Waveform 1	1	12664.326213556	12665.110110267	102.5	190.0
279	Spectrogram 1	1	12664.326213556	12665.110110267	102.5	190.0
280	Waveform 1	1	12730.601667243	12731.978783085	54.1	190.0
280	Spectrogram 1	1	12730.601667243	12731.978783085	54.1	190.0
281	Waveform 1	1	12797.821979329	12798.669435232	91.0	176.2
281	Spectrogram 1	1	12797.821979329	12798.669435232	91.0	176.2
282	Waveform 1	1	12802.173720322	12803.254226598	74.8	178.5
282	Spectrogram 1	1	12802.173720322	12803.254226598	74.8	178.5
283	Waveform 1	1	12812.512682338	12813.868611783	54.1	157.8
283	Spectrogram 1	1	12812.512682338	12813.868611783	54.1	157.8
284	Waveform 1	1	12862.529639594	12863.144045124	70.2	192.3
284	Spectrogram 1	1	12862.529639594	12863.144045124	70.2	192.3
285	Waveform 1	1	12976.016916566	12977.690641974	51.8	185.4
285	Spectrogram 1	1	12976.016916566	12977.690641974	51.8	185.4
286	Waveform 1	1	13154.593208960	13155.652528838	56.4	171.6
286	Spectrogram 1	1	13154.593208960	13155.652528838	56.4	171.6
287	Waveform 1	1	13183.055070392	13183.838967102	81.7	160.1
287	Spectrogram 1	1	13183.055070392	13183.838967102	81.7	160.1
288	Waveform 1	1	13393.059319879	13394.330503733	84.1	194.7
288	Spectrogram 1	1	13393.059319879	13394.330503733	84.1	194.7
289	Waveform 1	1	13414.076226272	13415.305037331	84.1	185.4
289	Spectrogram 1	1	13414.076226272	13415.305037331	84.1	185.4
290	Waveform 1	1	13471.529609077	13472.504183365	72.5	173.9
290	Spectrogram 1	1	13471.529609077	13472.504183365	72.5	173.9
291	Waveform 1	1	13616.728795801	13617.872861270	61.0	141.7
291	Spectrogram 1	1	13616.728795801	13617.872861270	61.0	141.7
292	Waveform 1	1	13657.584699814	13658.877070066	44.9	141.7
292	Spectrogram 1	1	13657.584699814	13658.877070066	44.9	141.7
293	Waveform 1	1	13758.970324802	13760.029644681	44.9	148.6
293	Spectrogram 1	1	13758.970324802	13760.029644681	44.9	148.6
294	Waveform 1	1	13836.114400443	13837.809312249	44.9	164.7
294	Spectrogram 1	1	13836.114400443	13837.809312249	44.9	164.7
295	Waveform 1	1	13844.292349907	13845.563533761	51.8	167.0
295	Spectrogram 1	1	13844.292349907	13845.563533761	51.8	167.0
296	Waveform 1	1	13950.216082945	13951.296589221	44.9	155.5
296	Spectrogram 1	1	13950.216082945	13951.296589221	44.9	155.5
297	Waveform 1	1	14008.881339898	14009.410999837	67.9	139.4
297	Spectrogram 1	1	14008.881339898	14009.410999837	67.9	139.4
298	Waveform 1	1	14139.877110756	14141.105921815	47.2	141.7
298	Spectrogram 1	1	14139.877110756	14141.105921815	47.2	141.7
299	Waveform 1	1	14162.292319389	14163.203334485	56.4	146.3
299	Spectrogram 1	1	14162.292319389	14163.203334485	56.4	146.3
300	Waveform 1	1	14182.512672166	14184.101651984	44.9	139.4
300	Spectrogram 1	1	14182.512672166	14184.101651984	44.9	139.4
301	Waveform 1	1	14274.877110756	14276.783886538	88.7	201.6
301	Spectrogram 1	1	14274.877110756	14276.783886538	88.7	201.6
302	Waveform 1	1	14296.381304294	14297.779606534	91.0	171.6
302	Spectrogram 1	1	14296.381304294	14297.779606534	91.0	171.6
303	Waveform 1	1	14492.571992044	14493.419447947	54.1	153.2
303	Spectrogram 1	1	14492.571992044	14493.419447947	54.1	153.2
304	Waveform 1	1	14544.771148251	14545.936400117	70.2	162.4
304	Spectrogram 1	1	14544.771148251	14545.936400117	70.2	162.4
305	Waveform 1	1	14595.042342278	14596.313526132	91.0	155.5
305	Spectrogram 1	1	14595.042342278	14596.313526132	91.0	155.5
306	Waveform 1	1	14716.228811059	14717.563554106	47.2	162.4
306	Spectrogram 1	1	14716.228811059	14717.563554106	47.2	162.4
307	Waveform 1	1	14776.521171139	14777.495745427	88.7	162.4
307	Spectrogram 1	1	14776.521171139	14777.495745427	88.7	162.4
308	Waveform 1	1	14919.042342278	14920.207594144	65.6	192.3
308	Spectrogram 1	1	14919.042342278	14920.207594144	65.6	192.3
309	Waveform 1	1	14933.161012553	14934.707619575	47.2	171.6
309	Spectrogram 1	1	14933.161012553	14934.707619575	47.2	171.6
310	Waveform 1	1	14938.139815982	14939.008458283	77.1	167.0
310	Spectrogram 1	1	14938.139815982	14939.008458283	77.1	167.0
311	Waveform 1	1	14953.394022236	14954.601646897	84.1	178.5
311	Spectrogram 1	1	14953.394022236	14954.601646897	84.1	178.5
312	Waveform 1	1	14967.046591764	14967.978793257	84.1	169.3
312	Spectrogram 1	1	14967.046591764	14967.978793257	84.1	169.3
313	Waveform 1	1	14968.995740341	14969.822009846	56.4	139.4
313	Spectrogram 1	1	14968.995740341	14969.822009846	56.4	139.4
314	Waveform 1	1	14978.084704900	14978.932160803	93.3	176.2
314	Spectrogram 1	1	14978.084704900	14978.932160803	93.3	176.2
315	Waveform 1	1	14979.059279189	14980.415208633	54.1	173.9
315	Spectrogram 1	1	14979.059279189	14980.415208633	54.1	173.9
316	Waveform 1	1	14984.843165726	14986.114349581	56.4	176.2
316	Spectrogram 1	1	14984.843165726	14986.114349581	56.4	176.2
317	Waveform 1	1	14987.288130938	14988.516941997	74.8	148.6
317	Spectrogram 1	1	14987.288130938	14988.516941997	74.8	148.6
318	Waveform 1	1	14992.627103127	14993.326254247	120.9	187.7
318	Spectrogram 1	1	14992.627103127	14993.326254247	120.9	187.7
319	Waveform 1	1	15112.279621792	15113.593178442	58.7	155.5
319	Spectrogram 1	1	15112.279621792	15113.593178442	58.7	155.5
320	Waveform 1	1	15124.067788334	15125.190667406	77.1	164.7
320	Spectrogram 1	1	15124.067788334	15125.190667406	77.1	164.7
321	Waveform 1	1	15415.169440318	15416.313505787	58.7	171.6
321	Spectrogram 1	1	15415.169440318	15416.313505787	58.7	171.6
322	Waveform 1	1	15426.216082945	15427.275402823	49.5	173.9
322	Spectrogram 1	1	15426.216082945	15427.275402823	49.5	173.9
323	Waveform 1	1	15448.766939454	15449.953377718	58.7	210.8
323	Spectrogram 1	1	15448.766939454	15449.953377718	58.7	210.8
324	Waveform 1	1	15485.131327182	15486.063528675	79.4	180.8
324	Spectrogram 1	1	15485.131327182	15486.063528675	79.4	180.8
325	Waveform 1	1	15490.766908937	15491.974533598	63.3	180.8
325	Spectrogram 1	1	15490.766908937	15491.974533598	63.3	180.8
326	Waveform 1	1	15505.224561573	15506.029644681	86.4	197.0
326	Spectrogram 1	1	15505.224561573	15506.029644681	86.4	197.0
327	Waveform 1	1	15516.283861106	15517.046571419	86.4	178.5
327	Spectrogram 1	1	15516.283861106	15517.046571419	86.4	178.5
328	Waveform 1	1	15643.762689968	15644.758450654	81.7	201.6
328	Spectrogram 1	1	15643.762689968	15644.758450654	81.7	201.6
329	Waveform 1	1	15649.525390108	15650.288100420	100.2	171.6
329	Spectrogram 1	1	15649.525390108	15650.288100420	100.2	171.6
330	Waveform 1	1	15680.105891298	15681.355888755	72.5	194.7
330	Spectrogram 1	1	15680.105891298	15681.355888755	72.5	194.7
331	Waveform 1	1	15687.330452871	15688.432145544	63.3	185.4
331	Spectrogram 1	1	15687.330452871	15688.432145544	63.3	185.4
332	Waveform 1	1	15720.440664863	15721.372866356	67.9	164.7
332	Spectrogram 1	1	15720.440664863	15721.372866356	67.9	164.7
333	Waveform 1	1	15729.275392651	15729.783866193	77.1	160.1
333	Spectrogram 1	1	15729.275392651	15729.783866193	77.1	160.1
334	Waveform 1	1	15741.288080075	15742.071976786	95.6	180.8
334	Spectrogram 1	1	15741.288080075	15742.071976786	95.6	180.8
335	Waveform 1	1	15758.648269179	15759.283861106	79.4	185.4
335	Spectrogram 1	1	15758.648269179	15759.283861106	79.4	185.4
336	Waveform 1	1	15777.470319716	15778.254216426	58.7	160.1
336	Spectrogram 1	1	15777.470319716	15778.254216426	58.7	160.1
337	Waveform 1	1	15787.872840924	15788.699110430	61.0	132.4
337	Spectrogram 1	1	15787.872840924	15788.699110430	61.0	132.4
338	Waveform 1	1	15841.279621792	15842.529619249	61.0	162.4
338	Spectrogram 1	1	15841.279621792	15842.529619249	61.0	162.4
339	Waveform 1	1	15900.025405367	15900.597438101	100.2	160.1
339	Spectrogram 1	1	15900.025405367	15900.597438101	100.2	160.1
340	Waveform 1	1	16096.546576505	16098.220301914	67.9	150.9
340	Spectrogram 1	1	16096.546576505	16098.220301914	67.9	150.9
341	Waveform 1	1	16114.733035115	16116.025405367	54.1	171.6
341	Spectrogram 1	1	16114.733035115	16116.025405367	54.1	171.6
342	Waveform 1	1	16209.588969646	16211.093203873	70.2	171.6
342	Spectrogram 1	1	16209.588969646	16211.093203873	70.2	171.6
343	Waveform 1	1	16237.817780705	16239.025405367	49.5	144.0
343	Spectrogram 1	1	16237.817780705	16239.025405367	49.5	144.0
344	Waveform 1	1	16263.483037658	16265.093203873	54.1	162.4
344	Spectrogram 1	1	16263.483037658	16265.093203873	54.1	162.4
345	Waveform 1	1	16436.521150794	16438.025385021	51.8	160.1
345	Spectrogram 1	1	16436.521150794	16438.025385021	51.8	160.1
346	Waveform 1	1	16457.313536305	16458.224551400	81.7	167.0
346	Spectrogram 1	1	16457.313536305	16458.224551400	81.7	167.0
347	Waveform 1	1	16497.851644354	16499.843165726	35.7	178.5
347	Spectrogram 1	1	16497.851644354	16499.843165726	35.7	178.5
348	Waveform 1	1	16563.063528675	16564.377085325	72.5	173.9
348	Spectrogram 1	1	16563.063528675	16564.377085325	72.5	173.9
349	Waveform 1	1	16577.457622119	16578.877110756	74.8	171.6
349	Spectrogram 1	1	16577.457622119	16578.877110756	74.8	171.6
350	Waveform 1	1	16598.707578885	16599.618593981	79.4	173.9
350	Spectrogram 1	1	16598.707578885	16599.618593981	79.4	173.9
351	Waveform 1	1	16619.241478139	16620.046561247	102.5	173.9
351	Spectrogram 1	1	16619.241478139	16620.046561247	102.5	173.9
352	Waveform 1	1	16679.330503733	16680.644060383	70.2	160.1
352	Spectrogram 1	1	16679.330503733	16680.644060383	70.2	160.1
353	Waveform 1	1	16696.766908937	16697.699110430	84.1	155.5
353	Spectrogram 1	1	16696.766908937	16697.699110430	84.1	155.5
354	Waveform 1	1	16716.076246617	16717.389803267	61.0	187.7
354	Spectrogram 1	1	16716.076246617	16717.389803267	61.0	187.7
355	Waveform 1	1	16776.262674709	16777.830468129	40.3	167.0
355	Spectrogram 1	1	16776.262674709	16777.830468129	40.3	167.0
356	Waveform 1	1	16832.241508656	16833.110150957	44.9	146.3
356	Spectrogram 1	1	16832.241508656	16833.110150957	44.9	146.3
357	Waveform 1	1	16856.911004923	16858.245747970	63.3	160.1
357	Spectrogram 1	1	16856.911004923	16858.245747970	63.3	160.1
358	Waveform 1	1	16970.588959473	16972.135566496	100.2	185.4
358	Spectrogram 1	1	16970.588959473	16972.135566496	100.2	185.4
359	Waveform 1	1	17002.673694891	17004.241488311	74.8	176.2
359	Spectrogram 1	1	17002.673694891	17004.241488311	74.8	176.2
360	Waveform 1	1	17069.902536468	17071.152533925	84.1	173.9
360	Spectrogram 1	1	17069.902536468	17071.152533925	84.1	173.9
361	Waveform 1	1	17093.355878582	17093.949097714	51.8	146.3
361	Spectrogram 1	1	17093.355878582	17093.949097714	51.8	146.3
362	Waveform 1	1	17123.881350070	17124.855924358	84.1	187.7
362	Spectrogram 1	1	17123.881350070	17124.855924358	84.1	187.7
363	Waveform 1	1	17137.843186071	17139.177929119	81.7	180.8
363	Spectrogram 1	1	17137.843186071	17139.177929119	81.7	180.8
364	Waveform 1	1	17187.838956930	17189.343191158	70.2	178.5
364	Spectrogram 1	1	17187.838956930	17189.343191158	70.2	178.5
365	Waveform 1	1	17373.682183691	17375.080485931	72.5	201.6
365	Spectrogram 1	1	17373.682183691	17375.080485931	72.5	201.6
366	Waveform 1	1	17399.347440644	17400.682183691	54.1	157.8
366	Spectrogram 1	1	17399.347440644	17400.682183691	54.1	157.8
367	Waveform 1	1	17414.135546151	17415.385543608	67.9	213.1
367	Spectrogram 1	1	17414.135546151	17415.385543608	67.9	213.1
368	Waveform 1	1	17482.838936585	17483.919442861	54.1	160.1
368	Spectrogram 1	1	17482.838936585	17483.919442861	54.1	160.1
369	Waveform 1	1	17534.741483225	17535.927921489	49.5	160.1
369	Spectrogram 1	1	17534.741483225	17535.927921489	49.5	160.1
370	Waveform 1	1	17540.906724919	17541.754180822	63.3	150.9
370	Spectrogram 1	1	17540.906724919	17541.754180822	63.3	150.9
371	Waveform 1	1	17549.813541391	17550.427946920	93.3	160.1
371	Spectrogram 1	1	17549.813541391	17550.427946920	93.3	160.1
372	Waveform 1	1	17568.139775292	17569.135535978	61.0	178.5
372	Spectrogram 1	1	17568.139775292	17569.135535978	61.0	178.5
373	Waveform 1	1	17577.449133318	17578.720317172	70.2	192.3
373	Spectrogram 1	1	17577.449133318	17578.720317172	70.2	192.3
374	Waveform 1	1	17621.482996968	17622.711808027	77.1	146.3
374	Spectrogram 1	1	17621.482996968	17622.711808027	77.1	146.3
375	Waveform 1	1	17656.838967102	17658.004218969	63.3	157.8
375	Spectrogram 1	1	17656.838967102	17658.004218969	63.3	157.8
376	Waveform 1	1	17725.203344658	17726.495714910	70.2	160.1
376	Spectrogram 1	1	17725.203344658	17726.495714910	70.2	160.1
377	Waveform 1	1	17799.402511036	17800.440644517	79.4	153.2
377	Spectrogram 1	1	17799.402511036	17800.440644517	79.4	153.2
378	Waveform 1	1	17833.330463043	17834.114359753	67.9	176.2
378	Spectrogram 1	1	17833.330463043	17834.114359753	67.9	176.2
379	Waveform 1	1	17911.004198624	17912.338941671	54.1	164.7
379	Spectrogram 1	1	17911.004198624	17912.338941671	54.1	164.7
380	Waveform 1	1	17958.330483388	17959.686412833	79.4	176.2
380	Spectrogram 1	1	17958.330483388	17959.686412833	79.4	176.2
381	Waveform 1	1	18019.152503407	18021.038092791	47.2	150.9
381	Spectrogram 1	1	18019.152503407	18021.038092791	47.2	150.9
382	Waveform 1	1	18197.050831078	18198.004218969	72.5	173.9
382	Spectrogram 1	1	18197.050831078	18198.004218969	72.5	173.9
383	Waveform 1	1	18256.771158423	18257.851664699	54.1	167.0
383	Spectrogram 1	1	18256.771158423	18257.851664699	54.1	167.0
384	Waveform 1	1	18484.148253920	18485.716047341	28.8	167.0
384	Spectrogram 1	1	18484.148253920	18485.716047341	28.8	167.0
385	Waveform 1	1	18502.355898927	18503.605896384	56.4	167.0
385	Spectrogram 1	1	18502.355898927	18503.605896384	56.4	167.0
386	Waveform 1	1	18523.635571582	18524.440654690	58.7	148.6
386	Spectrogram 1	1	18523.635571582	18524.440654690	58.7	148.6
387	Waveform 1	1	18693.071997131	18694.321994588	93.3	169.3
387	Spectrogram 1	1	18693.071997131	18694.321994588	93.3	169.3
388	Waveform 1	1	18729.974574288	18730.991521372	95.6	157.8
388	Spectrogram 1	1	18729.974574288	18730.991521372	95.6	157.8
389	Waveform 1	1	18856.936400117	18858.334702357	84.1	183.1
389	Spectrogram 1	1	18856.936400117	18858.334702357	84.1	183.1
390	Waveform 1	1	18883.385553780	18884.635551237	84.1	164.7
390	Spectrogram 1	1	18883.385553780	18884.635551237	84.1	164.7
391	Waveform 1	1	18934.483017313	18935.648269179	97.9	185.4
391	Spectrogram 1	1	18934.483017313	18935.648269179	97.9	185.4
392	Waveform 1	1	18954.851674872	18956.610145871	65.6	169.3
392	Spectrogram 1	1	18954.851674872	18956.610145871	65.6	169.3
393	Waveform 1	1	18963.792334648	18965.360128069	72.5	162.4
393	Spectrogram 1	1	18963.792334648	18965.360128069	72.5	162.4
394	Waveform 1	1	19010.758450654	19011.881329725	91.0	164.7
394	Spectrogram 1	1	19010.758450654	19011.881329725	91.0	164.7
395	Waveform 1	1	19041.105901470	19042.101662156	51.8	160.1
395	Spectrogram 1	1	19041.105901470	19042.101662156	51.8	160.1
396	Waveform 1	1	19049.283850934	19050.321984415	77.1	185.4
396	Spectrogram 1	1	19049.283850934	19050.321984415	77.1	185.4
397	Waveform 1	1	19345.584699814	19347.046561247	72.5	199.3
397	Spectrogram 1	1	19345.584699814	19347.046561247	72.5	199.3
398	Waveform 1	1	19383.165241694	19384.076256790	72.5	150.9
398	Spectrogram 1	1	19383.165241694	19384.076256790	72.5	150.9
399	Waveform 1	1	19391.300818362	19392.635561410	84.1	187.7
399	Spectrogram 1	1	19391.300818362	19392.635561410	84.1	187.7
400	Waveform 1	1	19420.758440481	19422.135556323	47.2	167.0
400	Spectrogram 1	1	19420.758440481	19422.135556323	47.2	167.0
401	Waveform 1	1	19457.038082618	19458.288080075	63.3	157.8
401	Spectrogram 1	1	19457.038082618	19458.288080075	63.3	157.8
402	Waveform 1	1	19604.177949464	19605.639810896	58.7	169.3
402	Spectrogram 1	1	19604.177949464	19605.639810896	58.7	169.3
403	Waveform 1	1	19670.529619249	19671.758430309	63.3	226.9
403	Spectrogram 1	1	19670.529619249	19671.758430309	63.3	226.9
404	Waveform 1	1	19718.275382478	19719.292329562	61.0	167.0
404	Spectrogram 1	1	19718.275382478	19719.292329562	61.0	167.0
405	Waveform 1	1	19720.987241368	19722.512661993	49.5	150.9
405	Spectrogram 1	1	19720.987241368	19722.512661993	49.5	150.9
406	Waveform 1	1	19740.635561410	19741.186407747	65.6	162.4
406	Spectrogram 1	1	19740.635561410	19741.186407747	65.6	162.4
407	Waveform 1	1	19930.652508493	19932.071997131	65.6	157.8
407	Spectrogram 1	1	19930.652508493	19932.071997131	65.6	157.8
408	Waveform 1	1	20010.656747807	20011.906745264	54.1	160.1
408	Spectrogram 1	1	20010.656747807	20011.906745264	54.1	160.1
409	Waveform 1	1	20230.555044961	20231.635551237	70.2	162.4
409	Spectrogram 1	1	20230.555044961	20231.635551237	70.2	162.4
410	Waveform 1	1	20282.690641974	20283.792334648	81.7	162.4
410	Spectrogram 1	1	20282.690641974	20283.792334648	81.7	162.4
411	Waveform 1	1	20283.983012226	20284.894027322	74.8	171.6
411	Spectrogram 1	1	20283.983012226	20284.894027322	74.8	171.6
412	Waveform 1	1	20499.156742721	20500.025385021	61.0	137.0
412	Spectrogram 1	1	20499.156742721	20500.025385021	61.0	137.0
413	Waveform 1	1	20726.860163672	20727.749992371	77.1	178.5
413	Spectrogram 1	1	20726.860163672	20727.749992371	77.1	178.5
414	Waveform 1	1	20808.728805973	20809.470329888	91.0	183.1
414	Spectrogram 1	1	20808.728805973	20809.470329888	91.0	183.1
415	Waveform 1	1	20857.211813113	20858.186387402	65.6	199.3
415	Spectrogram 1	1	20857.211813113	20858.186387402	65.6	199.3
416	Waveform 1	1	20871.118619412	20872.008448110	65.6	178.5
416	Spectrogram 1	1	20871.118619412	20872.008448110	65.6	178.5
418	Waveform 1	1	20901.660997294	20902.423707606	81.7	183.1
418	Spectrogram 1	1	20901.660997294	20902.423707606	81.7	183.1
419	Waveform 1	1	20913.991480682	20914.711818199	84.1	173.9
419	Spectrogram 1	1	20913.991480682	20914.711818199	84.1	173.9
420	Waveform 1	1	21017.542337191	21018.220301914	88.7	183.1
420	Spectrogram 1	1	21017.542337191	21018.220301914	88.7	183.1
421	Waveform 1	1	21067.749972026	21068.555055133	81.7	180.8
421	Spectrogram 1	1	21067.749972026	21068.555055133	81.7	180.8
422	Waveform 1	1	21082.220281569	21082.919432689	67.9	192.3
422	Spectrogram 1	1	21082.220281569	21082.919432689	67.9	192.3
423	Waveform 1	1	21167.398281895	21168.012687424	97.9	178.5
423	Spectrogram 1	1	21167.398281895	21168.012687424	97.9	178.5
424	Waveform 1	1	21208.635541065	21209.334692185	116.3	208.5
424	Spectrogram 1	1	21208.635541065	21209.334692185	116.3	208.5
425	Waveform 1	1	21231.385574125	21232.211843631	81.7	171.6
425	Spectrogram 1	1	21231.385574125	21232.211843631	81.7	171.6
426	Waveform 1	1	21240.855893841	21241.639790551	84.1	185.4
426	Spectrogram 1	1	21240.855893841	21241.639790551	84.1	185.4
427	Waveform 1	1	21274.360117896	21275.165201004	102.5	176.2
427	Spectrogram 1	1	21274.360117896	21275.165201004	102.5	176.2
428	Waveform 1	1	21310.415239151	21310.902526295	109.4	171.6
428	Spectrogram 1	1	21310.415239151	21310.902526295	109.4	171.6
429	Waveform 1	1	21390.461851260	21391.330493561	70.2	164.7
429	Spectrogram 1	1	21390.461851260	21391.330493561	70.2	164.7
430	Waveform 1	1	21658.237279515	21659.338972189	86.4	183.1
430	Spectrogram 1	1	21658.237279515	21659.338972189	86.4	183.1
431	Waveform 1	1	21721.580480845	21722.491495941	118.6	199.3
431	Spectrogram 1	1	21721.580480845	21722.491495941	118.6	199.3
432	Waveform 1	1	21887.021145707	21887.932160803	127.8	178.5
432	Spectrogram 1	1	21887.021145707	21887.932160803	127.8	178.5
433	Waveform 1	1	21970.775377392	21971.813510873	67.9	167.0
433	Spectrogram 1	1	21970.775377392	21971.813510873	67.9	167.0
434	Waveform 1	1	22117.711848717	22118.940659776	74.8	180.8
434	Spectrogram 1	1	22117.711848717	22118.940659776	74.8	180.8
435	Waveform 1	1	22316.055050047	22316.669455577	95.6	160.1
435	Spectrogram 1	1	22316.055050047	22316.669455577	95.6	160.1
436	Waveform 1	1	22538.716077858	22539.394042581	100.2	171.6
436	Spectrogram 1	1	22538.716077858	22539.394042581	100.2	171.6
437	Waveform 1	1	22569.360138241	22570.101662156	93.3	144.0
437	Spectrogram 1	1	22569.360138241	22570.101662156	93.3	144.0
438	Waveform 1	1	22695.419478465	22696.118629585	88.7	146.3
438	Spectrogram 1	1	22695.419478465	22696.118629585	88.7	146.3
439	Waveform 1	1	23043.622873985	23044.173720322	77.1	148.6
439	Spectrogram 1	1	23043.622873985	23044.173720322	77.1	148.6
440	Waveform 1	1	23156.474559030	23157.449133318	91.0	180.8
440	Spectrogram 1	1	23156.474559030	23157.449133318	91.0	180.8
441	Waveform 1	1	23178.559314792	23179.300838708	88.7	153.2
441	Spectrogram 1	1	23178.559314792	23179.300838708	88.7	153.2
442	Waveform 1	1	23288.487276972	23289.440664863	79.4	144.0
442	Spectrogram 1	1	23288.487276972	23289.440664863	79.4	144.0
443	Waveform 1	1	23305.203344658	23306.347410127	93.3	164.7
443	Spectrogram 1	1	23305.203344658	23306.347410127	93.3	164.7
444	Waveform 1	1	23417.122828209	23417.758420136	84.1	157.8
444	Spectrogram 1	1	23417.122828209	23417.758420136	84.1	157.8
445	Waveform 1	1	23427.216082945	23427.915234065	95.6	160.1
445	Spectrogram 1	1	23427.216082945	23427.915234065	95.6	160.1
446	Waveform 1	1	23465.021145707	23465.677924032	95.6	167.0
446	Spectrogram 1	1	23465.021145707	23465.677924032	95.6	167.0
447	Waveform 1	1	23637.707619575	23638.576261876	88.7	176.2
447	Spectrogram 1	1	23637.707619575	23638.576261876	88.7	176.2
448	Waveform 1	1	23658.258425222	23659.042321933	91.0	153.2
448	Spectrogram 1	1	23658.258425222	23659.042321933	91.0	153.2
449	Waveform 1	1	23675.830478302	23676.762679795	81.7	194.7
449	Spectrogram 1	1	23675.830478302	23676.762679795	81.7	194.7
450	Waveform 1	1	23713.105881125	23713.847405040	93.3	201.6
450	Spectrogram 1	1	23713.105881125	23713.847405040	93.3	201.6
451	Waveform 1	1	23829.970324802	23830.902526295	100.2	187.7
451	Spectrogram 1	1	23829.970324802	23830.902526295	100.2	187.7
452	Waveform 1	1	23901.110120439	23901.830457957	88.7	217.7
452	Spectrogram 1	1	23901.110120439	23901.830457957	88.7	217.7
453	Waveform 1	1	23935.300838708	23936.021176225	77.1	201.6
453	Spectrogram 1	1	23935.300838708	23936.021176225	77.1	201.6
454	Waveform 1	1	24111.813521046	24112.745722539	84.1	160.1
454	Spectrogram 1	1	24111.813521046	24112.745722539	84.1	160.1
455	Waveform 1	1	24298.419458120	24299.055050047	70.2	146.3
455	Spectrogram 1	1	24298.419458120	24299.055050047	70.2	146.3
456	Waveform 1	1	24334.105881125	24335.186387402	104.8	194.7
456	Spectrogram 1	1	24334.105881125	24335.186387402	104.8	194.7
457	Waveform 1	1	24411.686402660	24412.682163346	95.6	197.0
457	Spectrogram 1	1	24411.686402660	24412.682163346	95.6	197.0
458	Waveform 1	1	24424.894057840	24425.444904177	91.0	157.8
458	Spectrogram 1	1	24424.894057840	24425.444904177	91.0	157.8
459	Waveform 1	1	24426.101682501	24426.652528838	137.0	187.7
459	Spectrogram 1	1	24426.101682501	24426.652528838	137.0	187.7
460	Waveform 1	1	24447.542316846	24448.432145544	86.4	169.3
460	Spectrogram 1	1	24447.542316846	24448.432145544	86.4	169.3
461	Waveform 1	1	24474.288080075	24475.156722376	61.0	169.3
461	Spectrogram 1	1	24474.288080075	24475.156722376	61.0	169.3
462	Waveform 1	1	24501.436384858	24502.241467966	91.0	176.2
462	Spectrogram 1	1	24501.436384858	24502.241467966	91.0	176.2
463	Waveform 1	1	24533.084735418	24533.805072935	107.1	187.7
463	Spectrogram 1	1	24533.084735418	24533.805072935	107.1	187.7
464	Waveform 1	1	24562.097443187	24562.902526295	97.9	215.4
464	Spectrogram 1	1	24562.097443187	24562.902526295	97.9	215.4
465	Waveform 1	1	24745.440675035	24746.415249323	132.4	222.3
465	Spectrogram 1	1	24745.440675035	24746.415249323	132.4	222.3
466	Waveform 1	1	24785.491495941	24786.275392651	97.9	160.1
466	Spectrogram 1	1	24785.491495941	24786.275392651	97.9	160.1
467	Waveform 1	1	24805.563543934	24806.262695054	91.0	171.6
467	Spectrogram 1	1	24805.563543934	24806.262695054	91.0	171.6
468	Waveform 1	1	24934.122879071	24935.478808516	102.5	173.9
468	Spectrogram 1	1	24934.122879071	24935.478808516	102.5	173.9
469	Waveform 1	1	24986.207573799	24987.182148087	77.1	130.1
469	Spectrogram 1	1	24986.207573799	24987.182148087	77.1	130.1
470	Waveform 1	1	25097.542367709	25099.046601937	51.8	137.0
470	Spectrogram 1	1	25097.542367709	25099.046601937	51.8	137.0
471	Waveform 1	1	25150.694911806	25152.220332431	67.9	150.9
471	Spectrogram 1	1	25150.694911806	25152.220332431	67.9	150.9
472	Waveform 1	1	25166.605896384	25168.279621792	72.5	153.2
472	Spectrogram 1	1	25166.605896384	25168.279621792	72.5	153.2
473	Waveform 1	1	25187.101672329	25187.631332268	61.0	130.1
473	Spectrogram 1	1	25187.101672329	25187.631332268	61.0	130.1
474	Waveform 1	1	25292.093203873	25293.067778162	84.1	171.6
474	Spectrogram 1	1	25292.093203873	25293.067778162	84.1	171.6
475	Waveform 1	1	25352.512682338	25353.466070229	42.6	120.9
475	Spectrogram 1	1	25352.512682338	25353.466070229	42.6	120.9
476	Waveform 1	1	25386.228770369	25386.991480682	91.0	187.7
476	Spectrogram 1	1	25386.228770369	25386.991480682	91.0	187.7
477	Waveform 1	1	25425.779647224	25427.516931825	31.1	130.1
477	Spectrogram 1	1	25425.779647224	25427.516931825	31.1	130.1
478	Waveform 1	1	25448.288130938	25450.067788334	40.3	120.9
478	Spectrogram 1	1	25448.288130938	25450.067788334	40.3	120.9
479	Waveform 1	1	25622.957596687	25624.377085325	84.1	208.5
479	Spectrogram 1	1	25622.957596687	25624.377085325	84.1	208.5
480	Waveform 1	1	25640.063549020	25641.737274429	63.3	141.7
480	Spectrogram 1	1	25640.063549020	25641.737274429	63.3	141.7
481	Waveform 1	1	25938.483007140	25939.436395031	91.0	164.7
481	Spectrogram 1	1	25938.483007140	25939.436395031	91.0	164.7
482	Waveform 1	1	25952.093203873	25952.813541391	86.4	155.5
482	Spectrogram 1	1	25952.093203873	25952.813541391	86.4	155.5
483	Waveform 1	1	25970.249946594	25970.821979329	93.3	162.4
483	Spectrogram 1	1	25970.249946594	25970.821979329	93.3	162.4
484	Waveform 1	1	26133.788085162	26135.249946594	61.0	162.4
484	Spectrogram 1	1	26133.788085162	26135.249946594	61.0	162.4
485	Waveform 1	1	26146.550825992	26147.885569039	91.0	171.6
485	Spectrogram 1	1	26146.550825992	26147.885569039	91.0	171.6
486	Waveform 1	1	26173.677944377	26175.288110593	79.4	201.6
486	Spectrogram 1	1	26173.677944377	26175.288110593	79.4	201.6
487	Waveform 1	1	26183.593178442	26184.800803104	100.2	185.4
487	Spectrogram 1	1	26183.593178442	26184.800803104	100.2	185.4
488	Waveform 1	1	26197.033883995	26198.368627042	79.4	190.0
488	Spectrogram 1	1	26197.033883995	26198.368627042	79.4	190.0
489	Waveform 1	1	26215.169440318	26216.313505787	91.0	192.3
489	Spectrogram 1	1	26215.169440318	26216.313505787	91.0	192.3
490	Waveform 1	1	26230.516921652	26231.533868736	88.7	180.8
490	Spectrogram 1	1	26230.516921652	26231.533868736	88.7	180.8
491	Waveform 1	1	26460.122868899	26460.822020019	107.1	220.0
491	Spectrogram 1	1	26460.122868899	26460.822020019	107.1	220.0
492	Waveform 1	1	26481.351639268	26481.944858400	123.2	210.8
492	Spectrogram 1	1	26481.351639268	26481.944858400	123.2	210.8
493	Waveform 1	1	26529.707589058	26530.406740178	100.2	187.7
493	Spectrogram 1	1	26529.707589058	26530.406740178	100.2	187.7
494	Waveform 1	1	26715.953357373	26716.483017313	104.8	173.9
494	Spectrogram 1	1	26715.953357373	26716.483017313	104.8	173.9
495	Waveform 1	1	26850.296579048	26850.699120602	127.8	187.7
495	Spectrogram 1	1	26850.296579048	26850.699120602	127.8	187.7
496	Waveform 1	1	26872.762689968	26873.483027485	84.1	137.0
496	Spectrogram 1	1	26872.762689968	26873.483027485	84.1	137.0
497	Waveform 1	1	26880.813521046	26881.321994588	97.9	171.6
497	Spectrogram 1	1	26880.813521046	26881.321994588	97.9	171.6
498	Waveform 1	1	26991.864362296	26992.394022236	118.6	164.7
498	Spectrogram 1	1	26991.864362296	26992.394022236	118.6	164.7
499	Waveform 1	1	27036.139805810	27036.627092954	107.1	176.2
499	Spectrogram 1	1	27036.139805810	27036.627092954	107.1	176.2
500	Waveform 1	1	27175.699130775	27176.716077858	91.0	210.8
500	Spectrogram 1	1	27175.699130775	27176.716077858	91.0	210.8
501	Waveform 1	1	27194.499994914	27195.220332431	95.6	178.5
501	Spectrogram 1	1	27194.499994914	27195.220332431	95.6	178.5
502	Waveform 1	1	27211.555044961	27212.317755274	111.7	164.7
502	Spectrogram 1	1	27211.555044961	27212.317755274	111.7	164.7
503	Waveform 1	1	27266.381314466	27266.889788008	67.9	132.4
503	Spectrogram 1	1	27266.381314466	27266.889788008	67.9	132.4
504	Waveform 1	1	27347.444873659	27348.186397574	125.5	201.6
504	Spectrogram 1	1	27347.444873659	27348.186397574	125.5	201.6
505	Waveform 1	1	27636.838956930	27637.644040038	100.2	185.4
505	Spectrogram 1	1	27636.838956930	27637.644040038	100.2	185.4
506	Waveform 1	1	27650.716047341	27651.182148087	91.0	173.9
506	Spectrogram 1	1	27650.716047341	27651.182148087	91.0	173.9
507	Waveform 1	1	27664.241498484	27665.194886375	65.6	132.4
507	Spectrogram 1	1	27664.241498484	27665.194886375	65.6	132.4
508	Waveform 1	1	27698.974533598	27699.800803104	70.2	173.9
508	Spectrogram 1	1	27698.974533598	27699.800803104	70.2	173.9
509	Waveform 1	1	27816.326264419	27817.152533925	111.7	199.3
509	Spectrogram 1	1	27816.326264419	27817.152533925	111.7	199.3
510	Waveform 1	1	27949.038133481	27949.631352613	111.7	180.8
510	Spectrogram 1	1	27949.038133481	27949.631352613	111.7	180.8
511	Waveform 1	1	27979.766939454	27980.699140947	104.8	192.3
511	Spectrogram 1	1	27979.766939454	27980.699140947	104.8	192.3
512	Waveform 1	1	28077.016906393	28077.737243911	102.5	194.7
512	Spectrogram 1	1	28077.016906393	28077.737243911	102.5	194.7
513	Waveform 1	1	28203.033873822	28203.902516123	95.6	197.0
513	Spectrogram 1	1	28203.033873822	28203.902516123	95.6	197.0
514	Waveform 1	1	28460.482996968	28461.860112810	81.7	217.7
514	Spectrogram 1	1	28460.482996968	28461.860112810	81.7	217.7
515	Waveform 1	1	28550.156763066	28550.877100584	97.9	148.6
515	Spectrogram 1	1	28550.156763066	28550.877100584	97.9	148.6
516	Waveform 1	1	28579.402521209	28580.249977112	86.4	171.6
516	Spectrogram 1	1	28579.402521209	28580.249977112	86.4	171.6
517	Waveform 1	1	28601.084735418	28601.614395357	109.4	171.6
517	Spectrogram 1	1	28601.084735418	28601.614395357	109.4	171.6
518	Waveform 1	1	28747.207594144	28747.927931662	86.4	155.5
518	Spectrogram 1	1	28747.207594144	28747.927931662	86.4	155.5
519	Waveform 1	1	28871.334722702	28872.076246617	81.7	173.9
519	Spectrogram 1	1	28871.334722702	28872.076246617	81.7	173.9
520	Waveform 1	1	29063.427936748	29064.254206253	114.0	199.3
520	Spectrogram 1	1	29063.427936748	29064.254206253	114.0	199.3
521	Waveform 1	1	29284.152503407	29284.788095334	107.1	169.3
521	Spectrogram 1	1	29284.152503407	29284.788095334	107.1	169.3
522	Waveform 1	1	29396.957596687	29397.720307000	91.0	169.3
522	Spectrogram 1	1	29396.957596687	29397.720307000	91.0	169.3
523	Waveform 1	1	29516.821979329	29517.351639268	111.7	192.3
523	Spectrogram 1	1	29516.821979329	29517.351639268	111.7	192.3
524	Waveform 1	1	29544.330452871	29544.902485605	116.3	171.6
524	Spectrogram 1	1	29544.330452871	29544.902485605	116.3	171.6
525	Waveform 1	1	29570.101641811	29570.843165726	88.7	185.4
525	Spectrogram 1	1	29570.101641811	29570.843165726	88.7	185.4
526	Waveform 1	1	29582.694891461	29583.627092954	100.2	169.3
526	Spectrogram 1	1	29582.694891461	29583.627092954	100.2	169.3
527	Waveform 1	1	29588.372846011	29589.071997131	114.0	192.3
527	Spectrogram 1	1	29588.372846011	29589.071997131	114.0	192.3
528	Waveform 1	1	29620.542327019	29621.792324476	116.3	187.7
528	Spectrogram 1	1	29620.542327019	29621.792324476	116.3	187.7
529	Waveform 1	1	29633.961846174	29634.894047667	123.2	167.0
529	Spectrogram 1	1	29633.961846174	29634.894047667	123.2	167.0
530	Waveform 1	1	29640.635561410	29641.313526132	114.0	164.7
530	Spectrogram 1	1	29640.635561410	29641.313526132	114.0	164.7
531	Waveform 1	1	29797.635571582	29798.292349907	111.7	176.2
531	Spectrogram 1	1	29797.635571582	29798.292349907	111.7	176.2
532	Waveform 1	1	29899.957617032	29901.355919272	97.9	150.9
532	Spectrogram 1	1	29899.957617032	29901.355919272	97.9	150.9
533	Waveform 1	1	29914.258435395	29915.571992044	70.2	130.1
533	Spectrogram 1	1	29914.258435395	29915.571992044	70.2	130.1
534	Waveform 1	1	29937.190647061	29938.694881288	61.0	139.4
534	Spectrogram 1	1	29937.190647061	29938.694881288	61.0	139.4
535	Waveform 1	1	29984.135576668	29984.919473379	114.0	176.2
535	Spectrogram 1	1	29984.135576668	29984.919473379	114.0	176.2
536	Waveform 1	1	30039.682183691	30040.190657233	130.1	185.4
536	Spectrogram 1	1	30039.682183691	30040.190657233	130.1	185.4
537	Waveform 1	1	30057.923672003	30058.728755110	104.8	173.9
537	Spectrogram 1	1	30057.923672003	30058.728755110	104.8	173.9
538	Waveform 1	1	30156.071997131	30156.813521046	120.9	171.6
538	Spectrogram 1	1	30156.071997131	30156.813521046	120.9	171.6
539	Waveform 1	1	30233.936410290	30235.080475759	114.0	173.9
539	Spectrogram 1	1	30233.936410290	30235.080475759	114.0	173.9
540	Waveform 1	1	30258.309296991	30258.923702520	120.9	183.1
540	Spectrogram 1	1	30258.309296991	30258.923702520	120.9	183.1
541	Waveform 1	1	30295.097412670	30295.838936585	116.3	187.7
541	Spectrogram 1	1	30295.097412670	30295.838936585	116.3	187.7
542	Waveform 1	1	30300.309266473	30301.093163183	72.5	185.4
542	Spectrogram 1	1	30300.309266473	30301.093163183	72.5	185.4
543	Waveform 1	1	30310.826249160	30312.288110593	88.7	171.6
543	Spectrogram 1	1	30310.826249160	30312.288110593	88.7	171.6
544	Waveform 1	1	30316.906745264	30317.330473216	102.5	171.6
544	Spectrogram 1	1	30316.906745264	30317.330473216	102.5	171.6
545	Waveform 1	1	30332.169481008	30333.906765609	91.0	180.8
545	Spectrogram 1	1	30332.169481008	30333.906765609	91.0	180.8
546	Waveform 1	1	30357.538128395	30358.894057840	61.0	139.4
546	Spectrogram 1	1	30357.538128395	30358.894057840	61.0	139.4
547	Waveform 1	1	30374.741483225	30375.800803104	107.1	169.3
547	Spectrogram 1	1	30374.741483225	30375.800803104	107.1	169.3
548	Waveform 1	1	30381.033843304	30382.241467966	79.4	173.9
548	Spectrogram 1	1	30381.033843304	30382.241467966	79.4	173.9
549	Waveform 1	1	30573.877110756	30574.766939454	104.8	180.8
549	Spectrogram 1	1	30573.877110756	30574.766939454	104.8	180.8
550	Waveform 1	1	30595.953337028	30597.097402497	72.5	183.1
550	Spectrogram 1	1	30595.953337028	30597.097402497	72.5	183.1
551	Waveform 1	1	30621.449102800	30622.296558703	123.2	206.2
551	Spectrogram 1	1	30621.449102800	30622.296558703	123.2	206.2
552	Waveform 1	1	30639.783866193	30640.292339734	114.0	160.1
552	Spectrogram 1	1	30639.783866193	30640.292339734	114.0	160.1
553	Waveform 1	1	30666.042342278	30667.377085325	91.0	155.5
553	Spectrogram 1	1	30666.042342278	30667.377085325	91.0	155.5
554	Waveform 1	1	30675.343170813	30676.063508330	114.0	171.6
554	Spectrogram 1	1	30675.343170813	30676.063508330	114.0	171.6
555	Waveform 1	1	30692.173699977	30693.572002217	93.3	169.3
555	Spectrogram 1	1	30692.173699977	30693.572002217	93.3	169.3
556	Waveform 1	1	30729.004188451	30730.021135535	77.1	169.3
556	Spectrogram 1	1	30729.004188451	30730.021135535	77.1	169.3
557	Waveform 1	1	30774.677934205	30775.588949300	77.1	127.8
557	Spectrogram 1	1	30774.677934205	30775.588949300	77.1	127.8
558	Waveform 1	1	30795.025405367	30796.296589221	95.6	167.0
558	Spectrogram 1	1	30795.025405367	30796.296589221	95.6	167.0
559	Waveform 1	1	30808.902495778	30809.813510873	107.1	190.0
559	Spectrogram 1	1	30808.902495778	30809.813510873	107.1	190.0
560	Waveform 1	1	30849.152523752	30850.042352450	104.8	164.7
560	Spectrogram 1	1	30849.152523752	30850.042352450	104.8	164.7
561	Waveform 1	1	30866.525369763	30867.351639268	107.1	176.2
561	Spectrogram 1	1	30866.525369763	30867.351639268	107.1	176.2
562	Waveform 1	1	30895.410959147	30896.173669459	116.3	180.8
562	Spectrogram 1	1	30895.410959147	30896.173669459	116.3	180.8
563	Waveform 1	1	30915.165211176	30916.055039875	109.4	173.9
563	Spectrogram 1	1	30915.165211176	30916.055039875	109.4	173.9
564	Waveform 1	1	30940.152503407	30940.999959310	107.1	176.2
564	Spectrogram 1	1	30940.152503407	30940.999959310	107.1	176.2
565	Waveform 1	1	30974.885538521	30975.478757654	107.1	176.2
565	Spectrogram 1	1	30974.885538521	30975.478757654	107.1	176.2
566	Waveform 1	1	30999.385543608	30999.999949137	95.6	171.6
566	Spectrogram 1	1	30999.385543608	30999.999949137	95.6	171.6
567	Waveform 1	1	31074.372856183	31075.749972026	77.1	226.9
567	Spectrogram 1	1	31074.372856183	31075.749972026	77.1	226.9
568	Waveform 1	1	31130.491495941	31131.953357373	72.5	160.1
568	Spectrogram 1	1	31130.491495941	31131.953357373	72.5	160.1
569	Waveform 1	1	31147.682193864	31148.487276972	114.0	176.2
569	Spectrogram 1	1	31147.682193864	31148.487276972	114.0	176.2
570	Waveform 1	1	31170.224520883	31171.686382315	79.4	197.0
570	Spectrogram 1	1	31170.224520883	31171.686382315	79.4	197.0
571	Waveform 1	1	31197.923672003	31199.216042255	54.1	141.7
571	Spectrogram 1	1	31197.923672003	31199.216042255	54.1	141.7
572	Waveform 1	1	31210.983022399	31211.576241531	102.5	178.5
572	Spectrogram 1	1	31210.983022399	31211.576241531	102.5	178.5
573	Waveform 1	1	31225.567793420	31227.432196407	51.8	146.3
573	Spectrogram 1	1	31225.567793420	31227.432196407	51.8	146.3
574	Waveform 1	1	31253.033894167	31254.516941997	72.5	134.7
574	Spectrogram 1	1	31253.033894167	31254.516941997	72.5	134.7
575	Waveform 1	1	31262.101672329	31262.737264256	120.9	173.9
575	Spectrogram 1	1	31262.101672329	31262.737264256	120.9	173.9
576	Waveform 1	1	31287.470319716	31288.211843631	116.3	171.6
576	Spectrogram 1	1	31287.470319716	31288.211843631	116.3	171.6
577	Waveform 1	1	31302.216052427	31302.957576342	123.2	169.3
577	Spectrogram 1	1	31302.216052427	31302.957576342	123.2	169.3
578	Waveform 1	1	31310.360158586	31311.059309706	111.7	169.3
578	Spectrogram 1	1	31310.360158586	31311.059309706	111.7	169.3
579	Waveform 1	1	31331.716047341	31332.415198461	123.2	199.3
579	Spectrogram 1	1	31331.716047341	31332.415198461	123.2	199.3
580	Waveform 1	1	31344.309296991	31345.072007303	109.4	187.7
580	Spectrogram 1	1	31344.309296991	31345.072007303	109.4	187.7
581	Waveform 1	1	31387.410959147	31387.961805484	130.1	197.0
581	Spectrogram 1	1	31387.410959147	31387.961805484	130.1	197.0
582	Waveform 1	1	31393.139815982	31393.860153500	107.1	178.5
582	Spectrogram 1	1	31393.139815982	31393.860153500	107.1	178.5
583	Waveform 1	1	31434.716057513	31435.224531055	79.4	185.4
583	Spectrogram 1	1	31434.716057513	31435.224531055	79.4	185.4
584	Waveform 1	1	31445.974564116	31446.906765609	91.0	167.0
584	Spectrogram 1	1	31445.974564116	31446.906765609	91.0	167.0
585	Waveform 1	1	31475.771168596	31476.512692511	120.9	183.1
585	Spectrogram 1	1	31475.771168596	31476.512692511	120.9	183.1
586	Waveform 1	1	31492.974523426	31493.694860943	125.5	173.9
586	Spectrogram 1	1	31492.974523426	31493.694860943	125.5	173.9
587	Waveform 1	1	31531.169470836	31531.974553943	114.0	171.6
587	Spectrogram 1	1	31531.169470836	31531.974553943	114.0	171.6
588	Waveform 1	1	31536.190647061	31537.504203710	61.0	141.7
588	Spectrogram 1	1	31536.190647061	31537.504203710	61.0	141.7
589	Waveform 1	1	31548.732994424	31549.474518340	111.7	210.8
589	Spectrogram 1	1	31548.732994424	31549.474518340	111.7	210.8
590	Waveform 1	1	31563.211833458	31564.758440481	65.6	148.6
590	Spectrogram 1	1	31563.211833458	31564.758440481	65.6	148.6
591	Waveform 1	1	31592.478777999	31593.050810733	107.1	180.8
591	Spectrogram 1	1	31592.478777999	31593.050810733	107.1	180.8
592	Waveform 1	1	31597.076226272	31598.177918946	79.4	197.0
592	Spectrogram 1	1	31597.076226272	31598.177918946	79.4	197.0
593	Waveform 1	1	31610.453372632	31611.364387728	84.1	130.1
593	Spectrogram 1	1	31610.453372632	31611.364387728	84.1	130.1
594	Waveform 1	1	31617.211833458	31618.059289361	70.2	123.2
594	Spectrogram 1	1	31617.211833458	31618.059289361	70.2	123.2
595	Waveform 1	1	31622.042332105	31622.699110430	132.4	185.4
595	Spectrogram 1	1	31622.042332105	31622.699110430	132.4	185.4
596	Waveform 1	1	31635.885579212	31636.838967102	88.7	176.2
596	Spectrogram 1	1	31635.885579212	31636.838967102	88.7	176.2
597	Waveform 1	1	31642.432176062	31643.279631965	70.2	134.7
597	Spectrogram 1	1	31642.432176062	31643.279631965	70.2	134.7
598	Waveform 1	1	31650.800803104	31651.436395031	116.3	178.5
598	Spectrogram 1	1	31650.800803104	31651.436395031	116.3	178.5
599	Waveform 1	1	31682.271132992	31683.160961690	100.2	178.5
599	Spectrogram 1	1	31682.271132992	31683.160961690	100.2	178.5
600	Waveform 1	1	31696.368616869	31696.940649604	107.1	169.3
600	Spectrogram 1	1	31696.368616869	31696.940649604	107.1	169.3
601	Waveform 1	1	31708.211813113	31708.805032245	116.3	171.6
601	Spectrogram 1	1	31708.211813113	31708.805032245	116.3	171.6
603	Waveform 1	1	31855.868621955	31856.779637051	104.8	157.8
603	Spectrogram 1	1	31855.868621955	31856.779637051	104.8	157.8
604	Waveform 1	1	31869.025374849	31870.487236282	58.7	155.5
604	Spectrogram 1	1	31869.025374849	31870.487236282	58.7	155.5
605	Waveform 1	1	31943.605896384	31944.622843468	86.4	180.8
605	Spectrogram 1	1	31943.605896384	31944.622843468	86.4	180.8
606	Waveform 1	1	31973.127077695	31974.144024779	81.7	169.3
606	Spectrogram 1	1	31973.127077695	31974.144024779	81.7	169.3
607	Waveform 1	1	32100.754211340	32101.686412833	109.4	192.3
607	Spectrogram 1	1	32100.754211340	32101.686412833	109.4	192.3
608	Waveform 1	1	32134.915213720	32135.677924032	97.9	183.1
608	Spectrogram 1	1	32134.915213720	32135.677924032	97.9	183.1
609	Waveform 1	1	32267.292349907	32268.394042581	74.8	167.0
609	Spectrogram 1	1	32267.292349907	32268.394042581	74.8	167.0
