Selection	View	Channel	Begin Time (s)	End Time (s)	Low Freq (Hz)	High Freq (Hz)	File Offset (s)	Begin File	Mooring
1	Waveform 1	1	33.302905604	35.187134390	37.8	475.1	33.303	AU-BS02a_20120619_151345.wav	BS12_AU_02a
1	Spectrogram 1	1	33.302905604	35.187134390	37.8	475.1	33.303	AU-BS02a_20120619_151345.wav	BS12_AU_02a
2	Waveform 1	1	329.045611803	330.375462976	59.9	298.2	104.046	AU-BS02a_20120621_080000.wav	BS12_AU_02a
2	Spectrogram 1	1	329.045611803	330.375462976	59.9	298.2	104.046	AU-BS02a_20120621_080000.wav	BS12_AU_02a
3	Waveform 1	1	475.779592740	478.009049118	15.7	816.7	25.780	AU-BS02a_20120630_071000.wav	BS12_AU_02a
3	Spectrogram 1	1	475.779592740	478.009049118	15.7	816.7	25.780	AU-BS02a_20120630_071000.wav	BS12_AU_02a
4	Waveform 1	1	683.409353005	685.756149193	13.2	644.7	8.409	AU-BS02a_20120630_071730.wav	BS12_AU_02a
4	Spectrogram 1	1	683.409353005	685.756149193	13.2	644.7	8.409	AU-BS02a_20120630_071730.wav	BS12_AU_02a
5	Waveform 1	1	974.972608504	977.202064882	12.3	805.9	149.973	AU-BS02a_20120630_072000.wav	BS12_AU_02a
5	Spectrogram 1	1	974.972608504	977.202064882	12.3	805.9	149.973	AU-BS02a_20120630_072000.wav	BS12_AU_02a
6	Waveform 1	1	1044.657029690	1047.042939148	9.8	801.0	219.657	AU-BS02a_20120630_072000.wav	BS12_AU_02a
6	Spectrogram 1	1	1044.657029690	1047.042939148	9.8	801.0	219.657	AU-BS02a_20120630_072000.wav	BS12_AU_02a
7	Waveform 1	1	1157.076829177	1158.797813047	56.5	407.9	107.077	AU-BS02a_20120701_230000.wav	BS12_AU_02a
7	Spectrogram 1	1	1157.076829177	1158.797813047	56.5	407.9	107.077	AU-BS02a_20120701_230000.wav	BS12_AU_02a
8	Waveform 1	1	1191.872213709	1193.475857771	31.9	688.0	141.872	AU-BS02a_20120701_230000.wav	BS12_AU_02a
8	Spectrogram 1	1	1191.872213709	1193.475857771	31.9	688.0	141.872	AU-BS02a_20120701_230000.wav	BS12_AU_02a
9	Waveform 1	1	1305.348071480	1306.677922653	78.6	535.6	30.348	AU-BS02a_20120702_040730.wav	BS12_AU_02a
9	Spectrogram 1	1	1305.348071480	1306.677922653	78.6	535.6	30.348	AU-BS02a_20120702_040730.wav	BS12_AU_02a
10	Waveform 1	1	1737.778317448	1738.482356304	71.3	275.2	87.778	AU-BS02a_20120709_053000.wav	BS12_AU_02a
10	Spectrogram 1	1	1737.778317448	1738.482356304	71.3	275.2	87.778	AU-BS02a_20120709_053000.wav	BS12_AU_02a
11	Waveform 1	1	1750.411903590	1750.998602637	95.8	670.8	100.412	AU-BS02a_20120709_053000.wav	BS12_AU_02a
11	Spectrogram 1	1	1750.411903590	1750.998602637	95.8	670.8	100.412	AU-BS02a_20120709_053000.wav	BS12_AU_02a
12	Waveform 1	1	1756.581574958	1757.637633243	86.0	975.4	106.582	AU-BS02a_20120709_053000.wav	BS12_AU_02a
12	Spectrogram 1	1	1756.581574958	1757.637633243	86.0	975.4	106.582	AU-BS02a_20120709_053000.wav	BS12_AU_02a
13	Waveform 1	1	2066.680572390	2067.971310294	49.1	282.6	191.681	AU-BS02a_20120709_060000.wav	BS12_AU_02a
13	Spectrogram 1	1	2066.680572390	2067.971310294	49.1	282.6	191.681	AU-BS02a_20120709_060000.wav	BS12_AU_02a
14	Waveform 1	1	2073.056035366	2074.033867111	68.8	452.1	198.056	AU-BS02a_20120709_060000.wav	BS12_AU_02a
14	Spectrogram 1	1	2073.056035366	2074.033867111	68.8	452.1	198.056	AU-BS02a_20120709_060000.wav	BS12_AU_02a
15	Waveform 1	1	2079.509724882	2080.448443357	61.4	520.9	204.510	AU-BS02a_20120709_060000.wav	BS12_AU_02a
15	Spectrogram 1	1	2079.509724882	2080.448443357	61.4	520.9	204.510	AU-BS02a_20120709_060000.wav	BS12_AU_02a
16	Waveform 1	1	2094.971310294	2095.988255308	61.4	265.4	219.971	AU-BS02a_20120709_060000.wav	BS12_AU_02a
16	Spectrogram 1	1	2094.971310294	2095.988255308	61.4	265.4	219.971	AU-BS02a_20120709_060000.wav	BS12_AU_02a
17	Waveform 1	1	2210.872190791	2212.123815425	49.1	314.5	110.872	AU-BS02a_20120709_061000.wav	BS12_AU_02a
17	Spectrogram 1	1	2210.872190791	2212.123815425	49.1	314.5	110.872	AU-BS02a_20120709_061000.wav	BS12_AU_02a
18	Waveform 1	1	2217.052087418	2218.069032433	39.3	336.6	117.052	AU-BS02a_20120709_061000.wav	BS12_AU_02a
18	Spectrogram 1	1	2217.052087418	2218.069032433	39.3	336.6	117.052	AU-BS02a_20120709_061000.wav	BS12_AU_02a
19	Waveform 1	1	2219.762746878	2221.209937860	114.2	719.4	119.763	AU-BS02a_20120709_061000.wav	BS12_AU_02a
19	Spectrogram 1	1	2219.762746878	2221.209937860	114.2	719.4	119.763	AU-BS02a_20120709_061000.wav	BS12_AU_02a
20	Waveform 1	1	2223.322054429	2224.456339253	126.3	559.1	123.322	AU-BS02a_20120709_061000.wav	BS12_AU_02a
20	Spectrogram 1	1	2223.322054429	2224.456339253	126.3	559.1	123.322	AU-BS02a_20120709_061000.wav	BS12_AU_02a
21	Waveform 1	1	2237.441944824	2238.576229648	110.2	605.2	137.442	AU-BS02a_20120709_061000.wav	BS12_AU_02a
21	Spectrogram 1	1	2237.441944824	2238.576229648	110.2	605.2	137.442	AU-BS02a_20120709_061000.wav	BS12_AU_02a
22	Waveform 1	1	2250.603621143	2251.659679428	75.9	639.9	150.604	AU-BS02a_20120709_061000.wav	BS12_AU_02a
22	Spectrogram 1	1	2250.603621143	2251.659679428	75.9	639.9	150.604	AU-BS02a_20120709_061000.wav	BS12_AU_02a
23	Waveform 1	1	2253.693569457	2254.827854281	104.1	338.4	153.694	AU-BS02a_20120709_061000.wav	BS12_AU_02a
23	Spectrogram 1	1	2253.693569457	2254.827854281	104.1	338.4	153.694	AU-BS02a_20120709_061000.wav	BS12_AU_02a
24	Waveform 1	1	2268.724908901	2269.428947757	149.7	410.0	168.725	AU-BS02a_20120709_061000.wav	BS12_AU_02a
24	Spectrogram 1	1	2268.724908901	2269.428947757	149.7	410.0	168.725	AU-BS02a_20120709_061000.wav	BS12_AU_02a
25	Waveform 1	1	2271.736630675	2272.597122610	97.6	368.8	171.737	AU-BS02a_20120709_061000.wav	BS12_AU_02a
25	Spectrogram 1	1	2271.736630675	2272.597122610	97.6	368.8	171.737	AU-BS02a_20120709_061000.wav	BS12_AU_02a
26	Waveform 1	1	2286.885309928	2288.488953990	91.1	310.2	186.885	AU-BS02a_20120709_061000.wav	BS12_AU_02a
26	Spectrogram 1	1	2286.885309928	2288.488953990	91.1	310.2	186.885	AU-BS02a_20120709_061000.wav	BS12_AU_02a
27	Waveform 1	1	2289.975258242	2290.835750177	80.3	377.4	189.975	AU-BS02a_20120709_061000.wav	BS12_AU_02a
27	Spectrogram 1	1	2289.975258242	2290.835750177	80.3	377.4	189.975	AU-BS02a_20120709_061000.wav	BS12_AU_02a
28	Waveform 1	1	2330.977808827	2331.720960953	130.2	579.2	5.978	AU-BS02a_20120710_071000.wav	BS12_AU_02a
28	Spectrogram 1	1	2330.977808827	2331.720960953	130.2	579.2	5.978	AU-BS02a_20120710_071000.wav	BS12_AU_02a
29	Waveform 1	1	2334.302436759	2335.475834853	97.6	514.1	9.302	AU-BS02a_20120710_071000.wav	BS12_AU_02a
29	Spectrogram 1	1	2334.302436759	2335.475834853	97.6	514.1	9.302	AU-BS02a_20120710_071000.wav	BS12_AU_02a
30	Waveform 1	1	2349.920475250	2350.663627376	86.8	561.8	24.921	AU-BS02a_20120710_071000.wav	BS12_AU_02a
30	Spectrogram 1	1	2349.920475250	2350.663627376	86.8	561.8	24.921	AU-BS02a_20120710_071000.wav	BS12_AU_02a
31	Waveform 1	1	2353.205989912	2354.222934927	108.5	613.9	28.206	AU-BS02a_20120710_071000.wav	BS12_AU_02a
31	Spectrogram 1	1	2353.205989912	2354.222934927	108.5	613.9	28.206	AU-BS02a_20120710_071000.wav	BS12_AU_02a
32	Waveform 1	1	2369.097821292	2369.958313227	86.8	872.0	44.098	AU-BS02a_20120710_071000.wav	BS12_AU_02a
32	Spectrogram 1	1	2369.097821292	2369.958313227	86.8	872.0	44.098	AU-BS02a_20120710_071000.wav	BS12_AU_02a
33	Waveform 1	1	2372.226882875	2374.104319825	91.1	683.3	47.227	AU-BS02a_20120710_071000.wav	BS12_AU_02a
33	Spectrogram 1	1	2372.226882875	2374.104319825	91.1	683.3	47.227	AU-BS02a_20120710_071000.wav	BS12_AU_02a
34	Waveform 1	1	2388.732682727	2389.475834853	173.5	644.3	63.733	AU-BS02a_20120710_071000.wav	BS12_AU_02a
34	Spectrogram 1	1	2388.732682727	2389.475834853	173.5	644.3	63.733	AU-BS02a_20120710_071000.wav	BS12_AU_02a
35	Waveform 1	1	2391.900857580	2392.722236245	199.6	720.2	66.901	AU-BS02a_20120710_071000.wav	BS12_AU_02a
35	Spectrogram 1	1	2391.900857580	2392.722236245	199.6	720.2	66.901	AU-BS02a_20120710_071000.wav	BS12_AU_02a
36	Waveform 1	1	2408.418501276	2409.396333021	88.9	633.4	83.418	AU-BS02a_20120710_071000.wav	BS12_AU_02a
36	Spectrogram 1	1	2408.418501276	2409.396333021	88.9	633.4	83.418	AU-BS02a_20120710_071000.wav	BS12_AU_02a
37	Waveform 1	1	2411.860469017	2412.799187492	73.8	713.7	86.860	AU-BS02a_20120710_071000.wav	BS12_AU_02a
37	Spectrogram 1	1	2411.860469017	2412.799187492	73.8	713.7	86.860	AU-BS02a_20120710_071000.wav	BS12_AU_02a
38	Waveform 1	1	2428.769245411	2429.590624077	106.3	574.8	103.769	AU-BS02a_20120710_071000.wav	BS12_AU_02a
38	Spectrogram 1	1	2428.769245411	2429.590624077	106.3	574.8	103.769	AU-BS02a_20120710_071000.wav	BS12_AU_02a
39	Waveform 1	1	2432.093873344	2433.462837786	80.3	559.7	107.094	AU-BS02a_20120710_071000.wav	BS12_AU_02a
39	Spectrogram 1	1	2432.093873344	2433.462837786	80.3	559.7	107.094	AU-BS02a_20120710_071000.wav	BS12_AU_02a
40	Waveform 1	1	2520.787343648	2523.212366375	30.4	379.6	195.787	AU-BS02a_20120710_071000.wav	BS12_AU_02a
40	Spectrogram 1	1	2520.787343648	2523.212366375	30.4	379.6	195.787	AU-BS02a_20120710_071000.wav	BS12_AU_02a
41	Waveform 1	1	2527.201919894	2528.766450686	41.2	377.4	202.202	AU-BS02a_20120710_071000.wav	BS12_AU_02a
41	Spectrogram 1	1	2527.201919894	2528.766450686	41.2	377.4	202.202	AU-BS02a_20120710_071000.wav	BS12_AU_02a
42	Waveform 1	1	2530.604774366	2531.699945920	52.1	331.9	205.605	AU-BS02a_20120710_071000.wav	BS12_AU_02a
42	Spectrogram 1	1	2530.604774366	2531.699945920	52.1	331.9	205.605	AU-BS02a_20120710_071000.wav	BS12_AU_02a
43	Waveform 1	1	2533.980359412	2535.349323855	26.0	193.1	208.980	AU-BS02a_20120710_071000.wav	BS12_AU_02a
43	Spectrogram 1	1	2533.980359412	2535.349323855	26.0	193.1	208.980	AU-BS02a_20120710_071000.wav	BS12_AU_02a
44	Waveform 1	1	2549.938573487	2551.659557357	47.7	208.2	224.939	AU-BS02a_20120710_071000.wav	BS12_AU_02a
44	Spectrogram 1	1	2549.938573487	2551.659557357	47.7	208.2	224.939	AU-BS02a_20120710_071000.wav	BS12_AU_02a
45	Waveform 1	1	2564.735233312	2565.517498708	119.3	594.4	14.735	AU-BS02a_20120710_071345.wav	BS12_AU_02a
45	Spectrogram 1	1	2564.735233312	2565.517498708	119.3	594.4	14.735	AU-BS02a_20120710_071345.wav	BS12_AU_02a
46	Waveform 1	1	2567.903408165	2569.037692989	86.8	603.0	17.903	AU-BS02a_20120710_071345.wav	BS12_AU_02a
46	Spectrogram 1	1	2567.903408165	2569.037692989	86.8	603.0	17.903	AU-BS02a_20120710_071345.wav	BS12_AU_02a
47	Waveform 1	1	2583.431376272	2584.487434556	141.0	566.2	33.431	AU-BS02a_20120710_071345.wav	BS12_AU_02a
47	Spectrogram 1	1	2583.431376272	2584.487434556	141.0	566.2	33.431	AU-BS02a_20120710_071345.wav	BS12_AU_02a
48	Waveform 1	1	2586.521324585	2587.499156330	130.2	629.1	36.521	AU-BS02a_20120710_071345.wav	BS12_AU_02a
48	Spectrogram 1	1	2586.521324585	2587.499156330	130.2	629.1	36.521	AU-BS02a_20120710_071345.wav	BS12_AU_02a
49	Waveform 1	1	2603.273647900	2604.173253105	110.6	605.2	53.274	AU-BS02a_20120710_071345.wav	BS12_AU_02a
49	Spectrogram 1	1	2603.273647900	2604.173253105	110.6	605.2	53.274	AU-BS02a_20120710_071345.wav	BS12_AU_02a
50	Waveform 1	1	2606.520049293	2607.224088149	136.7	544.5	56.520	AU-BS02a_20120710_071345.wav	BS12_AU_02a
50	Spectrogram 1	1	2606.520049293	2607.224088149	136.7	544.5	56.520	AU-BS02a_20120710_071345.wav	BS12_AU_02a
51	Waveform 1	1	2622.333654133	2623.233259338	125.8	605.2	72.334	AU-BS02a_20120710_071345.wav	BS12_AU_02a
51	Spectrogram 1	1	2622.333654133	2623.233259338	125.8	605.2	72.334	AU-BS02a_20120710_071345.wav	BS12_AU_02a
52	Waveform 1	1	2625.775621874	2626.636113810	121.5	564.0	75.776	AU-BS02a_20120710_071345.wav	BS12_AU_02a
52	Spectrogram 1	1	2625.775621874	2626.636113810	121.5	564.0	75.776	AU-BS02a_20120710_071345.wav	BS12_AU_02a
53	Waveform 1	1	2642.254152300	2643.153757506	136.7	442.5	92.254	AU-BS02a_20120710_071345.wav	BS12_AU_02a
53	Spectrogram 1	1	2642.254152300	2643.153757506	136.7	442.5	92.254	AU-BS02a_20120710_071345.wav	BS12_AU_02a
54	Waveform 1	1	2645.422327154	2646.400158898	104.1	557.5	95.422	AU-BS02a_20120710_071345.wav	BS12_AU_02a
54	Spectrogram 1	1	2645.422327154	2646.400158898	104.1	557.5	95.422	AU-BS02a_20120710_071345.wav	BS12_AU_02a
55	Waveform 1	1	2662.905958750	2663.766450686	138.8	546.6	112.906	AU-BS02a_20120710_071345.wav	BS12_AU_02a
55	Spectrogram 1	1	2662.905958750	2663.766450686	138.8	546.6	112.906	AU-BS02a_20120710_071345.wav	BS12_AU_02a
56	Waveform 1	1	2665.995907064	2666.934625539	151.8	538.0	115.996	AU-BS02a_20120710_071345.wav	BS12_AU_02a
56	Spectrogram 1	1	2665.995907064	2666.934625539	151.8	538.0	115.996	AU-BS02a_20120710_071345.wav	BS12_AU_02a
57	Waveform 1	1	2686.503104278	2687.441822753	112.8	557.5	136.503	AU-BS02a_20120710_071345.wav	BS12_AU_02a
57	Spectrogram 1	1	2686.503104278	2687.441822753	112.8	557.5	136.503	AU-BS02a_20120710_071345.wav	BS12_AU_02a
58	Waveform 1	1	2780.226760805	2781.321932359	52.1	370.9	5.227	AU-BS02a_20120710_071730.wav	BS12_AU_02a
58	Spectrogram 1	1	2780.226760805	2781.321932359	52.1	370.9	5.227	AU-BS02a_20120710_071730.wav	BS12_AU_02a
59	Waveform 1	1	2786.797790129	2787.775621874	54.2	253.8	11.798	AU-BS02a_20120710_071730.wav	BS12_AU_02a
59	Spectrogram 1	1	2786.797790129	2787.775621874	54.2	253.8	11.798	AU-BS02a_20120710_071730.wav	BS12_AU_02a
60	Waveform 1	1	2789.926851713	2790.904683458	56.4	286.3	14.927	AU-BS02a_20120710_071730.wav	BS12_AU_02a
60	Spectrogram 1	1	2789.926851713	2790.904683458	56.4	286.3	14.927	AU-BS02a_20120710_071730.wav	BS12_AU_02a
61	Waveform 1	1	2793.212366375	2794.385764469	73.8	292.8	18.212	AU-BS02a_20120710_071730.wav	BS12_AU_02a
61	Spectrogram 1	1	2793.212366375	2794.385764469	73.8	292.8	18.212	AU-BS02a_20120710_071730.wav	BS12_AU_02a
62	Waveform 1	1	2809.104197755	2810.121142769	52.1	253.8	34.104	AU-BS02a_20120710_071730.wav	BS12_AU_02a
62	Spectrogram 1	1	2809.104197755	2810.121142769	52.1	253.8	34.104	AU-BS02a_20120710_071730.wav	BS12_AU_02a
63	Waveform 1	1	2827.291868207	2828.426153031	104.1	566.2	52.292	AU-BS02a_20120710_071730.wav	BS12_AU_02a
63	Spectrogram 1	1	2827.291868207	2828.426153031	104.1	566.2	52.292	AU-BS02a_20120710_071730.wav	BS12_AU_02a
64	Waveform 1	1	2846.234534630	2847.329706185	99.8	668.1	71.234	AU-BS02a_20120710_071730.wav	BS12_AU_02a
64	Spectrogram 1	1	2846.234534630	2847.329706185	99.8	668.1	71.234	AU-BS02a_20120710_071730.wav	BS12_AU_02a
65	Waveform 1	1	2862.830404866	2863.651783532	134.5	542.3	87.830	AU-BS02a_20120710_071730.wav	BS12_AU_02a
65	Spectrogram 1	1	2862.830404866	2863.651783532	134.5	542.3	87.830	AU-BS02a_20120710_071730.wav	BS12_AU_02a
66	Waveform 1	1	2866.115919528	2867.093751273	95.4	429.5	91.116	AU-BS02a_20120710_071730.wav	BS12_AU_02a
66	Spectrogram 1	1	2866.115919528	2867.093751273	95.4	429.5	91.116	AU-BS02a_20120710_071730.wav	BS12_AU_02a
67	Waveform 1	1	2886.153757506	2887.248929060	99.8	607.4	111.154	AU-BS02a_20120710_071730.wav	BS12_AU_02a
67	Spectrogram 1	1	2886.153757506	2887.248929060	99.8	607.4	111.154	AU-BS02a_20120710_071730.wav	BS12_AU_02a
68	Waveform 1	1	2978.887738443	2980.256702886	41.2	370.9	53.888	AU-BS02a_20120710_072000.wav	BS12_AU_02a
68	Spectrogram 1	1	2978.887738443	2980.256702886	41.2	370.9	53.888	AU-BS02a_20120710_072000.wav	BS12_AU_02a
69	Waveform 1	1	2985.106748340	2986.514826052	49.9	340.6	60.107	AU-BS02a_20120710_072000.wav	BS12_AU_02a
69	Spectrogram 1	1	2985.106748340	2986.514826052	49.9	340.6	60.107	AU-BS02a_20120710_072000.wav	BS12_AU_02a
70	Waveform 1	1	2988.548716081	2989.683000905	62.9	340.6	63.549	AU-BS02a_20120710_072000.wav	BS12_AU_02a
70	Spectrogram 1	1	2988.548716081	2989.683000905	62.9	340.6	63.549	AU-BS02a_20120710_072000.wav	BS12_AU_02a
71	Waveform 1	1	2991.846074588	2992.980359412	56.4	373.1	66.846	AU-BS02a_20120710_072000.wav	BS12_AU_02a
71	Spectrogram 1	1	2991.846074588	2992.980359412	56.4	373.1	66.846	AU-BS02a_20120710_072000.wav	BS12_AU_02a
72	Waveform 1	1	2994.975136171	2996.578780233	58.6	342.7	69.975	AU-BS02a_20120710_072000.wav	BS12_AU_02a
72	Spectrogram 1	1	2994.975136171	2996.578780233	58.6	342.7	69.975	AU-BS02a_20120710_072000.wav	BS12_AU_02a
73	Waveform 1	1	2998.417103913	2999.199369309	49.9	229.9	73.417	AU-BS02a_20120710_072000.wav	BS12_AU_02a
73	Spectrogram 1	1	2998.417103913	2999.199369309	49.9	229.9	73.417	AU-BS02a_20120710_072000.wav	BS12_AU_02a
74	Waveform 1	1	3009.407932724	3010.542217548	60.7	216.9	84.408	AU-BS02a_20120710_072000.wav	BS12_AU_02a
74	Spectrogram 1	1	3009.407932724	3010.542217548	60.7	216.9	84.408	AU-BS02a_20120710_072000.wav	BS12_AU_02a
75	Waveform 1	1	3024.204592549	3025.065084485	123.6	251.6	99.205	AU-BS02a_20120710_072000.wav	BS12_AU_02a
75	Spectrogram 1	1	3024.204592549	3025.065084485	123.6	251.6	99.205	AU-BS02a_20120710_072000.wav	BS12_AU_02a
76	Waveform 1	1	3027.294540863	3028.467938957	65.1	271.1	102.295	AU-BS02a_20120710_072000.wav	BS12_AU_02a
76	Spectrogram 1	1	3027.294540863	3028.467938957	65.1	271.1	102.295	AU-BS02a_20120710_072000.wav	BS12_AU_02a
77	Waveform 1	1	3043.174528398	3044.113246873	147.5	379.6	118.175	AU-BS02a_20120710_072000.wav	BS12_AU_02a
77	Spectrogram 1	1	3043.174528398	3044.113246873	147.5	379.6	118.175	AU-BS02a_20120710_072000.wav	BS12_AU_02a
78	Waveform 1	1	3046.471886905	3047.527945189	138.8	887.2	121.472	AU-BS02a_20120710_072000.wav	BS12_AU_02a
78	Spectrogram 1	1	3046.471886905	3047.527945189	138.8	887.2	121.472	AU-BS02a_20120710_072000.wav	BS12_AU_02a
79	Waveform 1	1	3062.821233677	3063.681725613	151.8	520.6	137.821	AU-BS02a_20120710_072000.wav	BS12_AU_02a
79	Spectrogram 1	1	3062.821233677	3063.681725613	151.8	520.6	137.821	AU-BS02a_20120710_072000.wav	BS12_AU_02a
80	Waveform 1	1	3066.145861610	3067.241033164	84.6	524.9	141.146	AU-BS02a_20120710_072000.wav	BS12_AU_02a
80	Spectrogram 1	1	3066.145861610	3067.241033164	84.6	524.9	141.146	AU-BS02a_20120710_072000.wav	BS12_AU_02a
81	Waveform 1	1	3082.233259338	3083.250204352	151.8	596.5	157.233	AU-BS02a_20120710_072000.wav	BS12_AU_02a
81	Spectrogram 1	1	3082.233259338	3083.250204352	151.8	596.5	157.233	AU-BS02a_20120710_072000.wav	BS12_AU_02a
82	Waveform 1	1	3085.675227079	3087.005078252	141.0	616.1	160.675	AU-BS02a_20120710_072000.wav	BS12_AU_02a
82	Spectrogram 1	1	3085.675227079	3087.005078252	141.0	616.1	160.675	AU-BS02a_20120710_072000.wav	BS12_AU_02a
83	Waveform 1	1	3102.584003473	3103.444495409	156.2	566.2	177.584	AU-BS02a_20120710_072000.wav	BS12_AU_02a
83	Spectrogram 1	1	3102.584003473	3103.444495409	156.2	566.2	177.584	AU-BS02a_20120710_072000.wav	BS12_AU_02a
84	Waveform 1	1	3105.947744675	3107.042916230	93.3	650.8	180.948	AU-BS02a_20120710_072000.wav	BS12_AU_02a
84	Spectrogram 1	1	3105.947744675	3107.042916230	93.3	650.8	180.948	AU-BS02a_20120710_072000.wav	BS12_AU_02a
85	Waveform 1	1	3109.898184924	3110.445770701	184.4	540.1	184.898	AU-BS02a_20120710_072000.wav	BS12_AU_02a
85	Spectrogram 1	1	3109.898184924	3110.445770701	184.4	540.1	184.898	AU-BS02a_20120710_072000.wav	BS12_AU_02a
86	Waveform 1	1	3254.832955451	3255.967240275	45.6	258.1	104.833	AU-BS02a_20120710_072345.wav	BS12_AU_02a
86	Spectrogram 1	1	3254.832955451	3255.967240275	45.6	258.1	104.833	AU-BS02a_20120710_072345.wav	BS12_AU_02a
87	Waveform 1	1	3260.973738808	3262.068910363	52.1	329.7	110.974	AU-BS02a_20120710_072345.wav	BS12_AU_02a
87	Spectrogram 1	1	3260.973738808	3262.068910363	52.1	329.7	110.974	AU-BS02a_20120710_072345.wav	BS12_AU_02a
88	Waveform 1	1	3264.153757506	3265.209815790	52.1	336.2	114.154	AU-BS02a_20120710_072345.wav	BS12_AU_02a
88	Spectrogram 1	1	3264.153757506	3265.209815790	52.1	336.2	114.154	AU-BS02a_20120710_072345.wav	BS12_AU_02a
89	Waveform 1	1	3267.204592549	3268.338877373	52.1	353.6	117.205	AU-BS02a_20120710_072345.wav	BS12_AU_02a
89	Spectrogram 1	1	3267.204592549	3268.338877373	52.1	353.6	117.205	AU-BS02a_20120710_072345.wav	BS12_AU_02a
90	Waveform 1	1	3270.372767402	3271.233259338	52.1	247.3	120.373	AU-BS02a_20120710_072345.wav	BS12_AU_02a
90	Spectrogram 1	1	3270.372767402	3271.233259338	52.1	247.3	120.373	AU-BS02a_20120710_072345.wav	BS12_AU_02a
91	Waveform 1	1	3273.619168795	3274.714340349	49.9	243.0	123.619	AU-BS02a_20120710_072345.wav	BS12_AU_02a
91	Spectrogram 1	1	3273.619168795	3274.714340349	49.9	243.0	123.619	AU-BS02a_20120710_072345.wav	BS12_AU_02a
92	Waveform 1	1	3284.414431257	3285.196696653	56.4	375.3	134.414	AU-BS02a_20120710_072345.wav	BS12_AU_02a
92	Spectrogram 1	1	3284.414431257	3285.196696653	56.4	375.3	134.414	AU-BS02a_20120710_072345.wav	BS12_AU_02a
93	Waveform 1	1	3302.144586317	3302.926851713	91.1	245.1	152.145	AU-BS02a_20120710_072345.wav	BS12_AU_02a
93	Spectrogram 1	1	3302.144586317	3302.926851713	91.1	245.1	152.145	AU-BS02a_20120710_072345.wav	BS12_AU_02a
94	Waveform 1	1	3317.175925761	3318.036417696	180.0	551.0	167.176	AU-BS02a_20120710_072345.wav	BS12_AU_02a
94	Spectrogram 1	1	3317.175925761	3318.036417696	180.0	551.0	167.176	AU-BS02a_20120710_072345.wav	BS12_AU_02a
95	Waveform 1	1	3320.304987344	3321.713065057	151.8	488.1	170.305	AU-BS02a_20120710_072345.wav	BS12_AU_02a
95	Spectrogram 1	1	3320.304987344	3321.713065057	151.8	488.1	170.305	AU-BS02a_20120710_072345.wav	BS12_AU_02a
96	Waveform 1	1	3324.020747974	3324.724786831	158.4	342.7	174.021	AU-BS02a_20120710_072345.wav	BS12_AU_02a
96	Spectrogram 1	1	3324.020747974	3324.724786831	158.4	342.7	174.021	AU-BS02a_20120710_072345.wav	BS12_AU_02a
97	Waveform 1	1	3336.224088149	3337.241033164	186.6	477.2	186.224	AU-BS02a_20120710_072345.wav	BS12_AU_02a
97	Spectrogram 1	1	3336.224088149	3337.241033164	186.6	477.2	186.224	AU-BS02a_20120710_072345.wav	BS12_AU_02a
98	Waveform 1	1	3339.353149732	3340.683000905	47.7	520.6	189.353	AU-BS02a_20120710_072345.wav	BS12_AU_02a
98	Spectrogram 1	1	3339.353149732	3340.683000905	47.7	520.6	189.353	AU-BS02a_20120710_072345.wav	BS12_AU_02a
99	Waveform 1	1	3342.986857945	3344.160256039	223.4	531.5	192.987	AU-BS02a_20120710_072345.wav	BS12_AU_02a
99	Spectrogram 1	1	3342.986857945	3344.160256039	223.4	531.5	192.987	AU-BS02a_20120710_072345.wav	BS12_AU_02a
100	Waveform 1	1	3355.816010437	3356.872068721	197.4	501.1	205.816	AU-BS02a_20120710_072345.wav	BS12_AU_02a
100	Spectrogram 1	1	3355.816010437	3356.872068721	197.4	501.1	205.816	AU-BS02a_20120710_072345.wav	BS12_AU_02a
101	Waveform 1	1	3359.218864908	3360.235809923	102.0	514.1	209.219	AU-BS02a_20120710_072345.wav	BS12_AU_02a
101	Spectrogram 1	1	3359.218864908	3360.235809923	102.0	514.1	209.219	AU-BS02a_20120710_072345.wav	BS12_AU_02a
102	Waveform 1	1	3424.182424294	3425.199369309	182.2	475.1	49.182	AU-BS02a_20120711_231730.wav	BS12_AU_02a
102	Spectrogram 1	1	3424.182424294	3425.199369309	182.2	475.1	49.182	AU-BS02a_20120711_231730.wav	BS12_AU_02a
103	Waveform 1	1	3667.299764103	3668.316709118	91.1	349.2	142.300	AU-BS02a_20120712_041730.wav	BS12_AU_02a
103	Spectrogram 1	1	3667.299764103	3668.316709118	91.1	349.2	142.300	AU-BS02a_20120712_041730.wav	BS12_AU_02a
104	Waveform 1	1	3677.508327519	3678.290592915	73.8	284.2	2.508	AU-BS02a_20120715_013730.wav	BS12_AU_02a
104	Spectrogram 1	1	3677.508327519	3678.290592915	73.8	284.2	2.508	AU-BS02a_20120715_013730.wav	BS12_AU_02a
105	Waveform 1	1	3827.148534265	3827.891686391	60.7	321.0	2.149	AU-BS02a_20120715_021000.wav	BS12_AU_02a
105	Spectrogram 1	1	3827.148534265	3827.891686391	60.7	321.0	2.149	AU-BS02a_20120715_021000.wav	BS12_AU_02a
106	Waveform 1	1	3833.328430892	3834.110696288	73.8	305.9	8.328	AU-BS02a_20120715_021000.wav	BS12_AU_02a
106	Spectrogram 1	1	3833.328430892	3834.110696288	73.8	305.9	8.328	AU-BS02a_20120715_021000.wav	BS12_AU_02a
107	Waveform 1	1	4087.045466815	4088.257978178	56.4	279.8	37.045	AU-BS02a_20120715_021345.wav	BS12_AU_02a
107	Spectrogram 1	1	4087.045466815	4088.257978178	56.4	279.8	37.045	AU-BS02a_20120715_021345.wav	BS12_AU_02a
108	Waveform 1	1	4093.237207286	4094.332378840	45.6	442.5	43.237	AU-BS02a_20120715_021345.wav	BS12_AU_02a
108	Spectrogram 1	1	4093.237207286	4094.332378840	45.6	442.5	43.237	AU-BS02a_20120715_021345.wav	BS12_AU_02a
109	Waveform 1	1	4096.600948488	4097.383213884	80.3	188.7	46.601	AU-BS02a_20120715_021345.wav	BS12_AU_02a
109	Spectrogram 1	1	4096.600948488	4097.383213884	80.3	188.7	46.601	AU-BS02a_20120715_021345.wav	BS12_AU_02a
110	Waveform 1	1	4099.808236611	4101.098974514	60.7	201.7	49.808	AU-BS02a_20120715_021345.wav	BS12_AU_02a
110	Spectrogram 1	1	4099.808236611	4101.098974514	60.7	201.7	49.808	AU-BS02a_20120715_021345.wav	BS12_AU_02a
111	Waveform 1	1	4102.976411464	4104.032469748	80.3	542.3	52.976	AU-BS02a_20120715_021345.wav	BS12_AU_02a
111	Spectrogram 1	1	4102.976411464	4104.032469748	80.3	542.3	52.976	AU-BS02a_20120715_021345.wav	BS12_AU_02a
112	Waveform 1	1	4106.340152666	4107.474437490	69.4	542.3	56.340	AU-BS02a_20120715_021345.wav	BS12_AU_02a
112	Spectrogram 1	1	4106.340152666	4107.474437490	69.4	542.3	56.340	AU-BS02a_20120715_021345.wav	BS12_AU_02a
113	Waveform 1	1	4117.096301858	4118.152360143	78.1	334.1	67.096	AU-BS02a_20120715_021345.wav	BS12_AU_02a
113	Spectrogram 1	1	4117.096301858	4118.152360143	78.1	334.1	67.096	AU-BS02a_20120715_021345.wav	BS12_AU_02a
114	Waveform 1	1	4191.799065422	4192.581330818	158.4	453.4	141.799	AU-BS02a_20120715_021345.wav	BS12_AU_02a
114	Spectrogram 1	1	4191.799065422	4192.581330818	158.4	453.4	141.799	AU-BS02a_20120715_021345.wav	BS12_AU_02a
115	Waveform 1	1	4210.585278766	4211.250204352	164.9	423.0	160.585	AU-BS02a_20120715_021345.wav	BS12_AU_02a
115	Spectrogram 1	1	4210.585278766	4211.250204352	164.9	423.0	160.585	AU-BS02a_20120715_021345.wav	BS12_AU_02a
116	Waveform 1	1	4418.919077887	4419.975136171	47.7	266.8	143.919	AU-BS02a_20120715_021730.wav	BS12_AU_02a
116	Spectrogram 1	1	4418.919077887	4419.975136171	47.7	266.8	143.919	AU-BS02a_20120715_021730.wav	BS12_AU_02a
117	Waveform 1	1	4425.138087784	4426.233259338	106.3	273.3	0.138	AU-BS02a_20120715_022000.wav	BS12_AU_02a
117	Spectrogram 1	1	4425.138087784	4426.233259338	106.3	273.3	0.138	AU-BS02a_20120715_022000.wav	BS12_AU_02a
118	Waveform 1	1	4431.748230378	4432.765175393	97.6	243.0	6.748	AU-BS02a_20120715_022000.wav	BS12_AU_02a
118	Spectrogram 1	1	4431.748230378	4432.765175393	97.6	243.0	6.748	AU-BS02a_20120715_022000.wav	BS12_AU_02a
119	Waveform 1	1	4434.916405231	4435.698670627	88.9	229.9	9.916	AU-BS02a_20120715_022000.wav	BS12_AU_02a
119	Spectrogram 1	1	4434.916405231	4435.698670627	88.9	229.9	9.916	AU-BS02a_20120715_022000.wav	BS12_AU_02a
120	Waveform 1	1	4785.361045629	4786.495330452	49.9	299.3	135.361	AU-BS02a_20120715_022345.wav	BS12_AU_02a
120	Spectrogram 1	1	4785.361045629	4786.495330452	49.9	299.3	135.361	AU-BS02a_20120715_022345.wav	BS12_AU_02a
121	Waveform 1	1	4791.306262637	4792.557887270	80.3	401.3	141.306	AU-BS02a_20120715_022345.wav	BS12_AU_02a
121	Spectrogram 1	1	4791.306262637	4792.557887270	80.3	401.3	141.306	AU-BS02a_20120715_022345.wav	BS12_AU_02a
122	Waveform 1	1	4797.759952152	4798.972463516	62.9	383.9	147.760	AU-BS02a_20120715_022345.wav	BS12_AU_02a
122	Spectrogram 1	1	4797.759952152	4798.972463516	62.9	383.9	147.760	AU-BS02a_20120715_022345.wav	BS12_AU_02a
123	Waveform 1	1	4801.045466815	4801.984185290	58.6	256.0	151.045	AU-BS02a_20120715_022345.wav	BS12_AU_02a
123	Spectrogram 1	1	4801.045466815	4801.984185290	58.6	256.0	151.045	AU-BS02a_20120715_022345.wav	BS12_AU_02a
124	Waveform 1	1	4817.993356478	4819.323207651	69.4	364.4	167.993	AU-BS02a_20120715_022345.wav	BS12_AU_02a
124	Spectrogram 1	1	4817.993356478	4819.323207651	69.4	364.4	167.993	AU-BS02a_20120715_022345.wav	BS12_AU_02a
125	Waveform 1	1	4835.254152300	4836.427550394	102.0	362.3	185.254	AU-BS02a_20120715_022345.wav	BS12_AU_02a
125	Spectrogram 1	1	4835.254152300	4836.427550394	102.0	362.3	185.254	AU-BS02a_20120715_022345.wav	BS12_AU_02a
126	Waveform 1	1	4853.617769522	4854.595601267	141.0	288.5	203.618	AU-BS02a_20120715_022345.wav	BS12_AU_02a
126	Spectrogram 1	1	4853.617769522	4854.595601267	141.0	288.5	203.618	AU-BS02a_20120715_022345.wav	BS12_AU_02a
127	Waveform 1	1	4871.766326705	4872.939724799	147.5	299.3	221.766	AU-BS02a_20120715_022345.wav	BS12_AU_02a
127	Spectrogram 1	1	4871.766326705	4872.939724799	147.5	299.3	221.766	AU-BS02a_20120715_022345.wav	BS12_AU_02a
128	Waveform 1	1	4912.506928246	4913.406533451	112.8	375.3	37.507	AU-BS02a_20120716_030000.wav	BS12_AU_02a
128	Spectrogram 1	1	4912.506928246	4913.406533451	112.8	375.3	37.507	AU-BS02a_20120716_030000.wav	BS12_AU_02a
129	Waveform 1	1	5116.761103465	5117.778048479	123.6	679.0	16.761	AU-BS02a_20120717_032345.wav	BS12_AU_02a
129	Spectrogram 1	1	5116.761103465	5117.778048479	123.6	679.0	16.761	AU-BS02a_20120717_032345.wav	BS12_AU_02a
130	Waveform 1	1	5335.811938508	5336.828883523	73.8	609.5	10.812	AU-BS02a_20120717_042000.wav	BS12_AU_02a
130	Spectrogram 1	1	5335.811938508	5336.828883523	73.8	609.5	10.812	AU-BS02a_20120717_042000.wav	BS12_AU_02a
131	Waveform 1	1	5647.569485064	5649.173129125	43.4	360.1	97.569	AU-BS02a_20120719_060000.wav	BS12_AU_02a
131	Spectrogram 1	1	5647.569485064	5649.173129125	43.4	360.1	97.569	AU-BS02a_20120719_060000.wav	BS12_AU_02a
132	Waveform 1	1	5653.788494961	5655.079232864	49.9	401.3	103.788	AU-BS02a_20120719_060000.wav	BS12_AU_02a
132	Spectrogram 1	1	5653.788494961	5655.079232864	49.9	401.3	103.788	AU-BS02a_20120719_060000.wav	BS12_AU_02a
133	Waveform 1	1	5656.839330004	5657.817161749	56.4	351.4	106.839	AU-BS02a_20120719_060000.wav	BS12_AU_02a
133	Spectrogram 1	1	5656.839330004	5657.817161749	56.4	351.4	106.839	AU-BS02a_20120719_060000.wav	BS12_AU_02a
134	Waveform 1	1	5659.929278318	5661.259129491	52.1	436.0	109.929	AU-BS02a_20120719_060000.wav	BS12_AU_02a
134	Spectrogram 1	1	5659.929278318	5661.259129491	52.1	436.0	109.929	AU-BS02a_20120719_060000.wav	BS12_AU_02a
135	Waveform 1	1	5663.187523555	5664.282695109	58.6	813.4	113.188	AU-BS02a_20120719_060000.wav	BS12_AU_02a
135	Spectrogram 1	1	5663.187523555	5664.282695109	58.6	813.4	113.188	AU-BS02a_20120719_060000.wav	BS12_AU_02a
136	Waveform 1	1	5666.394811677	5667.568209771	56.4	837.3	116.395	AU-BS02a_20120719_060000.wav	BS12_AU_02a
136	Spectrogram 1	1	5666.394811677	5667.568209771	56.4	837.3	116.395	AU-BS02a_20120719_060000.wav	BS12_AU_02a
137	Waveform 1	1	5669.523873261	5670.306138657	54.2	713.7	119.524	AU-BS02a_20120719_060000.wav	BS12_AU_02a
137	Spectrogram 1	1	5669.523873261	5670.306138657	54.2	713.7	119.524	AU-BS02a_20120719_060000.wav	BS12_AU_02a
138	Waveform 1	1	5671.049290783	5671.870669448	69.4	590.0	121.049	AU-BS02a_20120719_060000.wav	BS12_AU_02a
138	Spectrogram 1	1	5671.049290783	5671.870669448	69.4	590.0	121.049	AU-BS02a_20120719_060000.wav	BS12_AU_02a
139	Waveform 1	1	5672.418255225	5673.278747161	75.9	585.7	122.418	AU-BS02a_20120719_060000.wav	BS12_AU_02a
139	Spectrogram 1	1	5672.418255225	5673.278747161	75.9	585.7	122.418	AU-BS02a_20120719_060000.wav	BS12_AU_02a
140	Waveform 1	1	5674.061012557	5674.999731032	69.4	709.3	124.061	AU-BS02a_20120719_060000.wav	BS12_AU_02a
140	Spectrogram 1	1	5674.061012557	5674.999731032	69.4	709.3	124.061	AU-BS02a_20120719_060000.wav	BS12_AU_02a
141	Waveform 1	1	5677.033621061	5678.441698773	52.1	475.1	127.034	AU-BS02a_20120719_060000.wav	BS12_AU_02a
141	Spectrogram 1	1	5677.033621061	5678.441698773	52.1	475.1	127.034	AU-BS02a_20120719_060000.wav	BS12_AU_02a
142	Waveform 1	1	5680.632041881	5681.766326705	84.6	273.3	130.632	AU-BS02a_20120719_060000.wav	BS12_AU_02a
142	Spectrogram 1	1	5680.632041881	5681.766326705	84.6	273.3	130.632	AU-BS02a_20120719_060000.wav	BS12_AU_02a
143	Waveform 1	1	5687.594203904	5688.493809109	194.7	663.3	137.594	AU-BS02a_20120719_060000.wav	BS12_AU_02a
143	Spectrogram 1	1	5687.594203904	5688.493809109	194.7	663.3	137.594	AU-BS02a_20120719_060000.wav	BS12_AU_02a
144	Waveform 1	1	5689.248805080	5690.070183745	71.0	714.0	139.249	AU-BS02a_20120719_060000.wav	BS12_AU_02a
144	Spectrogram 1	1	5689.248805080	5690.070183745	71.0	714.0	139.249	AU-BS02a_20120719_060000.wav	BS12_AU_02a
145	Waveform 1	1	5690.539542983	5691.634714537	85.2	758.6	140.540	AU-BS02a_20120719_060000.wav	BS12_AU_02a
145	Spectrogram 1	1	5690.539542983	5691.634714537	85.2	758.6	140.540	AU-BS02a_20120719_060000.wav	BS12_AU_02a
146	Waveform 1	1	5693.629491296	5694.802889390	69.0	764.7	143.630	AU-BS02a_20120719_060000.wav	BS12_AU_02a
146	Spectrogram 1	1	5693.629491296	5694.802889390	69.0	764.7	143.630	AU-BS02a_20120719_060000.wav	BS12_AU_02a
147	Waveform 1	1	5697.188798847	5697.853724434	146.0	511.2	147.189	AU-BS02a_20120719_060000.wav	BS12_AU_02a
147	Spectrogram 1	1	5697.188798847	5697.853724434	146.0	511.2	147.189	AU-BS02a_20120719_060000.wav	BS12_AU_02a
148	Waveform 1	1	5706.928003025	5707.671155151	99.4	515.2	156.928	AU-BS02a_20120719_060000.wav	BS12_AU_02a
148	Spectrogram 1	1	5706.928003025	5707.671155151	99.4	515.2	156.928	AU-BS02a_20120719_060000.wav	BS12_AU_02a
149	Waveform 1	1	5708.453420547	5709.274799213	95.3	580.1	158.453	AU-BS02a_20120719_060000.wav	BS12_AU_02a
149	Spectrogram 1	1	5708.453420547	5709.274799213	95.3	580.1	158.453	AU-BS02a_20120719_060000.wav	BS12_AU_02a
150	Waveform 1	1	5711.465142321	5712.403860796	109.5	586.2	161.465	AU-BS02a_20120719_060000.wav	BS12_AU_02a
150	Spectrogram 1	1	5711.465142321	5712.403860796	109.5	586.2	161.465	AU-BS02a_20120719_060000.wav	BS12_AU_02a
151	Waveform 1	1	5715.063563142	5715.806715268	107.5	565.9	165.064	AU-BS02a_20120719_060000.wav	BS12_AU_02a
151	Spectrogram 1	1	5715.063563142	5715.806715268	107.5	565.9	165.064	AU-BS02a_20120719_060000.wav	BS12_AU_02a
152	Waveform 1	1	5726.457368495	5727.630766589	60.9	539.6	176.457	AU-BS02a_20120719_060000.wav	BS12_AU_02a
152	Spectrogram 1	1	5726.457368495	5727.630766589	60.9	539.6	176.457	AU-BS02a_20120719_060000.wav	BS12_AU_02a
153	Waveform 1	1	5729.586430078	5730.955394521	73.0	592.3	179.586	AU-BS02a_20120719_060000.wav	BS12_AU_02a
153	Spectrogram 1	1	5729.586430078	5730.955394521	73.0	592.3	179.586	AU-BS02a_20120719_060000.wav	BS12_AU_02a
154	Waveform 1	1	5733.263077439	5734.397362263	73.0	456.4	183.263	AU-BS02a_20120719_060000.wav	BS12_AU_02a
154	Spectrogram 1	1	5733.263077439	5734.397362263	73.0	456.4	183.263	AU-BS02a_20120719_060000.wav	BS12_AU_02a
155	Waveform 1	1	5743.366144889	5744.265750094	60.9	551.7	193.366	AU-BS02a_20120719_060000.wav	BS12_AU_02a
155	Spectrogram 1	1	5743.366144889	5744.265750094	60.9	551.7	193.366	AU-BS02a_20120719_060000.wav	BS12_AU_02a
156	Waveform 1	1	5745.048015490	5746.064960505	62.9	513.2	195.048	AU-BS02a_20120719_060000.wav	BS12_AU_02a
156	Spectrogram 1	1	5745.048015490	5746.064960505	62.9	513.2	195.048	AU-BS02a_20120719_060000.wav	BS12_AU_02a
157	Waveform 1	1	5748.177077073	5750.054514023	56.8	732.3	198.177	AU-BS02a_20120719_060000.wav	BS12_AU_02a
157	Spectrogram 1	1	5748.177077073	5750.054514023	56.8	732.3	198.177	AU-BS02a_20120719_060000.wav	BS12_AU_02a
158	Waveform 1	1	5751.697271355	5752.792442909	54.8	677.5	201.697	AU-BS02a_20120719_060000.wav	BS12_AU_02a
158	Spectrogram 1	1	5751.697271355	5752.792442909	54.8	677.5	201.697	AU-BS02a_20120719_060000.wav	BS12_AU_02a
159	Waveform 1	1	5764.017951339	5765.308689242	71.0	655.2	214.018	AU-BS02a_20120719_060000.wav	BS12_AU_02a
159	Spectrogram 1	1	5764.017951339	5765.308689242	71.0	655.2	214.018	AU-BS02a_20120719_060000.wav	BS12_AU_02a
160	Waveform 1	1	5767.107899652	5768.515977365	52.7	602.4	217.108	AU-BS02a_20120719_060000.wav	BS12_AU_02a
160	Spectrogram 1	1	5767.107899652	5768.515977365	52.7	602.4	217.108	AU-BS02a_20120719_060000.wav	BS12_AU_02a
161	Waveform 1	1	5782.217465636	5783.586430078	56.8	643.0	7.217	AU-BS02a_20120719_060345.wav	BS12_AU_02a
161	Spectrogram 1	1	5782.217465636	5783.586430078	56.8	643.0	7.217	AU-BS02a_20120719_060345.wav	BS12_AU_02a
162	Waveform 1	1	5785.268300679	5787.184850899	60.9	697.8	10.268	AU-BS02a_20120719_060345.wav	BS12_AU_02a
162	Spectrogram 1	1	5785.268300679	5787.184850899	60.9	697.8	10.268	AU-BS02a_20120719_060345.wav	BS12_AU_02a
163	Waveform 1	1	5788.984061310	5790.392139022	62.9	665.3	13.984	AU-BS02a_20120719_060345.wav	BS12_AU_02a
163	Spectrogram 1	1	5788.984061310	5790.392139022	62.9	665.3	13.984	AU-BS02a_20120719_060345.wav	BS12_AU_02a
164	Waveform 1	1	5801.825057645	5803.389588437	58.8	618.7	26.825	AU-BS02a_20120719_060345.wav	BS12_AU_02a
164	Spectrogram 1	1	5801.825057645	5803.389588437	58.8	618.7	26.825	AU-BS02a_20120719_060345.wav	BS12_AU_02a
165	Waveform 1	1	5805.071459038	5806.753329639	60.9	675.5	30.071	AU-BS02a_20120719_060345.wav	BS12_AU_02a
165	Spectrogram 1	1	5805.071459038	5806.753329639	60.9	675.5	30.071	AU-BS02a_20120719_060345.wav	BS12_AU_02a
166	Waveform 1	1	5808.943672747	5810.156184111	64.9	630.8	33.944	AU-BS02a_20120719_060345.wav	BS12_AU_02a
166	Spectrogram 1	1	5808.943672747	5810.156184111	64.9	630.8	33.944	AU-BS02a_20120719_060345.wav	BS12_AU_02a
167	Waveform 1	1	5822.320411016	5823.376469300	56.8	679.5	47.320	AU-BS02a_20120719_060345.wav	BS12_AU_02a
167	Spectrogram 1	1	5822.320411016	5823.376469300	56.8	679.5	47.320	AU-BS02a_20120719_060345.wav	BS12_AU_02a
168	Waveform 1	1	5825.539542983	5826.908507425	44.6	667.3	50.540	AU-BS02a_20120719_060345.wav	BS12_AU_02a
168	Spectrogram 1	1	5825.539542983	5826.908507425	44.6	667.3	50.540	AU-BS02a_20120719_060345.wav	BS12_AU_02a
169	Waveform 1	1	6030.771549946	6032.062287849	46.7	478.7	30.772	AU-BS02a_20120719_060730.wav	BS12_AU_02a
169	Spectrogram 1	1	6030.771549946	6032.062287849	46.7	478.7	30.772	AU-BS02a_20120719_060730.wav	BS12_AU_02a
170	Waveform 1	1	6033.665931911	6034.643763655	56.8	357.0	33.666	AU-BS02a_20120719_060730.wav	BS12_AU_02a
170	Spectrogram 1	1	6033.665931911	6034.643763655	56.8	357.0	33.666	AU-BS02a_20120719_060730.wav	BS12_AU_02a
171	Waveform 1	1	6037.147012922	6038.476864095	54.8	294.1	37.147	AU-BS02a_20120719_060730.wav	BS12_AU_02a
171	Spectrogram 1	1	6037.147012922	6038.476864095	54.8	294.1	37.147	AU-BS02a_20120719_060730.wav	BS12_AU_02a
172	Waveform 1	1	6040.197847966	6041.253906250	60.9	393.5	40.198	AU-BS02a_20120719_060730.wav	BS12_AU_02a
172	Spectrogram 1	1	6040.197847966	6041.253906250	60.9	393.5	40.198	AU-BS02a_20120719_060730.wav	BS12_AU_02a
173	Waveform 1	1	6041.656882792	6042.752054346	54.8	231.2	41.657	AU-BS02a_20120719_060730.wav	BS12_AU_02a
173	Spectrogram 1	1	6041.656882792	6042.752054346	54.8	231.2	41.657	AU-BS02a_20120719_060730.wav	BS12_AU_02a
174	Waveform 1	1	6043.495206472	6044.707717836	36.5	484.8	43.495	AU-BS02a_20120719_060730.wav	BS12_AU_02a
174	Spectrogram 1	1	6043.495206472	6044.707717836	36.5	484.8	43.495	AU-BS02a_20120719_060730.wav	BS12_AU_02a
175	Waveform 1	1	6045.059737264	6045.881115930	52.7	229.2	45.060	AU-BS02a_20120719_060730.wav	BS12_AU_02a
175	Spectrogram 1	1	6045.059737264	6045.881115930	52.7	229.2	45.060	AU-BS02a_20120719_060730.wav	BS12_AU_02a
176	Waveform 1	1	6046.663381325	6047.562986531	56.8	655.2	46.663	AU-BS02a_20120719_060730.wav	BS12_AU_02a
176	Spectrogram 1	1	6046.663381325	6047.562986531	56.8	655.2	46.663	AU-BS02a_20120719_060730.wav	BS12_AU_02a
177	Waveform 1	1	6048.306138657	6048.931950973	54.8	219.1	48.306	AU-BS02a_20120719_060730.wav	BS12_AU_02a
177	Spectrogram 1	1	6048.306138657	6048.931950973	54.8	219.1	48.306	AU-BS02a_20120719_060730.wav	BS12_AU_02a
178	Waveform 1	1	6049.948895988	6050.926727733	54.8	677.5	49.949	AU-BS02a_20120719_060730.wav	BS12_AU_02a
178	Spectrogram 1	1	6049.948895988	6050.926727733	54.8	677.5	49.949	AU-BS02a_20120719_060730.wav	BS12_AU_02a
179	Waveform 1	1	6051.435200240	6052.295692175	52.7	219.1	51.435	AU-BS02a_20120719_060730.wav	BS12_AU_02a
179	Spectrogram 1	1	6051.435200240	6052.295692175	52.7	219.1	51.435	AU-BS02a_20120719_060730.wav	BS12_AU_02a
180	Waveform 1	1	6052.960617762	6053.860222967	46.7	259.6	52.961	AU-BS02a_20120719_060730.wav	BS12_AU_02a
180	Spectrogram 1	1	6052.960617762	6053.860222967	46.7	259.6	52.961	AU-BS02a_20120719_060730.wav	BS12_AU_02a
181	Waveform 1	1	6056.050566075	6056.832831471	64.9	342.8	56.051	AU-BS02a_20120719_060730.wav	BS12_AU_02a
181	Spectrogram 1	1	6056.050566075	6056.832831471	64.9	342.8	56.051	AU-BS02a_20120719_060730.wav	BS12_AU_02a
182	Waveform 1	1	6057.693323406	6058.632041881	62.9	306.3	57.693	AU-BS02a_20120719_060730.wav	BS12_AU_02a
182	Spectrogram 1	1	6057.693323406	6058.632041881	62.9	306.3	57.693	AU-BS02a_20120719_060730.wav	BS12_AU_02a
183	Waveform 1	1	6060.665931911	6062.426029051	48.7	247.5	60.666	AU-BS02a_20120719_060730.wav	BS12_AU_02a
183	Spectrogram 1	1	6060.665931911	6062.426029051	48.7	247.5	60.666	AU-BS02a_20120719_060730.wav	BS12_AU_02a
184	Waveform 1	1	6064.107899652	6065.203071206	52.7	257.6	64.108	AU-BS02a_20120719_060730.wav	BS12_AU_02a
184	Spectrogram 1	1	6064.107899652	6065.203071206	52.7	257.6	64.108	AU-BS02a_20120719_060730.wav	BS12_AU_02a
185	Waveform 1	1	6073.272248627	6074.484759991	89.2	590.3	73.272	AU-BS02a_20120719_060730.wav	BS12_AU_02a
185	Spectrogram 1	1	6073.272248627	6074.484759991	89.2	590.3	73.272	AU-BS02a_20120719_060730.wav	BS12_AU_02a
186	Waveform 1	1	6075.071459038	6076.518650020	58.8	608.5	75.071	AU-BS02a_20120719_060730.wav	BS12_AU_02a
186	Spectrogram 1	1	6075.071459038	6076.518650020	58.8	608.5	75.071	AU-BS02a_20120719_060730.wav	BS12_AU_02a
187	Waveform 1	1	6077.887614463	6079.178352366	66.9	600.4	77.888	AU-BS02a_20120719_060730.wav	BS12_AU_02a
187	Spectrogram 1	1	6077.887614463	6079.178352366	66.9	600.4	77.888	AU-BS02a_20120719_060730.wav	BS12_AU_02a
188	Waveform 1	1	6089.347802512	6090.364747526	87.2	572.0	89.348	AU-BS02a_20120719_060730.wav	BS12_AU_02a
188	Spectrogram 1	1	6089.347802512	6090.364747526	87.2	572.0	89.348	AU-BS02a_20120719_060730.wav	BS12_AU_02a
189	Waveform 1	1	6092.476864095	6093.532922379	91.3	604.5	92.477	AU-BS02a_20120719_060730.wav	BS12_AU_02a
189	Spectrogram 1	1	6092.476864095	6093.532922379	91.3	604.5	92.477	AU-BS02a_20120719_060730.wav	BS12_AU_02a
190	Waveform 1	1	6095.539542983	6096.869394156	62.9	645.0	95.540	AU-BS02a_20120719_060730.wav	BS12_AU_02a
190	Spectrogram 1	1	6095.539542983	6096.869394156	62.9	645.0	95.540	AU-BS02a_20120719_060730.wav	BS12_AU_02a
191	Waveform 1	1	6099.177077073	6099.998455739	111.6	578.1	99.177	AU-BS02a_20120719_060730.wav	BS12_AU_02a
191	Spectrogram 1	1	6099.177077073	6099.998455739	111.6	578.1	99.177	AU-BS02a_20120719_060730.wav	BS12_AU_02a
192	Waveform 1	1	6110.089679345	6111.145737629	58.8	586.2	110.090	AU-BS02a_20120719_060730.wav	BS12_AU_02a
192	Spectrogram 1	1	6110.089679345	6111.145737629	58.8	586.2	110.090	AU-BS02a_20120719_060730.wav	BS12_AU_02a
193	Waveform 1	1	6113.531647087	6114.939724799	71.0	606.5	113.532	AU-BS02a_20120719_060730.wav	BS12_AU_02a
193	Spectrogram 1	1	6113.531647087	6114.939724799	71.0	606.5	113.532	AU-BS02a_20120719_060730.wav	BS12_AU_02a
194	Waveform 1	1	6117.130067907	6118.225239462	115.6	588.2	117.130	AU-BS02a_20120719_060730.wav	BS12_AU_02a
194	Spectrogram 1	1	6117.130067907	6118.225239462	115.6	588.2	117.130	AU-BS02a_20120719_060730.wav	BS12_AU_02a
195	Waveform 1	1	6127.272248627	6128.250080372	89.2	653.1	127.272	AU-BS02a_20120719_060730.wav	BS12_AU_02a
195	Spectrogram 1	1	6127.272248627	6128.250080372	89.2	653.1	127.272	AU-BS02a_20120719_060730.wav	BS12_AU_02a
196	Waveform 1	1	6128.836779419	6130.166630592	69.0	673.4	128.837	AU-BS02a_20120719_060730.wav	BS12_AU_02a
196	Spectrogram 1	1	6128.836779419	6130.166630592	69.0	673.4	128.837	AU-BS02a_20120719_060730.wav	BS12_AU_02a
197	Waveform 1	1	6132.317860431	6133.530371794	73.0	659.2	132.318	AU-BS02a_20120719_060730.wav	BS12_AU_02a
197	Spectrogram 1	1	6132.317860431	6133.530371794	73.0	659.2	132.318	AU-BS02a_20120719_060730.wav	BS12_AU_02a
198	Waveform 1	1	6136.190074140	6137.050566075	64.9	367.1	136.190	AU-BS02a_20120719_060730.wav	BS12_AU_02a
198	Spectrogram 1	1	6136.190074140	6137.050566075	64.9	367.1	136.190	AU-BS02a_20120719_060730.wav	BS12_AU_02a
199	Waveform 1	1	6149.148410285	6150.517374728	60.9	612.6	149.148	AU-BS02a_20120719_060730.wav	BS12_AU_02a
199	Spectrogram 1	1	6149.148410285	6150.517374728	60.9	612.6	149.148	AU-BS02a_20120719_060730.wav	BS12_AU_02a
200	Waveform 1	1	6152.316585138	6153.920229199	73.0	618.7	2.317	AU-BS02a_20120719_061000.wav	BS12_AU_02a
200	Spectrogram 1	1	6152.316585138	6153.920229199	73.0	618.7	2.317	AU-BS02a_20120719_061000.wav	BS12_AU_02a
201	Waveform 1	1	6156.227912117	6157.401310211	77.1	446.2	6.228	AU-BS02a_20120719_061000.wav	BS12_AU_02a
201	Spectrogram 1	1	6156.227912117	6157.401310211	77.1	446.2	6.228	AU-BS02a_20120719_061000.wav	BS12_AU_02a
202	Waveform 1	1	6168.392139022	6169.604650386	75.1	519.3	18.392	AU-BS02a_20120719_061000.wav	BS12_AU_02a
202	Spectrogram 1	1	6168.392139022	6169.604650386	75.1	519.3	18.392	AU-BS02a_20120719_061000.wav	BS12_AU_02a
203	Waveform 1	1	6171.442974066	6172.890165048	64.9	614.6	21.443	AU-BS02a_20120719_061000.wav	BS12_AU_02a
203	Spectrogram 1	1	6171.442974066	6172.890165048	64.9	614.6	21.443	AU-BS02a_20120719_061000.wav	BS12_AU_02a
204	Waveform 1	1	6175.119621426	6176.058339901	95.3	563.9	25.120	AU-BS02a_20120719_061000.wav	BS12_AU_02a
204	Spectrogram 1	1	6175.119621426	6176.058339901	95.3	563.9	25.120	AU-BS02a_20120719_061000.wav	BS12_AU_02a
205	Waveform 1	1	6187.765051413	6189.016676046	77.1	598.4	37.765	AU-BS02a_20120719_061000.wav	BS12_AU_02a
205	Spectrogram 1	1	6187.765051413	6189.016676046	77.1	598.4	37.765	AU-BS02a_20120719_061000.wav	BS12_AU_02a
206	Waveform 1	1	6191.011452805	6192.341303978	69.0	602.4	41.011	AU-BS02a_20120719_061000.wav	BS12_AU_02a
206	Spectrogram 1	1	6191.011452805	6192.341303978	69.0	602.4	41.011	AU-BS02a_20120719_061000.wav	BS12_AU_02a
207	Waveform 1	1	6194.727213436	6195.744158450	58.8	466.5	44.727	AU-BS02a_20120719_061000.wav	BS12_AU_02a
207	Spectrogram 1	1	6194.727213436	6195.744158450	58.8	466.5	44.727	AU-BS02a_20120719_061000.wav	BS12_AU_02a
208	Waveform 1	1	6206.551264757	6208.154908818	60.9	582.2	56.551	AU-BS02a_20120719_061000.wav	BS12_AU_02a
208	Spectrogram 1	1	6206.551264757	6208.154908818	60.9	582.2	56.551	AU-BS02a_20120719_061000.wav	BS12_AU_02a
209	Waveform 1	1	6210.071459038	6211.557763290	71.0	630.8	60.071	AU-BS02a_20120719_061000.wav	BS12_AU_02a
209	Spectrogram 1	1	6210.071459038	6211.557763290	71.0	630.8	60.071	AU-BS02a_20120719_061000.wav	BS12_AU_02a
210	Waveform 1	1	6382.788494961	6384.118346133	52.7	551.7	7.788	AU-BS02a_20120719_061730.wav	BS12_AU_02a
210	Spectrogram 1	1	6382.788494961	6384.118346133	52.7	551.7	7.788	AU-BS02a_20120719_061730.wav	BS12_AU_02a
211	Waveform 1	1	6386.191349432	6387.521200605	54.8	551.7	11.191	AU-BS02a_20120719_061730.wav	BS12_AU_02a
211	Spectrogram 1	1	6386.191349432	6387.521200605	54.8	551.7	11.191	AU-BS02a_20120719_061730.wav	BS12_AU_02a
212	Waveform 1	1	6389.907110063	6390.963168347	69.0	606.5	14.907	AU-BS02a_20120719_061730.wav	BS12_AU_02a
212	Spectrogram 1	1	6389.907110063	6390.963168347	69.0	606.5	14.907	AU-BS02a_20120719_061730.wav	BS12_AU_02a
213	Waveform 1	1	6403.295692175	6404.664656618	54.8	630.8	28.296	AU-BS02a_20120719_061730.wav	BS12_AU_02a
213	Spectrogram 1	1	6403.295692175	6404.664656618	54.8	630.8	28.296	AU-BS02a_20120719_061730.wav	BS12_AU_02a
214	Waveform 1	1	6406.424753759	6408.106624360	75.1	645.0	31.425	AU-BS02a_20120719_061730.wav	BS12_AU_02a
214	Spectrogram 1	1	6406.424753759	6408.106624360	75.1	645.0	31.425	AU-BS02a_20120719_061730.wav	BS12_AU_02a
215	Waveform 1	1	6410.296967468	6411.470365562	81.1	632.9	35.297	AU-BS02a_20120719_061730.wav	BS12_AU_02a
215	Spectrogram 1	1	6410.296967468	6411.470365562	81.1	632.9	35.297	AU-BS02a_20120719_061730.wav	BS12_AU_02a
216	Waveform 1	1	6702.094902586	6703.111847600	60.9	452.3	177.095	AU-BS02a_20120719_062345.wav	BS12_AU_02a
216	Spectrogram 1	1	6702.094902586	6703.111847600	60.9	452.3	177.095	AU-BS02a_20120719_062345.wav	BS12_AU_02a
217	Waveform 1	1	6703.385640489	6704.402585503	62.9	350.9	178.386	AU-BS02a_20120719_062345.wav	BS12_AU_02a
217	Spectrogram 1	1	6703.385640489	6704.402585503	62.9	350.9	178.386	AU-BS02a_20120719_062345.wav	BS12_AU_02a
218	Waveform 1	1	6704.950171280	6705.810663216	58.8	194.7	179.950	AU-BS02a_20120719_062345.wav	BS12_AU_02a
218	Spectrogram 1	1	6704.950171280	6705.810663216	58.8	194.7	179.950	AU-BS02a_20120719_062345.wav	BS12_AU_02a
219	Waveform 1	1	6708.040119594	6709.369970767	50.7	365.1	183.040	AU-BS02a_20120719_062345.wav	BS12_AU_02a
219	Spectrogram 1	1	6708.040119594	6709.369970767	50.7	365.1	183.040	AU-BS02a_20120719_062345.wav	BS12_AU_02a
220	Waveform 1	1	6711.090954638	6712.459919080	62.9	385.4	186.091	AU-BS02a_20120719_062345.wav	BS12_AU_02a
220	Spectrogram 1	1	6711.090954638	6712.459919080	62.9	385.4	186.091	AU-BS02a_20120719_062345.wav	BS12_AU_02a
221	Waveform 1	1	6714.337356030	6715.706320473	58.8	393.5	189.337	AU-BS02a_20120719_062345.wav	BS12_AU_02a
221	Spectrogram 1	1	6714.337356030	6715.706320473	58.8	393.5	189.337	AU-BS02a_20120719_062345.wav	BS12_AU_02a
222	Waveform 1	1	6717.478261458	6718.729886091	60.9	590.3	192.478	AU-BS02a_20120719_062345.wav	BS12_AU_02a
222	Spectrogram 1	1	6717.478261458	6718.729886091	60.9	590.3	192.478	AU-BS02a_20120719_062345.wav	BS12_AU_02a
223	Waveform 1	1	6720.685549581	6722.054514023	66.9	612.6	195.686	AU-BS02a_20120719_062345.wav	BS12_AU_02a
223	Spectrogram 1	1	6720.685549581	6722.054514023	66.9	612.6	195.686	AU-BS02a_20120719_062345.wav	BS12_AU_02a
224	Waveform 1	1	6731.441698773	6732.771549946	46.7	239.4	206.442	AU-BS02a_20120719_062345.wav	BS12_AU_02a
224	Spectrogram 1	1	6731.441698773	6732.771549946	46.7	239.4	206.442	AU-BS02a_20120719_062345.wav	BS12_AU_02a
225	Waveform 1	1	6735.196572673	6736.252630957	64.9	202.8	210.197	AU-BS02a_20120719_062345.wav	BS12_AU_02a
225	Spectrogram 1	1	6735.196572673	6736.252630957	64.9	202.8	210.197	AU-BS02a_20120719_062345.wav	BS12_AU_02a
226	Waveform 1	1	6745.925452440	6747.489983232	54.8	722.1	220.925	AU-BS02a_20120719_062345.wav	BS12_AU_02a
226	Spectrogram 1	1	6745.925452440	6747.489983232	54.8	722.1	220.925	AU-BS02a_20120719_062345.wav	BS12_AU_02a
227	Waveform 1	1	6748.898060944	6750.188798847	52.7	716.0	223.898	AU-BS02a_20120719_062345.wav	BS12_AU_02a
227	Spectrogram 1	1	6748.898060944	6750.188798847	52.7	716.0	223.898	AU-BS02a_20120719_062345.wav	BS12_AU_02a
228	Waveform 1	1	6956.476864095	6957.611148919	54.8	811.4	206.477	AU-BS02a_20120719_210345.wav	BS12_AU_02a
228	Spectrogram 1	1	6956.476864095	6957.611148919	54.8	811.4	206.477	AU-BS02a_20120719_210345.wav	BS12_AU_02a
229	Waveform 1	1	7169.422203173	7170.400034918	52.7	497.0	194.422	AU-BS02a_20120720_010000.wav	BS12_AU_02a
229	Spectrogram 1	1	7169.422203173	7170.400034918	52.7	497.0	194.422	AU-BS02a_20120720_010000.wav	BS12_AU_02a
230	Waveform 1	1	7175.641213070	7176.501705006	66.9	551.7	200.641	AU-BS02a_20120720_010000.wav	BS12_AU_02a
230	Spectrogram 1	1	7175.641213070	7176.501705006	66.9	551.7	200.641	AU-BS02a_20120720_010000.wav	BS12_AU_02a
231	Waveform 1	1	7178.731161384	7179.748106398	85.2	494.9	203.731	AU-BS02a_20120720_010000.wav	BS12_AU_02a
231	Spectrogram 1	1	7178.731161384	7179.748106398	85.2	494.9	203.731	AU-BS02a_20120720_010000.wav	BS12_AU_02a
232	Waveform 1	1	7182.055789316	7182.838054712	60.9	553.8	207.056	AU-BS02a_20120720_010000.wav	BS12_AU_02a
232	Spectrogram 1	1	7182.055789316	7182.838054712	60.9	553.8	207.056	AU-BS02a_20120720_010000.wav	BS12_AU_02a
233	Waveform 1	1	7185.028397820	7186.006229565	81.1	596.3	210.028	AU-BS02a_20120720_010000.wav	BS12_AU_02a
233	Spectrogram 1	1	7185.028397820	7186.006229565	81.1	596.3	210.028	AU-BS02a_20120720_010000.wav	BS12_AU_02a
234	Waveform 1	1	7188.392139022	7189.330857497	89.2	604.5	213.392	AU-BS02a_20120720_010000.wav	BS12_AU_02a
234	Spectrogram 1	1	7188.392139022	7189.330857497	89.2	604.5	213.392	AU-BS02a_20120720_010000.wav	BS12_AU_02a
235	Waveform 1	1	7200.959342469	7201.819834405	95.3	375.3	0.959	AU-BS02a_20120720_010345.wav	BS12_AU_02a
235	Spectrogram 1	1	7200.959342469	7201.819834405	95.3	375.3	0.959	AU-BS02a_20120720_010345.wav	BS12_AU_02a
236	Waveform 1	1	7215.040119594	7215.744158450	109.5	430.0	15.040	AU-BS02a_20120720_010345.wav	BS12_AU_02a
236	Spectrogram 1	1	7215.040119594	7215.744158450	109.5	430.0	15.040	AU-BS02a_20120720_010345.wav	BS12_AU_02a
237	Waveform 1	1	7218.169181177	7218.834106764	103.4	397.6	18.169	AU-BS02a_20120720_010345.wav	BS12_AU_02a
237	Spectrogram 1	1	7218.169181177	7218.834106764	103.4	397.6	18.169	AU-BS02a_20120720_010345.wav	BS12_AU_02a
238	Waveform 1	1	7234.569485064	7235.273523920	109.5	533.5	34.569	AU-BS02a_20120720_010345.wav	BS12_AU_02a
238	Spectrogram 1	1	7234.569485064	7235.273523920	109.5	533.5	34.569	AU-BS02a_20120720_010345.wav	BS12_AU_02a
239	Waveform 1	1	7237.581206838	7238.637265122	109.5	529.4	37.581	AU-BS02a_20120720_010345.wav	BS12_AU_02a
239	Spectrogram 1	1	7237.581206838	7238.637265122	109.5	529.4	37.581	AU-BS02a_20120720_010345.wav	BS12_AU_02a
240	Waveform 1	1	7253.081905519	7254.216190343	85.2	578.1	53.082	AU-BS02a_20120720_010345.wav	BS12_AU_02a
240	Spectrogram 1	1	7253.081905519	7254.216190343	85.2	578.1	53.082	AU-BS02a_20120720_010345.wav	BS12_AU_02a
241	Waveform 1	1	7256.602099800	7257.501705006	89.2	580.1	56.602	AU-BS02a_20120720_010345.wav	BS12_AU_02a
241	Spectrogram 1	1	7256.602099800	7257.501705006	89.2	580.1	56.602	AU-BS02a_20120720_010345.wav	BS12_AU_02a
242	Waveform 1	1	7272.051841368	7272.873220033	89.2	821.5	72.052	AU-BS02a_20120720_010345.wav	BS12_AU_02a
242	Spectrogram 1	1	7272.051841368	7272.873220033	89.2	821.5	72.052	AU-BS02a_20120720_010345.wav	BS12_AU_02a
243	Waveform 1	1	7275.024449872	7276.041394886	119.7	580.1	75.024	AU-BS02a_20120720_010345.wav	BS12_AU_02a
243	Spectrogram 1	1	7275.024449872	7276.041394886	119.7	580.1	75.024	AU-BS02a_20120720_010345.wav	BS12_AU_02a
244	Waveform 1	1	7290.212242395	7291.150960870	107.5	643.0	90.212	AU-BS02a_20120720_010345.wav	BS12_AU_02a
244	Spectrogram 1	1	7290.212242395	7291.150960870	107.5	643.0	90.212	AU-BS02a_20120720_010345.wav	BS12_AU_02a
245	Waveform 1	1	7293.575983597	7294.358248993	101.4	373.2	93.576	AU-BS02a_20120720_010345.wav	BS12_AU_02a
245	Spectrogram 1	1	7293.575983597	7294.358248993	101.4	373.2	93.576	AU-BS02a_20120720_010345.wav	BS12_AU_02a
246	Waveform 1	1	7309.194022088	7309.937174214	85.2	673.4	109.194	AU-BS02a_20120720_010345.wav	BS12_AU_02a
246	Spectrogram 1	1	7309.194022088	7309.937174214	85.2	673.4	109.194	AU-BS02a_20120720_010345.wav	BS12_AU_02a
247	Waveform 1	1	7312.518650020	7313.340028686	91.3	636.9	112.519	AU-BS02a_20120720_010345.wav	BS12_AU_02a
247	Spectrogram 1	1	7312.518650020	7313.340028686	91.3	636.9	112.519	AU-BS02a_20120720_010345.wav	BS12_AU_02a
248	Waveform 1	1	7328.163957937	7328.946223332	95.3	687.6	128.164	AU-BS02a_20120720_010345.wav	BS12_AU_02a
248	Spectrogram 1	1	7328.163957937	7328.946223332	95.3	687.6	128.164	AU-BS02a_20120720_010345.wav	BS12_AU_02a
249	Waveform 1	1	7331.461316443	7332.165355299	81.1	655.2	131.461	AU-BS02a_20120720_010345.wav	BS12_AU_02a
249	Spectrogram 1	1	7331.461316443	7332.165355299	81.1	655.2	131.461	AU-BS02a_20120720_010345.wav	BS12_AU_02a
250	Waveform 1	1	7348.006229565	7348.671155151	119.7	515.2	148.006	AU-BS02a_20120720_010345.wav	BS12_AU_02a
250	Spectrogram 1	1	7348.006229565	7348.671155151	119.7	515.2	148.006	AU-BS02a_20120720_010345.wav	BS12_AU_02a
251	Waveform 1	1	7547.539542983	7548.478261458	46.7	452.3	122.540	AU-BS02a_20120720_010730.wav	BS12_AU_02a
251	Spectrogram 1	1	7547.539542983	7548.478261458	46.7	452.3	122.540	AU-BS02a_20120720_010730.wav	BS12_AU_02a
252	Waveform 1	1	7553.915005959	7554.736384624	69.0	645.0	128.915	AU-BS02a_20120720_010730.wav	BS12_AU_02a
252	Spectrogram 1	1	7553.915005959	7554.736384624	69.0	645.0	128.915	AU-BS02a_20120720_010730.wav	BS12_AU_02a
253	Waveform 1	1	7557.044067542	7557.669879859	107.5	677.5	132.044	AU-BS02a_20120720_010730.wav	BS12_AU_02a
253	Spectrogram 1	1	7557.044067542	7557.669879859	107.5	677.5	132.044	AU-BS02a_20120720_010730.wav	BS12_AU_02a
254	Waveform 1	1	7560.251355665	7561.150960870	85.2	738.3	135.251	AU-BS02a_20120720_010730.wav	BS12_AU_02a
254	Spectrogram 1	1	7560.251355665	7561.150960870	85.2	738.3	135.251	AU-BS02a_20120720_010730.wav	BS12_AU_02a
255	Waveform 1	1	7563.615096867	7564.280022453	93.3	616.6	138.615	AU-BS02a_20120720_010730.wav	BS12_AU_02a
255	Spectrogram 1	1	7563.615096867	7564.280022453	93.3	616.6	138.615	AU-BS02a_20120720_010730.wav	BS12_AU_02a
256	Waveform 1	1	7566.665931911	7567.682876925	101.4	616.6	141.666	AU-BS02a_20120720_010730.wav	BS12_AU_02a
256	Spectrogram 1	1	7566.665931911	7567.682876925	101.4	616.6	141.666	AU-BS02a_20120720_010730.wav	BS12_AU_02a
257	Waveform 1	1	7570.147012922	7570.929278318	95.3	616.6	145.147	AU-BS02a_20120720_010730.wav	BS12_AU_02a
257	Spectrogram 1	1	7570.147012922	7570.929278318	95.3	616.6	145.147	AU-BS02a_20120720_010730.wav	BS12_AU_02a
258	Waveform 1	1	7573.131465270	7573.913730666	113.6	596.3	148.131	AU-BS02a_20120720_010730.wav	BS12_AU_02a
258	Spectrogram 1	1	7573.131465270	7573.913730666	113.6	596.3	148.131	AU-BS02a_20120720_010730.wav	BS12_AU_02a
259	Waveform 1	1	7580.915005959	7581.853724434	83.2	513.2	5.915	AU-BS02a_20120720_011000.wav	BS12_AU_02a
259	Spectrogram 1	1	7580.915005959	7581.853724434	83.2	513.2	5.915	AU-BS02a_20120720_011000.wav	BS12_AU_02a
260	Waveform 1	1	7595.386915781	7596.247407717	99.4	618.7	20.387	AU-BS02a_20120720_011000.wav	BS12_AU_02a
260	Spectrogram 1	1	7595.386915781	7596.247407717	99.4	618.7	20.387	AU-BS02a_20120720_011000.wav	BS12_AU_02a
261	Waveform 1	1	7598.594203904	7599.454695840	99.4	636.9	23.594	AU-BS02a_20120720_011000.wav	BS12_AU_02a
261	Spectrogram 1	1	7598.594203904	7599.454695840	99.4	636.9	23.594	AU-BS02a_20120720_011000.wav	BS12_AU_02a
262	Waveform 1	1	7613.508203539	7614.525148553	99.4	620.7	38.508	AU-BS02a_20120720_011000.wav	BS12_AU_02a
262	Spectrogram 1	1	7613.508203539	7614.525148553	99.4	620.7	38.508	AU-BS02a_20120720_011000.wav	BS12_AU_02a
263	Waveform 1	1	7616.754604931	7617.888889755	103.4	655.2	41.755	AU-BS02a_20120720_011000.wav	BS12_AU_02a
263	Spectrogram 1	1	7616.754604931	7617.888889755	103.4	655.2	41.755	AU-BS02a_20120720_011000.wav	BS12_AU_02a
264	Waveform 1	1	7632.137963804	7632.920229199	121.7	647.1	57.138	AU-BS02a_20120720_011000.wav	BS12_AU_02a
264	Spectrogram 1	1	7632.137963804	7632.920229199	121.7	647.1	57.138	AU-BS02a_20120720_011000.wav	BS12_AU_02a
265	Waveform 1	1	7635.501705006	7636.323083671	113.6	602.4	60.502	AU-BS02a_20120720_011000.wav	BS12_AU_02a
265	Spectrogram 1	1	7635.501705006	7636.323083671	113.6	602.4	60.502	AU-BS02a_20120720_011000.wav	BS12_AU_02a
266	Waveform 1	1	7639.100125826	7639.960617762	101.4	590.3	64.100	AU-BS02a_20120720_011000.wav	BS12_AU_02a
266	Spectrogram 1	1	7639.100125826	7639.960617762	101.4	590.3	64.100	AU-BS02a_20120720_011000.wav	BS12_AU_02a
267	Waveform 1	1	7651.459919080	7652.124844667	99.4	636.9	76.460	AU-BS02a_20120720_011000.wav	BS12_AU_02a
267	Spectrogram 1	1	7651.459919080	7652.124844667	99.4	636.9	76.460	AU-BS02a_20120720_011000.wav	BS12_AU_02a
268	Waveform 1	1	7654.405258159	7655.539542983	105.5	722.1	79.405	AU-BS02a_20120720_011000.wav	BS12_AU_02a
268	Spectrogram 1	1	7654.405258159	7655.539542983	105.5	722.1	79.405	AU-BS02a_20120720_011000.wav	BS12_AU_02a
269	Waveform 1	1	7658.160132059	7658.903284185	87.2	306.3	83.160	AU-BS02a_20120720_011000.wav	BS12_AU_02a
269	Spectrogram 1	1	7658.160132059	7658.903284185	87.2	306.3	83.160	AU-BS02a_20120720_011000.wav	BS12_AU_02a
270	Waveform 1	1	7670.480812043	7671.341303978	103.4	318.5	95.481	AU-BS02a_20120720_011000.wav	BS12_AU_02a
270	Spectrogram 1	1	7670.480812043	7671.341303978	103.4	318.5	95.481	AU-BS02a_20120720_011000.wav	BS12_AU_02a
271	Waveform 1	1	7673.688100166	7674.353025752	79.1	478.7	98.688	AU-BS02a_20120720_011000.wav	BS12_AU_02a
271	Spectrogram 1	1	7673.688100166	7674.353025752	79.1	478.7	98.688	AU-BS02a_20120720_011000.wav	BS12_AU_02a
272	Waveform 1	1	7689.032345768	7689.697271355	101.4	468.6	114.032	AU-BS02a_20120720_011000.wav	BS12_AU_02a
272	Spectrogram 1	1	7689.032345768	7689.697271355	101.4	468.6	114.032	AU-BS02a_20120720_011000.wav	BS12_AU_02a
273	Waveform 1	1	7692.356973700	7693.139239096	91.3	480.7	117.357	AU-BS02a_20120720_011000.wav	BS12_AU_02a
273	Spectrogram 1	1	7692.356973700	7693.139239096	91.3	480.7	117.357	AU-BS02a_20120720_011000.wav	BS12_AU_02a
274	Waveform 1	1	7708.041394886	7708.823660282	103.4	531.4	133.041	AU-BS02a_20120720_011000.wav	BS12_AU_02a
274	Spectrogram 1	1	7708.041394886	7708.823660282	103.4	531.4	133.041	AU-BS02a_20120720_011000.wav	BS12_AU_02a
275	Waveform 1	1	7711.064960505	7711.964565710	123.7	588.2	136.065	AU-BS02a_20120720_011000.wav	BS12_AU_02a
275	Spectrogram 1	1	7711.064960505	7711.964565710	123.7	588.2	136.065	AU-BS02a_20120720_011000.wav	BS12_AU_02a
276	Waveform 1	1	7726.475588802	7727.453420547	119.7	578.1	151.476	AU-BS02a_20120720_011000.wav	BS12_AU_02a
276	Spectrogram 1	1	7726.475588802	7727.453420547	119.7	578.1	151.476	AU-BS02a_20120720_011000.wav	BS12_AU_02a
277	Waveform 1	1	7729.761103465	7730.699821940	113.6	626.8	154.761	AU-BS02a_20120720_011000.wav	BS12_AU_02a
277	Spectrogram 1	1	7729.761103465	7730.699821940	113.6	626.8	154.761	AU-BS02a_20120720_011000.wav	BS12_AU_02a
278	Waveform 1	1	7745.535595035	7746.669879859	111.6	590.3	170.536	AU-BS02a_20120720_011000.wav	BS12_AU_02a
278	Spectrogram 1	1	7745.535595035	7746.669879859	111.6	590.3	170.536	AU-BS02a_20120720_011000.wav	BS12_AU_02a
279	Waveform 1	1	7749.016676046	7749.838054712	117.6	632.9	174.017	AU-BS02a_20120720_011000.wav	BS12_AU_02a
279	Spectrogram 1	1	7749.016676046	7749.838054712	117.6	632.9	174.017	AU-BS02a_20120720_011000.wav	BS12_AU_02a
280	Waveform 1	1	7957.780721135	7958.406533451	103.4	464.5	157.781	AU-BS02a_20120720_011345.wav	BS12_AU_02a
280	Spectrogram 1	1	7957.780721135	7958.406533451	103.4	464.5	157.781	AU-BS02a_20120720_011345.wav	BS12_AU_02a
281	Waveform 1	1	7959.110572308	7959.736384624	89.2	219.1	159.111	AU-BS02a_20120720_011345.wav	BS12_AU_02a
281	Spectrogram 1	1	7959.110572308	7959.736384624	89.2	219.1	159.111	AU-BS02a_20120720_011345.wav	BS12_AU_02a
282	Waveform 1	1	7963.843277952	7964.899336237	87.2	480.7	163.843	AU-BS02a_20120720_011345.wav	BS12_AU_02a
282	Spectrogram 1	1	7963.843277952	7964.899336237	87.2	480.7	163.843	AU-BS02a_20120720_011345.wav	BS12_AU_02a
283	Waveform 1	1	7967.050566075	7967.676378392	85.2	456.4	167.051	AU-BS02a_20120720_011345.wav	BS12_AU_02a
283	Spectrogram 1	1	7967.050566075	7967.676378392	85.2	456.4	167.051	AU-BS02a_20120720_011345.wav	BS12_AU_02a
284	Waveform 1	1	7970.375194007	7971.274799213	83.2	525.4	170.375	AU-BS02a_20120720_011345.wav	BS12_AU_02a
284	Spectrogram 1	1	7970.375194007	7971.274799213	83.2	525.4	170.375	AU-BS02a_20120720_011345.wav	BS12_AU_02a
285	Waveform 1	1	7973.621595400	7974.208294447	85.2	565.9	173.622	AU-BS02a_20120720_011345.wav	BS12_AU_02a
285	Spectrogram 1	1	7973.621595400	7974.208294447	85.2	565.9	173.622	AU-BS02a_20120720_011345.wav	BS12_AU_02a
286	Waveform 1	1	7976.711543714	7977.220016221	117.6	638.9	176.712	AU-BS02a_20120720_011345.wav	BS12_AU_02a
286	Spectrogram 1	1	7976.711543714	7977.220016221	117.6	638.9	176.712	AU-BS02a_20120720_011345.wav	BS12_AU_02a
287	Waveform 1	1	7979.774222602	7980.439148188	255.6	618.7	179.774	AU-BS02a_20120720_011345.wav	BS12_AU_02a
287	Spectrogram 1	1	7979.774222602	7980.439148188	255.6	618.7	179.774	AU-BS02a_20120720_011345.wav	BS12_AU_02a
288	Waveform 1	1	7988.731161384	7989.748106398	79.1	632.9	188.731	AU-BS02a_20120720_011345.wav	BS12_AU_02a
288	Spectrogram 1	1	7988.731161384	7989.748106398	79.1	632.9	188.731	AU-BS02a_20120720_011345.wav	BS12_AU_02a
289	Waveform 1	1	7992.329582204	7992.955394521	184.6	302.2	192.330	AU-BS02a_20120720_011345.wav	BS12_AU_02a
289	Spectrogram 1	1	7992.329582204	7992.955394521	184.6	302.2	192.330	AU-BS02a_20120720_011345.wav	BS12_AU_02a
290	Waveform 1	1	8002.772825239	8003.359524285	99.4	255.6	202.773	AU-BS02a_20120720_011345.wav	BS12_AU_02a
290	Spectrogram 1	1	8002.772825239	8003.359524285	99.4	255.6	202.773	AU-BS02a_20120720_011345.wav	BS12_AU_02a
291	Waveform 1	1	8005.522597968	8006.422203173	85.2	405.7	205.523	AU-BS02a_20120720_011345.wav	BS12_AU_02a
291	Spectrogram 1	1	8005.522597968	8006.422203173	85.2	405.7	205.523	AU-BS02a_20120720_011345.wav	BS12_AU_02a
292	Waveform 1	1	8021.128792615	8021.832831471	111.6	537.5	221.129	AU-BS02a_20120720_011345.wav	BS12_AU_02a
292	Spectrogram 1	1	8021.128792615	8021.832831471	111.6	537.5	221.129	AU-BS02a_20120720_011345.wav	BS12_AU_02a
293	Waveform 1	1	8024.140514389	8024.922779785	95.3	624.7	224.141	AU-BS02a_20120720_011345.wav	BS12_AU_02a
293	Spectrogram 1	1	8024.140514389	8024.922779785	95.3	624.7	224.141	AU-BS02a_20120720_011345.wav	BS12_AU_02a
294	Waveform 1	1	8038.937174214	8039.797666149	95.3	584.2	13.937	AU-BS02a_20120720_011730.wav	BS12_AU_02a
294	Spectrogram 1	1	8038.937174214	8039.797666149	95.3	584.2	13.937	AU-BS02a_20120720_011730.wav	BS12_AU_02a
295	Waveform 1	1	8042.066235797	8042.770274653	95.3	592.3	17.066	AU-BS02a_20120720_011730.wav	BS12_AU_02a
295	Spectrogram 1	1	8042.066235797	8042.770274653	95.3	592.3	17.066	AU-BS02a_20120720_011730.wav	BS12_AU_02a
296	Waveform 1	1	8057.281297746	8057.867996793	123.7	367.1	32.281	AU-BS02a_20120720_011730.wav	BS12_AU_02a
296	Spectrogram 1	1	8057.281297746	8057.867996793	123.7	367.1	32.281	AU-BS02a_20120720_011730.wav	BS12_AU_02a
297	Waveform 1	1	8060.304863364	8061.243581839	107.5	543.6	35.305	AU-BS02a_20120720_011730.wav	BS12_AU_02a
297	Spectrogram 1	1	8060.304863364	8061.243581839	107.5	543.6	35.305	AU-BS02a_20120720_011730.wav	BS12_AU_02a
298	Waveform 1	1	8076.028397820	8076.771549946	113.6	636.9	51.028	AU-BS02a_20120720_011730.wav	BS12_AU_02a
298	Spectrogram 1	1	8076.028397820	8076.771549946	113.6	636.9	51.028	AU-BS02a_20120720_011730.wav	BS12_AU_02a
299	Waveform 1	1	8079.157459403	8079.900611529	101.4	606.5	54.157	AU-BS02a_20120720_011730.wav	BS12_AU_02a
299	Spectrogram 1	1	8079.157459403	8079.900611529	101.4	606.5	54.157	AU-BS02a_20120720_011730.wav	BS12_AU_02a
300	Waveform 1	1	8094.462591736	8095.557763290	91.3	647.1	69.463	AU-BS02a_20120720_011730.wav	BS12_AU_02a
300	Spectrogram 1	1	8094.462591736	8095.557763290	91.3	647.1	69.463	AU-BS02a_20120720_011730.wav	BS12_AU_02a
301	Waveform 1	1	8098.061012557	8098.999731032	107.5	622.7	73.061	AU-BS02a_20120720_011730.wav	BS12_AU_02a
301	Spectrogram 1	1	8098.061012557	8098.999731032	107.5	622.7	73.061	AU-BS02a_20120720_011730.wav	BS12_AU_02a
302	Waveform 1	1	8101.502980298	8102.519925313	123.7	576.1	76.503	AU-BS02a_20120720_011730.wav	BS12_AU_02a
302	Spectrogram 1	1	8101.502980298	8102.519925313	123.7	576.1	76.503	AU-BS02a_20120720_011730.wav	BS12_AU_02a
303	Waveform 1	1	8113.444371429	8114.383089904	113.6	624.7	88.444	AU-BS02a_20120720_011730.wav	BS12_AU_02a
303	Spectrogram 1	1	8113.444371429	8114.383089904	113.6	624.7	88.444	AU-BS02a_20120720_011730.wav	BS12_AU_02a
304	Waveform 1	1	8116.690772821	8117.707717836	107.5	667.3	91.691	AU-BS02a_20120720_011730.wav	BS12_AU_02a
304	Spectrogram 1	1	8116.690772821	8117.707717836	107.5	667.3	91.691	AU-BS02a_20120720_011730.wav	BS12_AU_02a
305	Waveform 1	1	8132.570760356	8133.118346133	184.6	659.2	107.571	AU-BS02a_20120720_011730.wav	BS12_AU_02a
305	Spectrogram 1	1	8132.570760356	8133.118346133	184.6	659.2	107.571	AU-BS02a_20120720_011730.wav	BS12_AU_02a
306	Waveform 1	1	8135.817161749	8136.677653684	131.8	689.7	110.817	AU-BS02a_20120720_011730.wav	BS12_AU_02a
306	Spectrogram 1	1	8135.817161749	8136.677653684	131.8	689.7	110.817	AU-BS02a_20120720_011730.wav	BS12_AU_02a
307	Waveform 1	1	8139.415582570	8140.315187775	131.8	614.6	114.416	AU-BS02a_20120720_011730.wav	BS12_AU_02a
307	Spectrogram 1	1	8139.415582570	8140.315187775	131.8	614.6	114.416	AU-BS02a_20120720_011730.wav	BS12_AU_02a
308	Waveform 1	1	8359.104073774	8360.121018789	99.4	614.6	184.104	AU-BS02a_20120720_012000.wav	BS12_AU_02a
308	Spectrogram 1	1	8359.104073774	8360.121018789	99.4	614.6	184.104	AU-BS02a_20120720_012000.wav	BS12_AU_02a
309	Waveform 1	1	8365.596876560	8366.379141956	111.6	588.2	190.597	AU-BS02a_20120720_012000.wav	BS12_AU_02a
309	Spectrogram 1	1	8365.596876560	8366.379141956	111.6	588.2	190.597	AU-BS02a_20120720_012000.wav	BS12_AU_02a
310	Waveform 1	1	8368.999731032	8369.625543348	121.7	468.6	194.000	AU-BS02a_20120720_012000.wav	BS12_AU_02a
310	Spectrogram 1	1	8368.999731032	8369.625543348	121.7	468.6	194.000	AU-BS02a_20120720_012000.wav	BS12_AU_02a
311	Waveform 1	1	8372.324358964	8372.989284550	109.5	545.6	197.324	AU-BS02a_20120720_012000.wav	BS12_AU_02a
311	Spectrogram 1	1	8372.324358964	8372.989284550	109.5	545.6	197.324	AU-BS02a_20120720_012000.wav	BS12_AU_02a
312	Waveform 1	1	8375.570760356	8376.196572673	133.9	665.3	200.571	AU-BS02a_20120720_012000.wav	BS12_AU_02a
312	Spectrogram 1	1	8375.570760356	8376.196572673	133.9	665.3	200.571	AU-BS02a_20120720_012000.wav	BS12_AU_02a
313	Waveform 1	1	8378.817161749	8379.521200605	107.5	671.4	203.817	AU-BS02a_20120720_012000.wav	BS12_AU_02a
313	Spectrogram 1	1	8378.817161749	8379.521200605	107.5	671.4	203.817	AU-BS02a_20120720_012000.wav	BS12_AU_02a
314	Waveform 1	1	8382.141789681	8382.806715268	117.6	622.7	207.142	AU-BS02a_20120720_012000.wav	BS12_AU_02a
314	Spectrogram 1	1	8382.141789681	8382.806715268	117.6	622.7	207.142	AU-BS02a_20120720_012000.wav	BS12_AU_02a
315	Waveform 1	1	8392.792442909	8393.652934844	85.2	519.3	217.792	AU-BS02a_20120720_012000.wav	BS12_AU_02a
315	Spectrogram 1	1	8392.792442909	8393.652934844	85.2	519.3	217.792	AU-BS02a_20120720_012000.wav	BS12_AU_02a
316	Waveform 1	1	8407.303466001	8408.320411016	101.4	736.3	7.303	AU-BS02a_20120720_012345.wav	BS12_AU_02a
316	Spectrogram 1	1	8407.303466001	8408.320411016	101.4	736.3	7.303	AU-BS02a_20120720_012345.wav	BS12_AU_02a
317	Waveform 1	1	8410.483484698	8411.265750094	99.4	772.8	10.484	AU-BS02a_20120720_012345.wav	BS12_AU_02a
317	Spectrogram 1	1	8410.483484698	8411.265750094	99.4	772.8	10.484	AU-BS02a_20120720_012345.wav	BS12_AU_02a
318	Waveform 1	1	8425.581206838	8426.402585503	113.6	750.5	25.581	AU-BS02a_20120720_012345.wav	BS12_AU_02a
318	Spectrogram 1	1	8425.581206838	8426.402585503	113.6	750.5	25.581	AU-BS02a_20120720_012345.wav	BS12_AU_02a
319	Waveform 1	1	8428.710268421	8429.727213436	121.7	764.7	28.710	AU-BS02a_20120720_012345.wav	BS12_AU_02a
319	Spectrogram 1	1	8428.710268421	8429.727213436	121.7	764.7	28.710	AU-BS02a_20120720_012345.wav	BS12_AU_02a
320	Waveform 1	1	8442.529096501	8443.350475167	97.4	659.2	42.529	AU-BS02a_20120720_012345.wav	BS12_AU_02a
320	Spectrogram 1	1	8442.529096501	8443.350475167	97.4	659.2	42.529	AU-BS02a_20120720_012345.wav	BS12_AU_02a
321	Waveform 1	1	8444.054514023	8444.915005959	105.5	701.8	44.055	AU-BS02a_20120720_012345.wav	BS12_AU_02a
321	Spectrogram 1	1	8444.054514023	8444.915005959	105.5	701.8	44.055	AU-BS02a_20120720_012345.wav	BS12_AU_02a
322	Waveform 1	1	8447.222688876	8448.083180812	117.6	691.7	47.223	AU-BS02a_20120720_012345.wav	BS12_AU_02a
322	Spectrogram 1	1	8447.222688876	8448.083180812	117.6	691.7	47.223	AU-BS02a_20120720_012345.wav	BS12_AU_02a
323	Waveform 1	1	8463.259129491	8463.884941807	89.2	667.3	63.259	AU-BS02a_20120720_012345.wav	BS12_AU_02a
323	Spectrogram 1	1	8463.259129491	8463.884941807	89.2	667.3	63.259	AU-BS02a_20120720_012345.wav	BS12_AU_02a
324	Waveform 1	1	8466.556487997	8467.456093203	111.6	701.8	66.557	AU-BS02a_20120720_012345.wav	BS12_AU_02a
324	Spectrogram 1	1	8466.556487997	8467.456093203	111.6	701.8	66.557	AU-BS02a_20120720_012345.wav	BS12_AU_02a
325	Waveform 1	1	8482.788494961	8483.727213436	119.7	709.9	82.788	AU-BS02a_20120720_012345.wav	BS12_AU_02a
325	Spectrogram 1	1	8482.788494961	8483.727213436	119.7	709.9	82.788	AU-BS02a_20120720_012345.wav	BS12_AU_02a
326	Waveform 1	1	8485.995783083	8486.817161749	107.5	783.0	85.996	AU-BS02a_20120720_012345.wav	BS12_AU_02a
326	Spectrogram 1	1	8485.995783083	8486.817161749	107.5	783.0	85.996	AU-BS02a_20120720_012345.wav	BS12_AU_02a
327	Waveform 1	1	8503.804164683	8504.664656618	99.4	738.3	103.804	AU-BS02a_20120720_012345.wav	BS12_AU_02a
327	Spectrogram 1	1	8503.804164683	8504.664656618	99.4	738.3	103.804	AU-BS02a_20120720_012345.wav	BS12_AU_02a
328	Waveform 1	1	8519.265750094	8520.360921648	111.6	653.1	119.266	AU-BS02a_20120720_012345.wav	BS12_AU_02a
328	Spectrogram 1	1	8519.265750094	8520.360921648	111.6	653.1	119.266	AU-BS02a_20120720_012345.wav	BS12_AU_02a
329	Waveform 1	1	8522.785944375	8523.411756692	103.4	679.5	122.786	AU-BS02a_20120720_012345.wav	BS12_AU_02a
329	Spectrogram 1	1	8522.785944375	8523.411756692	103.4	679.5	122.786	AU-BS02a_20120720_012345.wav	BS12_AU_02a
330	Waveform 1	1	8538.157459403	8539.369970767	121.7	720.1	138.157	AU-BS02a_20120720_012345.wav	BS12_AU_02a
330	Spectrogram 1	1	8538.157459403	8539.369970767	121.7	720.1	138.157	AU-BS02a_20120720_012345.wav	BS12_AU_02a
331	Waveform 1	1	8541.560313875	8542.577258890	109.5	655.2	141.560	AU-BS02a_20120720_012345.wav	BS12_AU_02a
331	Spectrogram 1	1	8541.560313875	8542.577258890	109.5	655.2	141.560	AU-BS02a_20120720_012345.wav	BS12_AU_02a
332	Waveform 1	1	8556.787219668	8557.804164683	125.8	746.5	156.787	AU-BS02a_20120720_012345.wav	BS12_AU_02a
332	Spectrogram 1	1	8556.787219668	8557.804164683	125.8	746.5	156.787	AU-BS02a_20120720_012345.wav	BS12_AU_02a
333	Waveform 1	1	8560.072734330	8560.815886456	111.6	768.8	160.073	AU-BS02a_20120720_012345.wav	BS12_AU_02a
333	Spectrogram 1	1	8560.072734330	8560.815886456	111.6	768.8	160.073	AU-BS02a_20120720_012345.wav	BS12_AU_02a
334	Waveform 1	1	8626.131465270	8626.991957206	97.4	709.9	1.131	AU-BS02a_20120720_013000.wav	BS12_AU_02a
334	Spectrogram 1	1	8626.131465270	8626.991957206	97.4	709.9	1.131	AU-BS02a_20120720_013000.wav	BS12_AU_02a
335	Waveform 1	1	8632.428701707	8633.132740563	101.4	497.0	7.429	AU-BS02a_20120720_013000.wav	BS12_AU_02a
335	Spectrogram 1	1	8632.428701707	8633.132740563	101.4	497.0	7.429	AU-BS02a_20120720_013000.wav	BS12_AU_02a
336	Waveform 1	1	8638.725938143	8639.429976999	103.4	411.8	13.726	AU-BS02a_20120720_013000.wav	BS12_AU_02a
336	Spectrogram 1	1	8638.725938143	8639.429976999	103.4	411.8	13.726	AU-BS02a_20120720_013000.wav	BS12_AU_02a
337	Waveform 1	1	8641.815886456	8642.598151852	115.6	586.2	16.816	AU-BS02a_20120720_013000.wav	BS12_AU_02a
337	Spectrogram 1	1	8641.815886456	8642.598151852	115.6	586.2	16.816	AU-BS02a_20120720_013000.wav	BS12_AU_02a
338	Waveform 1	1	8645.140514389	8645.961893054	105.5	288.0	20.141	AU-BS02a_20120720_013000.wav	BS12_AU_02a
338	Spectrogram 1	1	8645.140514389	8645.961893054	105.5	288.0	20.141	AU-BS02a_20120720_013000.wav	BS12_AU_02a
339	Waveform 1	1	8648.308689242	8649.169181177	342.8	647.1	23.309	AU-BS02a_20120720_013000.wav	BS12_AU_02a
339	Spectrogram 1	1	8648.308689242	8649.169181177	342.8	647.1	23.309	AU-BS02a_20120720_013000.wav	BS12_AU_02a
340	Waveform 1	1	8659.154908818	8660.132740563	60.9	730.2	34.155	AU-BS02a_20120720_013000.wav	BS12_AU_02a
340	Spectrogram 1	1	8659.154908818	8660.132740563	60.9	730.2	34.155	AU-BS02a_20120720_013000.wav	BS12_AU_02a
341	Waveform 1	1	8674.252630957	8674.956669814	235.3	610.5	49.253	AU-BS02a_20120720_013000.wav	BS12_AU_02a
341	Spectrogram 1	1	8674.252630957	8674.956669814	235.3	610.5	49.253	AU-BS02a_20120720_013000.wav	BS12_AU_02a
342	Waveform 1	1	8677.186126192	8678.203071206	97.4	582.2	52.186	AU-BS02a_20120720_013000.wav	BS12_AU_02a
342	Spectrogram 1	1	8677.186126192	8678.203071206	97.4	582.2	52.186	AU-BS02a_20120720_013000.wav	BS12_AU_02a
343	Waveform 1	1	8693.273523920	8694.094902586	133.9	492.9	68.274	AU-BS02a_20120720_013000.wav	BS12_AU_02a
343	Spectrogram 1	1	8693.273523920	8694.094902586	133.9	492.9	68.274	AU-BS02a_20120720_013000.wav	BS12_AU_02a
344	Waveform 1	1	8696.363472234	8697.263077439	97.4	568.0	71.364	AU-BS02a_20120720_013000.wav	BS12_AU_02a
344	Spectrogram 1	1	8696.363472234	8697.263077439	97.4	568.0	71.364	AU-BS02a_20120720_013000.wav	BS12_AU_02a
345	Waveform 1	1	8712.059737264	8712.685549581	131.8	616.6	87.060	AU-BS02a_20120720_013000.wav	BS12_AU_02a
345	Spectrogram 1	1	8712.059737264	8712.685549581	131.8	616.6	87.060	AU-BS02a_20120720_013000.wav	BS12_AU_02a
346	Waveform 1	1	8715.384365196	8716.049290783	117.6	758.6	90.384	AU-BS02a_20120720_013000.wav	BS12_AU_02a
346	Spectrogram 1	1	8715.384365196	8716.049290783	117.6	758.6	90.384	AU-BS02a_20120720_013000.wav	BS12_AU_02a
347	Waveform 1	1	8730.873220033	8732.046618127	133.9	677.5	105.873	AU-BS02a_20120720_013000.wav	BS12_AU_02a
347	Spectrogram 1	1	8730.873220033	8732.046618127	133.9	677.5	105.873	AU-BS02a_20120720_013000.wav	BS12_AU_02a
348	Waveform 1	1	8734.467814976	8734.976287484	109.5	630.8	109.468	AU-BS02a_20120720_013000.wav	BS12_AU_02a
348	Spectrogram 1	1	8734.467814976	8734.976287484	109.5	630.8	109.468	AU-BS02a_20120720_013000.wav	BS12_AU_02a
349	Waveform 1	1	8749.487310576	8750.191349432	101.4	645.0	124.487	AU-BS02a_20120720_013000.wav	BS12_AU_02a
349	Spectrogram 1	1	8749.487310576	8750.191349432	101.4	645.0	124.487	AU-BS02a_20120720_013000.wav	BS12_AU_02a
350	Waveform 1	1	8752.616372159	8753.359524285	99.4	636.9	127.616	AU-BS02a_20120720_013000.wav	BS12_AU_02a
350	Spectrogram 1	1	8752.616372159	8753.359524285	99.4	636.9	127.616	AU-BS02a_20120720_013000.wav	BS12_AU_02a
351	Waveform 1	1	8768.781996427	8769.407808744	107.5	728.2	143.782	AU-BS02a_20120720_013000.wav	BS12_AU_02a
351	Spectrogram 1	1	8768.781996427	8769.407808744	107.5	728.2	143.782	AU-BS02a_20120720_013000.wav	BS12_AU_02a
352	Waveform 1	1	8772.145737629	8772.693323406	105.5	722.1	147.146	AU-BS02a_20120720_013000.wav	BS12_AU_02a
352	Spectrogram 1	1	8772.145737629	8772.693323406	105.5	722.1	147.146	AU-BS02a_20120720_013000.wav	BS12_AU_02a
353	Waveform 1	1	8788.154908818	8789.054514023	125.8	742.4	163.155	AU-BS02a_20120720_013000.wav	BS12_AU_02a
353	Spectrogram 1	1	8788.154908818	8789.054514023	125.8	742.4	163.155	AU-BS02a_20120720_013000.wav	BS12_AU_02a
354	Waveform 1	1	8791.244857132	8792.066235797	131.8	705.9	166.245	AU-BS02a_20120720_013000.wav	BS12_AU_02a
354	Spectrogram 1	1	8791.244857132	8792.066235797	131.8	705.9	166.245	AU-BS02a_20120720_013000.wav	BS12_AU_02a
355	Waveform 1	1	8795.195297380	8795.860222967	340.8	657.2	170.195	AU-BS02a_20120720_013000.wav	BS12_AU_02a
355	Spectrogram 1	1	8795.195297380	8795.860222967	340.8	657.2	170.195	AU-BS02a_20120720_013000.wav	BS12_AU_02a
356	Waveform 1	1	8808.141789681	8808.924055077	231.2	754.6	183.142	AU-BS02a_20120720_013000.wav	BS12_AU_02a
356	Spectrogram 1	1	8808.141789681	8808.924055077	231.2	754.6	183.142	AU-BS02a_20120720_013000.wav	BS12_AU_02a
357	Waveform 1	1	8811.478261458	8812.182300314	131.8	720.1	186.478	AU-BS02a_20120720_013000.wav	BS12_AU_02a
357	Spectrogram 1	1	8811.478261458	8812.182300314	131.8	720.1	186.478	AU-BS02a_20120720_013000.wav	BS12_AU_02a
358	Waveform 1	1	8815.311361897	8815.976287484	152.1	616.6	190.311	AU-BS02a_20120720_013000.wav	BS12_AU_02a
358	Spectrogram 1	1	8815.311361897	8815.976287484	152.1	616.6	190.311	AU-BS02a_20120720_013000.wav	BS12_AU_02a
359	Waveform 1	1	8831.699821940	8832.521200605	123.7	636.9	206.700	AU-BS02a_20120720_013000.wav	BS12_AU_02a
359	Spectrogram 1	1	8831.699821940	8832.521200605	123.7	636.9	206.700	AU-BS02a_20120720_013000.wav	BS12_AU_02a
360	Waveform 1	1	9001.808112631	9002.473038217	66.9	584.2	151.808	AU-BS02a_20120720_013345.wav	BS12_AU_02a
360	Spectrogram 1	1	9001.808112631	9002.473038217	66.9	584.2	151.808	AU-BS02a_20120720_013345.wav	BS12_AU_02a
361	Waveform 1	1	9007.948895988	9008.731161384	81.1	470.6	157.949	AU-BS02a_20120720_013345.wav	BS12_AU_02a
361	Spectrogram 1	1	9007.948895988	9008.731161384	81.1	470.6	157.949	AU-BS02a_20120720_013345.wav	BS12_AU_02a
362	Waveform 1	1	9011.273523920	9012.055789316	91.3	472.6	161.274	AU-BS02a_20120720_013345.wav	BS12_AU_02a
362	Spectrogram 1	1	9011.273523920	9012.055789316	91.3	472.6	161.274	AU-BS02a_20120720_013345.wav	BS12_AU_02a
363	Waveform 1	1	9014.480812043	9015.341303978	81.1	503.0	164.481	AU-BS02a_20120720_013345.wav	BS12_AU_02a
363	Spectrogram 1	1	9014.480812043	9015.341303978	81.1	503.0	164.481	AU-BS02a_20120720_013345.wav	BS12_AU_02a
364	Waveform 1	1	9017.805439975	9018.822384990	97.4	391.5	167.805	AU-BS02a_20120720_013345.wav	BS12_AU_02a
364	Spectrogram 1	1	9017.805439975	9018.822384990	97.4	391.5	167.805	AU-BS02a_20120720_013345.wav	BS12_AU_02a
365	Waveform 1	1	9020.934501558	9021.755880224	99.4	411.8	170.934	AU-BS02a_20120720_013345.wav	BS12_AU_02a
365	Spectrogram 1	1	9020.934501558	9021.755880224	99.4	411.8	170.934	AU-BS02a_20120720_013345.wav	BS12_AU_02a
366	Waveform 1	1	9032.015400753	9032.836779419	89.2	227.2	182.015	AU-BS02a_20120720_013345.wav	BS12_AU_02a
366	Spectrogram 1	1	9032.015400753	9032.836779419	89.2	227.2	182.015	AU-BS02a_20120720_013345.wav	BS12_AU_02a
367	Waveform 1	1	9045.861498260	9046.800216734	103.4	618.7	195.861	AU-BS02a_20120720_013345.wav	BS12_AU_02a
367	Spectrogram 1	1	9045.861498260	9046.800216734	103.4	618.7	195.861	AU-BS02a_20120720_013345.wav	BS12_AU_02a
368	Waveform 1	1	9048.990559843	9050.085731397	101.4	618.7	198.991	AU-BS02a_20120720_013345.wav	BS12_AU_02a
368	Spectrogram 1	1	9048.990559843	9050.085731397	101.4	618.7	198.991	AU-BS02a_20120720_013345.wav	BS12_AU_02a
369	Waveform 1	1	9064.256578905	9064.999731032	64.9	685.6	214.257	AU-BS02a_20120720_013345.wav	BS12_AU_02a
369	Spectrogram 1	1	9064.256578905	9064.999731032	64.9	685.6	214.257	AU-BS02a_20120720_013345.wav	BS12_AU_02a
370	Waveform 1	1	9067.346527219	9068.207019154	93.3	641.0	217.347	AU-BS02a_20120720_013345.wav	BS12_AU_02a
370	Spectrogram 1	1	9067.346527219	9068.207019154	93.3	641.0	217.347	AU-BS02a_20120720_013345.wav	BS12_AU_02a
371	Waveform 1	1	9082.182300314	9082.964565710	105.5	419.9	7.182	AU-BS02a_20120720_060000.wav	BS12_AU_02a
371	Spectrogram 1	1	9082.182300314	9082.964565710	105.5	419.9	7.182	AU-BS02a_20120720_060000.wav	BS12_AU_02a
372	Waveform 1	1	9096.341303978	9097.045342835	107.5	513.2	21.341	AU-BS02a_20120720_060000.wav	BS12_AU_02a
372	Spectrogram 1	1	9096.341303978	9097.045342835	107.5	513.2	21.341	AU-BS02a_20120720_060000.wav	BS12_AU_02a
373	Waveform 1	1	9099.313912482	9100.174404418	95.3	217.0	24.314	AU-BS02a_20120720_060000.wav	BS12_AU_02a
373	Spectrogram 1	1	9099.313912482	9100.174404418	95.3	217.0	24.314	AU-BS02a_20120720_060000.wav	BS12_AU_02a
374	Waveform 1	1	9117.513426779	9118.256578905	77.1	259.6	42.513	AU-BS02a_20120720_060000.wav	BS12_AU_02a
374	Spectrogram 1	1	9117.513426779	9118.256578905	77.1	259.6	42.513	AU-BS02a_20120720_060000.wav	BS12_AU_02a
375	Waveform 1	1	9133.444371429	9134.070183745	77.1	494.9	58.444	AU-BS02a_20120720_060000.wav	BS12_AU_02a
375	Spectrogram 1	1	9133.444371429	9134.070183745	77.1	494.9	58.444	AU-BS02a_20120720_060000.wav	BS12_AU_02a
376	Waveform 1	1	9136.534319742	9137.160132059	107.5	474.6	61.534	AU-BS02a_20120720_060000.wav	BS12_AU_02a
376	Spectrogram 1	1	9136.534319742	9137.160132059	107.5	474.6	61.534	AU-BS02a_20120720_060000.wav	BS12_AU_02a
377	Waveform 1	1	9152.609873626	9153.431252292	164.3	539.6	77.610	AU-BS02a_20120720_060000.wav	BS12_AU_02a
377	Spectrogram 1	1	9152.609873626	9153.431252292	164.3	539.6	77.610	AU-BS02a_20120720_060000.wav	BS12_AU_02a
378	Waveform 1	1	9155.856275019	9156.560313875	91.3	527.4	80.856	AU-BS02a_20120720_060000.wav	BS12_AU_02a
378	Spectrogram 1	1	9155.856275019	9156.560313875	91.3	527.4	80.856	AU-BS02a_20120720_060000.wav	BS12_AU_02a
379	Waveform 1	1	9172.139239096	9172.960617762	111.6	568.0	97.139	AU-BS02a_20120720_060000.wav	BS12_AU_02a
379	Spectrogram 1	1	9172.139239096	9172.960617762	111.6	568.0	97.139	AU-BS02a_20120720_060000.wav	BS12_AU_02a
380	Waveform 1	1	9175.346527219	9176.207019154	117.6	507.1	100.347	AU-BS02a_20120720_060000.wav	BS12_AU_02a
380	Spectrogram 1	1	9175.346527219	9176.207019154	117.6	507.1	100.347	AU-BS02a_20120720_060000.wav	BS12_AU_02a
381	Waveform 1	1	9191.707717836	9192.646436311	113.6	545.6	116.708	AU-BS02a_20120720_060000.wav	BS12_AU_02a
381	Spectrogram 1	1	9191.707717836	9192.646436311	113.6	545.6	116.708	AU-BS02a_20120720_060000.wav	BS12_AU_02a
382	Waveform 1	1	9194.875892689	9195.579931545	115.6	580.1	119.876	AU-BS02a_20120720_060000.wav	BS12_AU_02a
382	Spectrogram 1	1	9194.875892689	9195.579931545	115.6	580.1	119.876	AU-BS02a_20120720_060000.wav	BS12_AU_02a
383	Waveform 1	1	9319.616372159	9320.476864095	77.1	320.5	19.616	AU-BS02a_20120720_060345.wav	BS12_AU_02a
383	Spectrogram 1	1	9319.616372159	9320.476864095	77.1	320.5	19.616	AU-BS02a_20120720_060345.wav	BS12_AU_02a
384	Waveform 1	1	9326.042792249	9326.668604566	115.6	428.0	26.043	AU-BS02a_20120720_060345.wav	BS12_AU_02a
384	Spectrogram 1	1	9326.042792249	9326.668604566	115.6	428.0	26.043	AU-BS02a_20120720_060345.wav	BS12_AU_02a
385	Waveform 1	1	9329.093627293	9329.797666149	113.6	438.1	29.094	AU-BS02a_20120720_060345.wav	BS12_AU_02a
385	Spectrogram 1	1	9329.093627293	9329.797666149	113.6	438.1	29.094	AU-BS02a_20120720_060345.wav	BS12_AU_02a
386	Waveform 1	1	9332.340028686	9333.317860431	125.8	503.0	32.340	AU-BS02a_20120720_060345.wav	BS12_AU_02a
386	Spectrogram 1	1	9332.340028686	9333.317860431	125.8	503.0	32.340	AU-BS02a_20120720_060345.wav	BS12_AU_02a
387	Waveform 1	1	9335.586430078	9336.290468935	131.8	492.9	35.586	AU-BS02a_20120720_060345.wav	BS12_AU_02a
387	Spectrogram 1	1	9335.586430078	9336.290468935	131.8	492.9	35.586	AU-BS02a_20120720_060345.wav	BS12_AU_02a
388	Waveform 1	1	9338.832831471	9339.888889755	140.0	288.0	38.833	AU-BS02a_20120720_060345.wav	BS12_AU_02a
388	Spectrogram 1	1	9338.832831471	9339.888889755	140.0	288.0	38.833	AU-BS02a_20120720_060345.wav	BS12_AU_02a
389	Waveform 1	1	9349.757277587	9350.578656253	93.3	241.4	49.757	AU-BS02a_20120720_060345.wav	BS12_AU_02a
389	Spectrogram 1	1	9349.757277587	9350.578656253	93.3	241.4	49.757	AU-BS02a_20120720_060345.wav	BS12_AU_02a
390	Waveform 1	1	9364.144500657	9364.661739932	160.8	579.5	64.145	AU-BS02a_20120720_060345.wav	BS12_AU_02a
390	Spectrogram 1	1	9364.144500657	9364.661739932	160.8	579.5	64.145	AU-BS02a_20120720_060345.wav	BS12_AU_02a
391	Waveform 1	1	9367.247936305	9367.968376723	110.5	420.4	67.248	AU-BS02a_20120720_060345.wav	BS12_AU_02a
391	Spectrogram 1	1	9367.247936305	9367.968376723	110.5	420.4	67.248	AU-BS02a_20120720_060345.wav	BS12_AU_02a
392	Waveform 1	1	9382.403120295	9382.883413907	123.5	590.8	82.403	AU-BS02a_20120720_060345.wav	BS12_AU_02a
392	Spectrogram 1	1	9382.403120295	9382.883413907	123.5	590.8	82.403	AU-BS02a_20120720_060345.wav	BS12_AU_02a
393	Waveform 1	1	9385.469610280	9386.245469192	79.7	571.4	85.470	AU-BS02a_20120720_060345.wav	BS12_AU_02a
393	Spectrogram 1	1	9385.469610280	9386.245469192	79.7	571.4	85.470	AU-BS02a_20120720_060345.wav	BS12_AU_02a
394	Waveform 1	1	9401.733164144	9402.398186068	151.1	668.7	101.733	AU-BS02a_20120720_060345.wav	BS12_AU_02a
394	Spectrogram 1	1	9401.733164144	9402.398186068	151.1	668.7	101.733	AU-BS02a_20120720_060345.wav	BS12_AU_02a
395	Waveform 1	1	9404.984382441	9405.723295691	102.4	600.6	104.984	AU-BS02a_20120720_060345.wav	BS12_AU_02a
395	Spectrogram 1	1	9404.984382441	9405.723295691	102.4	600.6	104.984	AU-BS02a_20120720_060345.wav	BS12_AU_02a
397	Waveform 1	1	9421.118626486	9421.802121242	175.4	717.4	121.119	AU-BS02a_20120720_060345.wav	BS12_AU_02a
397	Spectrogram 1	1	9421.118626486	9421.802121242	175.4	717.4	121.119	AU-BS02a_20120720_060345.wav	BS12_AU_02a
398	Waveform 1	1	9424.277480628	9424.831665565	165.7	587.6	124.277	AU-BS02a_20120720_060345.wav	BS12_AU_02a
398	Spectrogram 1	1	9424.277480628	9424.831665565	165.7	587.6	124.277	AU-BS02a_20120720_060345.wav	BS12_AU_02a
399	Waveform 1	1	9440.696218481	9441.250403418	194.9	553.5	140.696	AU-BS02a_20120720_060345.wav	BS12_AU_02a
399	Spectrogram 1	1	9440.696218481	9441.250403418	194.9	553.5	140.696	AU-BS02a_20120720_060345.wav	BS12_AU_02a
400	Waveform 1	1	9443.818126960	9444.464676054	130.0	589.2	143.818	AU-BS02a_20120720_060345.wav	BS12_AU_02a
400	Spectrogram 1	1	9443.818126960	9444.464676054	130.0	589.2	143.818	AU-BS02a_20120720_060345.wav	BS12_AU_02a
401	Waveform 1	1	9460.698685594	9461.178979207	126.7	457.8	160.699	AU-BS02a_20120720_060345.wav	BS12_AU_02a
401	Spectrogram 1	1	9460.698685594	9461.178979207	126.7	457.8	160.699	AU-BS02a_20120720_060345.wav	BS12_AU_02a
402	Waveform 1	1	9463.986849555	9464.541034492	100.8	566.5	163.987	AU-BS02a_20120720_060345.wav	BS12_AU_02a
402	Spectrogram 1	1	9463.986849555	9464.541034492	100.8	566.5	163.987	AU-BS02a_20120720_060345.wav	BS12_AU_02a
