Selection	View	Channel	Begin Time (s)	End Time (s)	Low Freq (Hz)	High Freq (Hz)
1	Spectrogram 1	1	89.070953369	89.767364502	65	165
2	Spectrogram 1	1	205.023406982	205.580535889	45	125
3	Spectrogram 1	1	225.98538208	226.472869873	165	205
4	Spectrogram 1	1	236.083343506	236.988677979	125	205
5	Spectrogram 1	1	259.064910889	259.900604248	45	105
6	Spectrogram 1	1	522.726165771	523.074371338	105	145
7	Spectrogram 1	1	720.437286377	721.203338623	65	125
8	Spectrogram 1	1	836.737945557	837.503997803	85	225
9	Spectrogram 1	1	923.789337158	924.485748291	45	145
10	Spectrogram 1	1	1563.234039307	1564.209014893	105	205
11	Spectrogram 1	1	1575.003387451	1575.699798584	85	205
12	Spectrogram 1	1	1709.96786499	1710.455352783	165	225
13	Spectrogram 1	1	1876.201202393	1876.897613525	85	185
14	Spectrogram 1	1	1990.691192627	1991.109039307	65	125
15	Spectrogram 1	1	2286.248077393	2287.083770752	65	185
16	Spectrogram 1	1	2296.903167725	2297.529937744	45	125
17	Spectrogram 1	1	2570.453460693	2571.428436279	165	225
18	Spectrogram 1	1	2719.415802002	2720.112213135	145	225
19	Spectrogram 1	1	2841.705596924	2841.984161377	125	165
20	Spectrogram 1	1	2986.489471436	2987.394805908	125	225
21	Spectrogram 1	1	3132.944732666	3133.780426025	85	145
22	Spectrogram 1	1	3199.03414917	3199.660919189	105	205
23	Spectrogram 1	1	3267.073516846	3267.769927979	85	165
24	Spectrogram 1	1	3311.365264893	3312.061676025	125	185
25	Spectrogram 1	1	3584.845916748	3585.611968994	105	185
26	Spectrogram 1	1	3662.843963623	3663.610015869	125	225
27	Spectrogram 1	1	3788.546173096	3789.312225342	105	165
28	Spectrogram 1	1	3796.833465576	3797.599517822	65	205
29	Spectrogram 1	1	3836.737823486	3837.294952393	65	105
30	Spectrogram 1	1	4036.886383057	4037.443511963	85	185
31	Spectrogram 1	1	4132.225067139	4132.503631592	185	225
32	Spectrogram 1	1	4516.295806885	4516.713653564	85	145
33	Spectrogram 1	1	4661.985015869	4663.029632568	45	165
34	Spectrogram 1	1	4682.320220947	4683.155914307	65	125
35	Spectrogram 1	1	4696.039520264	4696.735931396	85	125
36	Spectrogram 1	1	4710.594512939	4711.151641846	85	165
37	Spectrogram 1	1	4895.352386475	4896.118438721	65	165
38	Spectrogram 1	1	4980.941314697	4981.63772583	105	165
39	Spectrogram 1	1	5341.682281494	5342.030487061	105	185
40	Spectrogram 1	1	5488.973236084	5489.73928833	85	185
41	Spectrogram 1	1	5613.352264404	5613.909393311	125	225
42	Spectrogram 1	1	6095.338409424	6096.52230835	85	165
43	Spectrogram 1	1	6158.363616943	6159.268951416	85	205
44	Spectrogram 1	1	6411.648345947	6412.34475708	65	145
45	Spectrogram 1	1	6433.306732178	6433.724578857	65	145
46	Spectrogram 1	1	6512.488677979	6513.324371338	105	205
47	Spectrogram 1	1	6591.600982666	6592.018829346	105	185
48	Spectrogram 1	1	6686.243255615	6686.870025635	65	125
49	Spectrogram 1	1	6788.058563232	6788.824615479	65	145
50	Spectrogram 1	1	6875.109954834	6875.806365967	45	165
51	Spectrogram 1	1	6904.568145752	6905.055633545	45	105
52	Spectrogram 1	1	7135.985565186	7136.612335205	85	185
53	Spectrogram 1	1	7162.240264893	7163.145599365	65	125
54	Spectrogram 1	1	7241.840057373	7242.606109619	45	105
55	Spectrogram 1	1	7303.263519287	7303.75100708	45	145
56	Spectrogram 1	1	7314.057891846	7314.545379639	85	145
57	Spectrogram 1	1	7507.033416748	7507.869110107	125	205
58	Spectrogram 1	1	7508.3565979	7508.844085693	105	165
59	Spectrogram 1	1	7587.608184814	7588.165313721	65	145
60	Spectrogram 1	1	7677.793426514	7678.14163208	45	125
61	Spectrogram 1	1	7959.213165283	7959.909576416	85	145
62	Spectrogram 1	1	7992.362335205	7993.267669678	85	185
63	Spectrogram 1	1	7996.192596436	7996.749725342	105	205
64	Spectrogram 1	1	8055.596466064	8056.432159424	65	165
65	Spectrogram 1	1	8094.874053955	8095.361541748	45	125
66	Spectrogram 1	1	8280.189056396	8281.303314209	65	225
67	Spectrogram 1	1	8302.195648193	8302.961700439	125	185
68	Spectrogram 1	1	8390.8487854	8391.545196533	85	165
69	Spectrogram 1	1	8539.602203369	8540.159332275	145	185
70	Spectrogram 1	1	9248.200531006	9248.896942139	145	225
71	Spectrogram 1	1	9300.361724854	9301.336700439	105	225
72	Spectrogram 1	1	9359.278106689	9359.765594482	65	145
73	Spectrogram 1	1	9452.806121826	9453.432891846	45	105
74	Spectrogram 1	1	9564.022979736	9564.510467529	125	185
75	Spectrogram 1	1	10098.448883057	10098.866729736	105	165
76	Spectrogram 1	1	10253.330718994	10254.166412354	65	145
77	Spectrogram 1	1	10728.213470459	10728.840240479	45	145
78	Spectrogram 1	1	10940.47958374	10941.175994873	45	105
79	Spectrogram 1	1	10942.011688232	10942.568817139	105	165
80	Spectrogram 1	1	10951.482879639	10951.970367432	165	225
81	Spectrogram 1	1	11287.9190979	11288.685150146	105	165
82	Spectrogram 1	1	11349.272918701	11349.760406494	45	185
83	Spectrogram 1	1	11370.652740479	11371.209869385	45	145
84	Spectrogram 1	1	12113.584136963	12114.141265869	125	225
85	Spectrogram 1	1	12331.003692627	12331.49118042	165	225
86	Spectrogram 1	1	12407.957122803	12408.374969482	105	165
87	Spectrogram 1	1	12516.875823975	12517.293670654	125	205
88	Spectrogram 1	1	12520.218597412	12520.706085205	125	225
89	Spectrogram 1	1	12692.580352783	12693.276763916	65	165
90	Spectrogram 1	1	13283.833404541	13284.390533447	65	145
91	Spectrogram 1	1	13365.800994873	13366.149200439	45	165
92	Spectrogram 1	1	13381.122039795	13381.609527588	165	225
93	Spectrogram 1	1	13422.906707764	13423.533477783	85	145
94	Spectrogram 1	1	13434.884979248	13435.511749268	65	165
95	Spectrogram 1	1	13680.927032471	13681.623443604	65	185
96	Spectrogram 1	1	13923.208465576	13923.835235596	125	225
97	Spectrogram 1	1	13927.944061279	13928.361907959	45	125
98	Spectrogram 1	1	14049.537445068	14050.512420654	105	185
99	Spectrogram 1	1	14067.156646729	14067.644134521	105	145
100	Spectrogram 1	1	14262.569610596	14262.987457275	45	145
101	Spectrogram 1	1	14343.353302002	14343.980072021	105	205
102	Spectrogram 1	1	14362.992095947	14363.68850708	65	165
103	Spectrogram 1	1	14424.833404541	14426.017303467	85	225
104	Spectrogram 1	1	14470.796539307	14471.632232666	125	205
105	Spectrogram 1	1	14493.429901123	14493.987030029	145	205
106	Spectrogram 1	1	14741.770111084	14742.257598877	145	225
107	Spectrogram 1	1	14762.871368408	14763.707061768	105	165
108	Spectrogram 1	1	14791.633148193	14792.677764893	105	165
109	Spectrogram 1	1	14798.806182861	14799.154388428	105	165
110	Spectrogram 1	1	14876.595306396	14877.222076416	145	185
111	Spectrogram 1	1	14883.350494385	14883.698699951	105	165
112	Spectrogram 1	1	15090.463165283	15090.881011963	105	225
113	Spectrogram 1	1	15220.761688232	15221.597381592	65	165
114	Spectrogram 1	1	15224.383026123	15225.775848389	45	205
115	Spectrogram 1	1	15266.585540771	15267.212310791	85	185
116	Spectrogram 1	1	15330.516082764	15331.351776123	45	105
117	Spectrogram 1	1	15369.863311768	15370.5597229	105	205
118	Spectrogram 1	1	15940.084747314	15940.920440674	105	205
119	Spectrogram 1	1	15956.728973389	15957.564666748	125	185
120	Spectrogram 1	1	15957.703948975	15958.400360107	45	105
121	Spectrogram 1	1	16273.247833252	16273.526397705	105	145
122	Spectrogram 1	1	16358.836761475	16359.533172607	145	185
123	Spectrogram 1	1	16815.125335693	16815.6824646	145	205
124	Spectrogram 1	1	17173.428863525	17173.916351318	45	145
125	Spectrogram 1	1	17447.884490967	17448.859466553	105	185
126	Spectrogram 1	1	17572.820648193	17573.308135986	45	125
127	Spectrogram 1	1	17588.141693115	17588.838104248	65	125
128	Spectrogram 1	1	17621.98727417	17622.753326416	125	225
129	Spectrogram 1	1	17652.420440674	17652.76864624	65	165
130	Spectrogram 1	1	17761.199859619	17762.105194092	65	185
131	Spectrogram 1	1	17958.005645752	17958.632415771	125	205
132	Spectrogram 1	1	18377.523712158	18378.080841064	105	205
133	Spectrogram 1	1	18932.284820557	18933.399078369	105	225
134	Spectrogram 1	1	19169.273529053	19170.039581299	125	205
135	Spectrogram 1	1	19205.347625732	19206.322601318	125	225
136	Spectrogram 1	1	19274.9190979	19275.54586792	105	165
137	Spectrogram 1	1	19296.229278564	19296.925689697	85	165
138	Spectrogram 1	1	19308.486114502	19309.112884521	125	185
139	Spectrogram 1	1	19398.114227295	19399.089202881	105	185
140	Spectrogram 1	1	19473.605194092	19474.371246338	65	165
141	Spectrogram 1	1	19525.766387939	19526.741363525	125	185
142	Spectrogram 1	1	19624.517486572	19624.935333252	45	125
143	Spectrogram 1	1	19727.098846436	19727.586334229	85	185
144	Spectrogram 1	1	19750.707183838	19751.125030518	65	125
145	Spectrogram 1	1	19832.117645264	19832.88369751	85	165
146	Spectrogram 1	1	20088.257659912	20088.605865479	45	125
147	Spectrogram 1	1	20484.863800049	20485.281646729	105	205
148	Spectrogram 1	1	20561.051177979	20561.956512451	145	225
149	Spectrogram 1	1	20821.091094971	20821.787506104	45	145
150	Spectrogram 1	1	20864.756072998	20865.522125244	85	185
151	Spectrogram 1	1	20992.477874756	20993.104644775	85	145
152	Spectrogram 1	1	20995.124237061	20995.681365967	145	185
153	Spectrogram 1	1	21021.587860107	21022.0753479	145	225
154	Spectrogram 1	1	21263.312164307	21263.660369873	145	205
