Selection	View	Channel	Begin Time (s)	End Time (s)	Low Freq (Hz)	High Freq (Hz)	TP/FP/FN
1	Spectrogram 1	1	18.176300049	19.011993408	165	235	FP
2	Spectrogram 1	1	20.683380127	21.5887146	65	105	FP
1	Spectrogram 1	1	22.309276645	23.029614163	88.7	180.8	FN
3	Spectrogram 1	1	28.204620361	29.318878174	125	155	FP
4	Spectrogram 1	1	45.823822021	46.241668701	155	185	FP
5	Spectrogram 1	1	65.95010376	66.716156006	175	225	FP
6	Spectrogram 1	1	69.362518311	69.850006104	65	115	FP
7	Spectrogram 1	1	92.204803467	92.9012146	145	225	FP
8	Spectrogram 1	1	141.232147217	141.580352783	115	135	FP
9	Spectrogram 1	1	208.7840271	209.689361572	105	195	FP
10	Spectrogram 1	1	223.756866455	224.383636475	75	125	FP
11	Spectrogram 1	1	239.77432251	240.331451416	155	245	FP
12	Spectrogram 1	1	265.611175537	266.30758667	145	225	FP
13	Spectrogram 1	1	266.795074463	267.561126709	65	105	FP
2	Spectrogram 1	1	316.936400117	318.186397574	102.5	243	FN
14	Spectrogram 1	1	336.923675537	337.689727783	185	245	FP
3	Spectrogram 1	1	364.050820906	365.491495941	86.4	226.9	FN
15	Spectrogram 1	1	392.218719482	392.915130615	125	145	FP
4	Spectrogram 1	1	419.830478302	421.165221349	114	240.7	FN
16	Spectrogram 1	1	423.000091553	424.114349365	155	225	FP
5	Spectrogram 1	1	446.279631965	447.741493398	81.7	217.7	FN
17	Spectrogram 1	1	459.979522705	460.745574951	155	215	FP
6	Spectrogram 1	1	522.300828535	523.487266799	58.7	199.3	FN
18	Spectrogram 1	1	523.770782471	524.258270264	75	105	FP
19	Spectrogram 1	1	538.952545166	539.857879639	145	185	FP
20	Spectrogram 1	1	548.145172119	549.189788818	125	155	FP
7	Spectrogram 1	1	556.313526132	557.81776036	58.7	190	FN
8	Spectrogram 1	1	577.04235245	578.483027485	65.6	194.7	FN
21	Spectrogram 1	1	580.319366455	581.433624268	115	175	FP
22	Spectrogram 1	1	592.297637939	592.994049072	145	205	FP
9	Spectrogram 1	1	607.262684881	608.555055133	63.3	176.2	FN
23	Spectrogram 1	1	666.604705811	667.092193604	165	205	FP
24	Spectrogram 1	1	708.180450439	709.085784912	125	195	FP
10	Spectrogram 1	1	720.410979492	721.38555378	56.4	162.4	FN
11	Spectrogram 1	1	744.593188614	746.139795637	63.3	160.1	FN
25	Spectrogram 1	1	779.701873779	780.746490479	145	215	FP
26	Spectrogram 1	1	811.597503662	812.084991455	115	175	FP
27	Spectrogram 1	1	812.293914795	812.851043701	145	215	FP
28	Spectrogram 1	1	908.189727783	908.746856689	125	165	FP
12	Spectrogram 1	1	915.838926412	917.406719833	61	187.7	FN
29	Spectrogram 1	1	927.341033936	927.758880615	165	225	FP
30	Spectrogram 1	1	943.56741333	944.333465576	155	235	FP
31	Spectrogram 1	1	1029.156341553	1029.783111572	215	245	FP
32	Spectrogram 1	1	1065.439361572	1066.275054932	115	165	FP
13	Spectrogram 1	1	1156.042321933	1158.118588895	47.2	215.4	FN
33	Spectrogram 1	1	1157.156707764	1157.783477783	145	165	TP
14	Spectrogram 1	1	1180.766939454	1182.567783248	72.5	203.9	FN
15	Spectrogram 1	1	1199.177918946	1200.745712366	56.4	173.9	FN
34	Spectrogram 1	1	1222.828277588	1223.524688721	165	195	FP
35	Spectrogram 1	1	1253.261444092	1253.818572998	95	125	FP
36	Spectrogram 1	1	1319.350860596	1319.907989502	175	245	FP
37	Spectrogram 1	1	1461.558013916	1462.115142822	135	185	FP
38	Spectrogram 1	1	1479.177215576	1480.012908936	105	125	FP
16	Spectrogram 1	1	1488.910984578	1490.20335483	54.1	199.3	TP
17	Spectrogram 1	1	1522.758440481	1524.156742721	88.7	206.2	FN
40	Spectrogram 1	1	1559.334136963	1559.891265869	75	95	FP
18	Spectrogram 1	1	1562.88135007	1564.27965231	74.8	208.5	TP
42	Spectrogram 1	1	1578.764007568	1579.181854248	215	245	FP
43	Spectrogram 1	1	1625.91104126	1626.468170166	165	235	FP
44	Spectrogram 1	1	1662.402984619	1663.029754639	95	145	FP
45	Spectrogram 1	1	1675.774078369	1676.191925049	165	195	FP
46	Spectrogram 1	1	1682.947113037	1683.713165283	175	225	FP
47	Spectrogram 1	1	1698.407440186	1698.964569092	175	215	FP
19	Spectrogram 1	1	1782.648279352	1784.32200476	44.9	194.7	FN
48	Spectrogram 1	1	1818.399078369	1818.677642822	215	235	FP
49	Spectrogram 1	1	1821.324005127	1822.090057373	85	125	FP
50	Spectrogram 1	1	1827.243499756	1827.661346436	185	215	FP
20	Spectrogram 1	1	1832.940604301	1833.99992418	72.5	194.7	FN
51	Spectrogram 1	1	1857.04989624	1857.537384033	105	125	FP
52	Spectrogram 1	1	1912.344940186	1912.832427979	125	175	FP
53	Spectrogram 1	1	1916.314483643	1917.080535889	95	165	FP
54	Spectrogram 1	1	1934.699737549	1935.256866455	75	135	FP
55	Spectrogram 1	1	1957.193817139	1957.890228271	75	95	FP
56	Spectrogram 1	1	1974.604095459	1975.439788818	185	235	FP
57	Spectrogram 1	1	1986.234161377	1986.93057251	85	135	FP
58	Spectrogram 1	1	1990.621551514	1991.735809326	105	175	FP
59	Spectrogram 1	1	2027.879547119	2028.575958252	175	245	FP
21	Spectrogram 1	1	2091.915148072	2093.059213541	58.7	222.3	FN
60	Spectrogram 1	1	2123.218231201	2123.566436768	85	105	FP
61	Spectrogram 1	1	2140.071380615	2140.907073975	185	215	FP
62	Spectrogram 1	1	2182.20425415	2183.03994751	55	85	FP
63	Spectrogram 1	1	2253.098907471	2254.004241943	115	215	FP
64	Spectrogram 1	1	2265.146820068	2265.495025635	155	225	FP
65	Spectrogram 1	1	2269.603851318	2270.021697998	95	115	FP
66	Spectrogram 1	1	2286.178436279	2287.292694092	85	125	FP
67	Spectrogram 1	1	2291.262237549	2292.097930908	45	135	FP
68	Spectrogram 1	1	2295.510345459	2296.067474365	55	105	FP
22	Spectrogram 1	1	2338.351593966	2339.304981857	70.2	206.2	FN
23	Spectrogram 1	1	2373.665160788	2374.533803089	65.6	183.1	TP
24	Spectrogram 1	1	2380.0549844	2380.965999496	79.4	185.4	FN
25	Spectrogram 1	1	2393.474503555	2394.152468277	79.4	178.5	FN
70	Spectrogram 1	1	2500.046295166	2501.090911865	175	205	FP
71	Spectrogram 1	1	2534.170440674	2534.866851807	145	245	FP
26	Spectrogram 1	1	2542.309221171	2544.088878567	70.2	208.5	FN
72	Spectrogram 1	1	2550.118255615	2550.884307861	115	165	FP
27	Spectrogram 1	1	2576.012652295	2577.156717764	79.4	192.3	FN
73	Spectrogram 1	1	2593.713592529	2594.201080322	165	235	FP
74	Spectrogram 1	1	2606.806121826	2607.502532959	115	185	FP
75	Spectrogram 1	1	2612.655975342	2613.839874268	85	165	FP
76	Spectrogram 1	1	2615.232696533	2616.277313232	45	165	FP
28	Spectrogram 1	1	2617.703324787	2618.593153485	77.1	164.7	FN
77	Spectrogram 1	1	2629.160919189	2629.857330322	75	115	FP
78	Spectrogram 1	1	2634.035797119	2634.732208252	75	105	FP
79	Spectrogram 1	1	2661.822601318	2662.519012451	75	95	FP
80	Spectrogram 1	1	2681.322113037	2682.645294189	135	195	FP
29	Spectrogram 1	1	2685.008382463	2685.982956752	88.7	224.6	FN
81	Spectrogram 1	1	2687.729095459	2688.495147705	165	235	FP
30	Spectrogram 1	1	2718.978707265	2720.355823107	81.7	256.9	TP
31	Spectrogram 1	1	2762.27957649	2763.190591586	79.4	167	FN
83	Spectrogram 1	1	2792.8175354	2793.23538208	125	185	FP
32	Spectrogram 1	1	2793.855838366	2795.127022221	63.3	153.2	FN
84	Spectrogram 1	1	2825.966705322	2826.314910889	75	105	TP
33	Spectrogram 1	1	2825.940573784	2826.724470494	51.8	153.2	FN
85	Spectrogram 1	1	2832.93081665	2833.34866333	145	165	FP
86	Spectrogram 1	1	2887.45980835	2888.086578369	125	195	FP
87	Spectrogram 1	1	2891.011505127	2891.9168396	205	235	FP
88	Spectrogram 1	1	2935.930023193	2936.417510986	185	205	FP
89	Spectrogram 1	1	2961.975799561	2962.532928467	175	245	FP
90	Spectrogram 1	1	2993.453582764	2993.941070557	65	135	FP
91	Spectrogram 1	1	3058.150177002	3059.334075928	135	235	FP
92	Spectrogram 1	1	3082.663848877	3083.220977783	65	95	FP
93	Spectrogram 1	1	3101.884796143	3103.556182861	95	225	FP
94	Spectrogram 1	1	3112.191680908	3112.539886475	215	245	FP
95	Spectrogram 1	1	3126.328826904	3126.746673584	95	155	FP
96	Spectrogram 1	1	3137.610687256	3138.376739502	105	175	FP
97	Spectrogram 1	1	3185.175567627	3186.289825439	45	105	FP
34	Spectrogram 1	1	3213.716032556	3214.987216411	95.6	201.6	FN
98	Spectrogram 1	1	3258.438018799	3259.482635498	105	145	FP
35	Spectrogram 1	1	3267.059254231	3268.2033197	97.9	220	FN
36	Spectrogram 1	1	3269.940604301	3271.105856168	91	167	FN
37	Spectrogram 1	1	3311.050745086	3311.749896206	74.8	157.8	FN
99	Spectrogram 1	1	3312.200958252	3313.036651611	95	125	TP
39	Spectrogram 1	1	3326.716022384	3327.88127425	74.8	192.3	FN
100	Spectrogram 1	1	3382.399200439	3383.443817139	45	95	FP
101	Spectrogram 1	1	3425.576690674	3426.13381958	205	245	FP
102	Spectrogram 1	1	3472.514801025	3473.350494385	75	155	FP
40	Spectrogram 1	1	3526.682107872	3527.762614148	100.2	190	FN
103	Spectrogram 1	1	3626.28237915	3627.048431396	145	205	FP
41	Spectrogram 1	1	3673.788070377	3674.783831063	95.6	201.6	FN
42	Spectrogram 1	1	3726.516886523	3727.406715221	93.3	192.3	FN
104	Spectrogram 1	1	3743.558013916	3743.906219482	135	175	FP
43	Spectrogram 1	1	3788.347385169	3789.321959458	86.4	185.4	FN
105	Spectrogram 1	1	3800.454803467	3801.290496826	165	195	FP
106	Spectrogram 1	1	3808.463531494	3809.090301514	45	105	FP
44	Spectrogram 1	1	3816.321959458	3816.978737783	91	185.4	FN
107	Spectrogram 1	1	3837.155670166	3837.921722412	125	145	FP
108	Spectrogram 1	1	3917.939361572	3918.914337158	165	185	FP
109	Spectrogram 1	1	3922.814239502	3923.371368408	165	215	FP
110	Spectrogram 1	1	3925.32131958	3926.087371826	125	165	FP
111	Spectrogram 1	1	3941.547698975	3942.104827881	155	205	FP
112	Spectrogram 1	1	3974.209381104	3975.045074463	175	215	FP
45	Spectrogram 1	1	3979.207569187	3980.563498632	91	190	TP
114	Spectrogram 1	1	4063.976776123	4065.717803955	85	155	FP
115	Spectrogram 1	1	4088.420806885	4088.838653564	75	125	FP
116	Spectrogram 1	1	4176.447174072	4177.073944092	125	165	FP
117	Spectrogram 1	1	4187.032623291	4187.86831665	85	145	FP
118	Spectrogram 1	1	4198.035919189	4198.871612549	85	125	TP
47	Spectrogram 1	1	4218.999893663	4219.995654349	91	213.1	FN
48	Spectrogram 1	1	4237.334657055	4238.097367368	79.4	199.3	FN
119	Spectrogram 1	1	4287.176544189	4287.733673096	215	245	FP
120	Spectrogram 1	1	4323.459564209	4323.947052002	155	245	FP
121	Spectrogram 1	1	4358.140838623	4358.767608643	85	125	FP
122	Spectrogram 1	1	4370.885162354	4371.511932373	85	115	FP
123	Spectrogram 1	1	4477.923553467	4478.271759033	45	75	FP
49	Spectrogram 1	1	4498.139760508	4499.410944362	74.8	197	FN
124	Spectrogram 1	1	4502.367584229	4503.133636475	195	215	FP
50	Spectrogram 1	1	4516.084639253	4516.868535963	70.2	185.4	FN
125	Spectrogram 1	1	4536.56137085	4537.466705322	175	215	FP
126	Spectrogram 1	1	4545.127227783	4545.405792236	155	195	FP
127	Spectrogram 1	1	4551.673492432	4552.091339111	45	95	FP
128	Spectrogram 1	1	4565.532073975	4565.810638428	125	145	FP
129	Spectrogram 1	1	4571.730133057	4572.426544189	55	125	FP
51	Spectrogram 1	1	4585.813475744	4586.89398202	148.6	236.1	FN
130	Spectrogram 1	1	4632.596466064	4633.292877197	195	245	FP
52	Spectrogram 1	1	4662.321959458	4662.893992192	91	178.5	FN
131	Spectrogram 1	1	4671.456207275	4672.013336182	45	75	FP
132	Spectrogram 1	1	4679.18637085	4679.882781982	135	185	FP
133	Spectrogram 1	1	4705.649993896	4706.973175049	145	195	FP
134	Spectrogram 1	1	4767.49130249	4768.048431396	95	145	FP
135	Spectrogram 1	1	4787.756866455	4788.522918701	85	135	FP
136	Spectrogram 1	1	4797.297698975	4797.924468994	145	185	FP
137	Spectrogram 1	1	4801.336883545	4801.685089111	135	185	FP
138	Spectrogram 1	1	4804.470733643	4805.306427002	185	245	FP
53	Spectrogram 1	1	4863.610070051	4864.584644339	72.5	201.6	FN
139	Spectrogram 1	1	4883.16519165	4883.513397217	125	145	FP
54	Spectrogram 1	1	4894.910908758	4896.330397396	74.8	222.3	FN
140	Spectrogram 1	1	4948.906402588	4949.324249268	125	165	FP
141	Spectrogram 1	1	5067.435577393	5067.853424072	85	105	FP
142	Spectrogram 1	1	5107.200653076	5108.245269775	165	205	FP
55	Spectrogram 1	1	5155.554989486	5156.508377377	67.9	192.3	FN
143	Spectrogram 1	1	5199.475128174	5200.171539307	195	235	FP
56	Spectrogram 1	1	5210.063463028	5211.228714894	72.5	162.4	FN
144	Spectrogram 1	1	5219.044281006	5219.810333252	165	225	FP
57	Spectrogram 1	1	5235.114314451	5235.982956752	79.4	180.8	FN
145	Spectrogram 1	1	5272.110809326	5272.807220459	45	115	FP
58	Spectrogram 1	1	5273.203329873	5273.92366739	72.5	167	FN
146	Spectrogram 1	1	5300.385101318	5300.942230225	85	105	FP
147	Spectrogram 1	1	5324.063079834	5324.62020874	55	105	FP
148	Spectrogram 1	1	5324.759490967	5325.734466553	185	235	FP
149	Spectrogram 1	1	5335.205657959	5335.832427979	165	195	FP
150	Spectrogram 1	1	5350.874908447	5351.98916626	65	145	FP
151	Spectrogram 1	1	5366.126312256	5366.404876709	55	85	FP
152	Spectrogram 1	1	5393.982757568	5394.818450928	55	125	FP
153	Spectrogram 1	1	5423.440948486	5424.207000732	165	195	FP
154	Spectrogram 1	1	5463.832794189	5464.668487549	55	135	FP
59	Spectrogram 1	1	5470.169415361	5471.059244059	79.4	210.8	TP
60	Spectrogram 1	1	5488.737229126	5489.690617017	70.2	192.3	FN
156	Spectrogram 1	1	5523.236663818	5524.629486084	165	225	FP
157	Spectrogram 1	1	5530.200775146	5531.036468506	55	115	FP
158	Spectrogram 1	1	5538.55770874	5539.950531006	165	235	FP
159	Spectrogram 1	1	5564.115997314	5565.021331787	115	175	FP
160	Spectrogram 1	1	5571.428314209	5572.055084229	145	185	FP
161	Spectrogram 1	1	5582.849456787	5583.685150146	115	175	FP
162	Spectrogram 1	1	5603.045379639	5603.393585205	95	145	FP
163	Spectrogram 1	1	5623.86807251	5624.634124756	75	105	FP
164	Spectrogram 1	1	5671.224029541	5671.850799561	105	165	FP
165	Spectrogram 1	1	5677.491729736	5677.909576416	75	95	FP
166	Spectrogram 1	1	5719.624603271	5720.251373291	135	185	FP
167	Spectrogram 1	1	5766.980560303	5767.607330322	155	235	FP
61	Spectrogram 1	1	5770.071951828	5771.533813261	77.1	203.9	FN
168	Spectrogram 1	1	5774.641082764	5775.267852783	165	195	FP
169	Spectrogram 1	1	5805.283172607	5805.701019287	105	135	FP
170	Spectrogram 1	1	5837.248443604	5838.293060303	65	95	FP
171	Spectrogram 1	1	5860.230010986	5860.856781006	65	115	FP
172	Spectrogram 1	1	5895.189849854	5896.025543213	95	145	FP
173	Spectrogram 1	1	5949.997406006	5950.345611572	55	85	FP
62	Spectrogram 1	1	5958.521105492	5959.686357358	72.5	176.2	FN
63	Spectrogram 1	1	6095.321949285	6096.508387549	67.9	187.7	FN
174	Spectrogram 1	1	6096.383026123	6097.009796143	85	155	FP
175	Spectrogram 1	1	6112.052276611	6112.679046631	165	225	FP
176	Spectrogram 1	1	6128.557220459	6129.392913818	175	215	FP
64	Spectrogram 1	1	6129.122782907	6130.330407568	67.9	240.7	FN
177	Spectrogram 1	1	6140.46585083	6141.301544189	115	185	FP
178	Spectrogram 1	1	6165.049163818	6165.954498291	85	165	FP
179	Spectrogram 1	1	6172.779327393	6173.684661865	105	145	FP
180	Spectrogram 1	1	6213.519378662	6213.937225342	175	205	FP
181	Spectrogram 1	1	6270.555450439	6271.321502686	155	225	FP
182	Spectrogram 1	1	6273.828582764	6274.80355835	95	155	FP
183	Spectrogram 1	1	6292.144195557	6292.910247803	55	105	FP
184	Spectrogram 1	1	6313.384735107	6314.150787354	175	215	FP
185	Spectrogram 1	1	6334.555633545	6335.530609131	85	135	FP
186	Spectrogram 1	1	6369.585113525	6369.933319092	175	205	FP
187	Spectrogram 1	1	6382.608001709	6382.956207275	95	145	FP
65	Spectrogram 1	1	6411.355863797	6412.542302062	63.3	180.8	FN
188	Spectrogram 1	1	6425.576568604	6426.13369751	55	115	FP
66	Spectrogram 1	1	6433.292314777	6433.843161114	70.2	171.6	FN
189	Spectrogram 1	1	6488.671417236	6489.646392822	125	205	FP
67	Spectrogram 1	1	6500.999914008	6501.889742706	72.5	201.6	FN
68	Spectrogram 1	1	6512.33463671	6513.393956588	63.3	222.3	FN
69	Spectrogram 1	1	6528.220276957	6529.512647209	61	144	FN
190	Spectrogram 1	1	6529.202545166	6529.968597412	225	245	FP
70	Spectrogram 1	1	6549.449047326	6550.465994409	84.1	167	FN
191	Spectrogram 1	1	6603.439971924	6605.041717529	185	245	FP
192	Spectrogram 1	1	6617.15927124	6617.716400146	175	195	FP
193	Spectrogram 1	1	6629.067901611	6629.764312744	175	225	FP
194	Spectrogram 1	1	6660.545684814	6661.172454834	115	155	FP
195	Spectrogram 1	1	6724.894073486	6725.381561279	195	225	FP
196	Spectrogram 1	1	6761.316375732	6761.803863525	95	155	FP
71	Spectrogram 1	1	6788.249921637	6789.224495925	65.6	213.1	FN
197	Spectrogram 1	1	6841.264373779	6841.960784912	105	165	FP
72	Spectrogram 1	1	6899.461785613	6900.754155865	63.3	167	FN
73	Spectrogram 1	1	6916.949093102	6918.177904161	74.8	185.4	FN
198	Spectrogram 1	1	6926.087249756	6926.574737549	125	185	FP
199	Spectrogram 1	1	6966.061248779	6966.896942139	115	145	FP
200	Spectrogram 1	1	7037.582672119	7038.279083252	115	155	FP
201	Spectrogram 1	1	7073.517486572	7073.865692139	125	145	FP
202	Spectrogram 1	1	7135.915924072	7136.612335205	85	185	FP
74	Spectrogram 1	1	7162.406684703	7163.444818184	65.6	187.7	TP
75	Spectrogram 1	1	7200.135531366	7201.999934353	67.9	206.2	FN
204	Spectrogram 1	1	7226.588653564	7227.215423584	195	225	FP
205	Spectrogram 1	1	7231.184967041	7231.672454834	105	165	FP
76	Spectrogram 1	1	7248.639724904	7249.465994409	77.1	164.7	FN
206	Spectrogram 1	1	7312.2472229	7312.804351807	155	185	FP
77	Spectrogram 1	1	7324.385498305	7325.148208618	79.4	146.3	FN
207	Spectrogram 1	1	7363.920928955	7364.617340088	85	175	FP
208	Spectrogram 1	1	7368.029754639	7368.656524658	135	155	FP
209	Spectrogram 1	1	7414.96786499	7415.664276123	185	235	FP
78	Spectrogram 1	1	7460.953291726	7461.800747629	58.7	176.2	FN
210	Spectrogram 1	1	7462.254180908	7463.020233154	55	125	FP
211	Spectrogram 1	1	7492.478424072	7493.035552979	55	145	FP
212	Spectrogram 1	1	7523.816925049	7524.513336182	185	235	FP
213	Spectrogram 1	1	7543.873565674	7544.569976807	115	175	FP
79	Spectrogram 1	1	7551.071972173	7552.385528823	77.1	215.4	FN
214	Spectrogram 1	1	7563.582000732	7564.069488525	195	215	FP
215	Spectrogram 1	1	7566.71585083	7567.830108643	115	175	FP
80	Spectrogram 1	1	7588.071951828	7589.11008531	70.2	155.5	FN
216	Spectrogram 1	1	7628.487518311	7629.183929443	125	195	FP
217	Spectrogram 1	1	7636.426605225	7637.053375244	145	205	FP
218	Spectrogram 1	1	7646.385284424	7647.36026001	125	175	FP
219	Spectrogram 1	1	7650.076263428	7650.703033447	55	85	FP
220	Spectrogram 1	1	7717.767425537	7718.67276001	95	165	FP
221	Spectrogram 1	1	7733.645599365	7734.759857178	145	225	FP
222	Spectrogram 1	1	7744.857818604	7746.041717529	185	245	FP
223	Spectrogram 1	1	7753.284393311	7753.980804443	95	185	FP
224	Spectrogram 1	1	7782.951507568	7783.996124268	135	205	FP
225	Spectrogram 1	1	7790.263824463	7790.890594482	125	235	FP
226	Spectrogram 1	1	7817.632781982	7818.607757568	85	135	FP
81	Spectrogram 1	1	7847.902480993	7849.046546462	72.5	176.2	FN
227	Spectrogram 1	1	7871.395721436	7872.649261475	135	185	FP
228	Spectrogram 1	1	7872.579620361	7873.067108154	205	245	FP
229	Spectrogram 1	1	7916.732086182	7917.010650635	205	245	FP
82	Spectrogram 1	1	7923.23718335	7924.063452855	84.1	197	FN
230	Spectrogram 1	1	7925.855072021	7926.551483154	65	105	FP
231	Spectrogram 1	1	7931.287078857	7932.40133667	165	245	FP
83	Spectrogram 1	1	7951.275316831	7951.995654349	58.7	164.7	FN
84	Spectrogram 1	1	7959.101627027	7960.372810881	77.1	220	FN
232	Spectrogram 1	1	7963.60055542	7964.088043213	175	195	FP
233	Spectrogram 1	1	8000.649627686	8001.485321045	135	195	TP
85	Spectrogram 1	1	8000.847359738	8002.542271544	67.9	220	FN
234	Spectrogram 1	1	8016.87600708	8017.5027771	125	165	FP
86	Spectrogram 1	1	8021.838891283	8022.771092776	77.1	224.6	FN
87	Spectrogram 1	1	8055.639724904	8056.762603975	70.2	190	FN
235	Spectrogram 1	1	8057.128570557	8057.964263916	95	145	FP
236	Spectrogram 1	1	8082.686859131	8083.661834717	155	245	FP
88	Spectrogram 1	1	8085.550790862	8086.588924343	74.8	190	FN
89	Spectrogram 1	1	8107.160916388	8107.902440303	91	178.5	FN
237	Spectrogram 1	1	8168.972198486	8170.016815186	45	105	FP
238	Spectrogram 1	1	8177.259490967	8178.582672119	85	155	FP
239	Spectrogram 1	1	8214.029998779	8214.308563232	135	155	FP
240	Spectrogram 1	1	8217.303131104	8217.65133667	95	125	FP
241	Spectrogram 1	1	8221.4815979	8222.178009033	75	145	FP
242	Spectrogram 1	1	8229.211761475	8229.699249268	145	175	FP
243	Spectrogram 1	1	8230.952789307	8231.649200439	125	175	FP
90	Spectrogram 1	1	8231.885513564	8233.305002202	65.6	229.2	FN
244	Spectrogram 1	1	8237.568695068	8238.195465088	95	135	FP
245	Spectrogram 1	1	8238.265106201	8238.682952881	115	155	FP
246	Spectrogram 1	1	8245.855987549	8246.761322021	75	105	FP
247	Spectrogram 1	1	8260.898468018	8261.455596924	105	165	FP
248	Spectrogram 1	1	8280.119415283	8280.885467529	75	105	TP
92	Spectrogram 1	1	8301.254181296	8303.224516271	56.4	213.1	FN
249	Spectrogram 1	1	8323.436187744	8324.132598877	125	155	FP
250	Spectrogram 1	1	8332.002044678	8332.489532471	145	225	FP
251	Spectrogram 1	1	8347.392730713	8347.810577393	125	205	FP
252	Spectrogram 1	1	8363.897674561	8364.594085693	175	235	FP
253	Spectrogram 1	1	8368.354705811	8369.051116943	95	125	FP
93	Spectrogram 1	1	8390.665181133	8391.682128217	79.4	190	FN
94	Spectrogram 1	1	8399.902450475	8400.5592288	81.7	190	FN
254	Spectrogram 1	1	8415.641021729	8415.989227295	75	95	FP
255	Spectrogram 1	1	8452.341888428	8453.107940674	95	165	FP
256	Spectrogram 1	1	8453.734710693	8454.361480713	95	165	FP
257	Spectrogram 1	1	8466.479034424	8467.03616333	115	205	FP
258	Spectrogram 1	1	8509.795806885	8510.422576904	145	175	FP
259	Spectrogram 1	1	8512.790374756	8513.347503662	75	115	FP
260	Spectrogram 1	1	8522.470489502	8523.027618408	45	95	FP
261	Spectrogram 1	1	8536.050506592	8537.025482178	115	185	FP
95	Spectrogram 1	1	8601.135531366	8601.855868884	58.7	190	FN
262	Spectrogram 1	1	8635.219451904	8635.637298584	115	145	FP
263	Spectrogram 1	1	8673.661346436	8674.357757568	155	175	FP
96	Spectrogram 1	1	8685.970269327	8686.796538832	95.6	171.6	TP
265	Spectrogram 1	1	8704.651641846	8705.278411865	95	145	FP
97	Spectrogram 1	1	8717.906699962	8718.754155865	67.9	192.3	FN
266	Spectrogram 1	1	8824.782562256	8825.827178955	65	125	FP
267	Spectrogram 1	1	8855.703216553	8856.399627686	85	155	FP
268	Spectrogram 1	1	8866.149383545	8866.636871338	135	155	FP
269	Spectrogram 1	1	8907.098358154	8907.794769287	65	95	FP
270	Spectrogram 1	1	8909.257232666	8910.023284912	65	125	FP
271	Spectrogram 1	1	8950.136566162	8950.693695068	175	205	FP
272	Spectrogram 1	1	8953.4793396	8954.175750732	195	235	FP
273	Spectrogram 1	1	8970.819976807	8971.586029053	135	195	FP
274	Spectrogram 1	1	9008.983306885	9010.027923584	55	145	FP
275	Spectrogram 1	1	9020.683013916	9021.240142822	135	195	FP
276	Spectrogram 1	1	9028.900665283	9029.388153076	185	235	FP
277	Spectrogram 1	1	9048.957305908	9049.444793701	55	85	FP
278	Spectrogram 1	1	9059.890960693	9060.587371826	165	235	FP
279	Spectrogram 1	1	9072.287078857	9072.77456665	175	205	FP
98	Spectrogram 1	1	9098.576186056	9099.826183513	86.4	206.2	FN
99	Spectrogram 1	1	9123.601632113	9124.894002365	97.9	220	FN
280	Spectrogram 1	1	9127.233917236	9128.278533936	45	95	FP
281	Spectrogram 1	1	9140.04788208	9140.535369873	105	125	FP
282	Spectrogram 1	1	9167.068634033	9167.556121826	115	155	FP
283	Spectrogram 1	1	9202.44631958	9203.769500732	75	115	FP
284	Spectrogram 1	1	9256.069976807	9256.5574646	155	205	FP
285	Spectrogram 1	1	9270.137481689	9270.764251709	195	225	FP
286	Spectrogram 1	1	9302.799163818	9303.843780518	175	225	FP
100	Spectrogram 1	1	9336.627037479	9337.686357358	102.5	194.7	FN
287	Spectrogram 1	1	9377.384796143	9378.081207275	205	235	FP
288	Spectrogram 1	1	9397.441436768	9398.068206787	155	195	FP
102	Spectrogram 1	1	9411.016881436	9411.94908293	104.8	215.4	FN
101	Spectrogram 1	1	9446.97872761	9448.038047489	97.9	192.3	FN
289	Spectrogram 1	1	9451.552581787	9452.24899292	65	95	FP
290	Spectrogram 1	1	9455.731048584	9456.357818604	105	135	FP
291	Spectrogram 1	1	9479.966156006	9480.732208252	135	215	FP
292	Spectrogram 1	1	9484.980316162	9485.537445068	75	145	FP
103	Spectrogram 1	1	9535.309221171	9536.728709808	102.5	192.3	FN
293	Spectrogram 1	1	9548.841217041	9549.955474854	135	195	FP
104	Spectrogram 1	1	9559.470243896	9560.190581413	77.1	201.6	FN
294	Spectrogram 1	1	9560.332000732	9560.889129639	75	115	FP
295	Spectrogram 1	1	9585.75100708	9586.308135986	145	205	FP
105	Spectrogram 1	1	9604.487211324	9605.821954372	102.5	192.3	FN
296	Spectrogram 1	1	9747.388031006	9748.014801025	215	235	FP
297	Spectrogram 1	1	9775.244476318	9775.731964111	175	205	FP
106	Spectrogram 1	1	9910.813506261	9912.04231732	63.3	180.8	FN
298	Spectrogram 1	1	9932.911956787	9933.60836792	205	225	FP
107	Spectrogram 1	1	9946.90247082	9948.321959458	74.8	173.9	FN
299	Spectrogram 1	1	9960.35055542	9960.907684326	105	195	FP
300	Spectrogram 1	1	10015.088470459	10015.854522705	165	215	FP
301	Spectrogram 1	1	10046.218048096	10046.844818115	55	95	FP
108	Spectrogram 1	1	10098.084659598	10098.868556308	58.7	167	FN
302	Spectrogram 1	1	10119.759063721	10120.525115967	115	175	FP
303	Spectrogram 1	1	10121.2215271	10121.917938232	85	125	FP
304	Spectrogram 1	1	10144.063812256	10144.551300049	175	225	FP
305	Spectrogram 1	1	10146.083404541	10146.779815674	135	155	FP
306	Spectrogram 1	1	10158.479522705	10159.106292725	65	145	FP
307	Spectrogram 1	1	10168.507843018	10169.134613037	145	195	FP
308	Spectrogram 1	1	10235.224029541	10235.781158447	65	95	FP
309	Spectrogram 1	1	10245.739837646	10246.645172119	125	205	FP
310	Spectrogram 1	1	10250.684356689	10251.450408936	145	185	FP
311	Spectrogram 1	1	10299.29385376	10300.547393799	75	165	FP
109	Spectrogram 1	1	10312.855848539	10314.021100405	95.6	208.5	FN
312	Spectrogram 1	1	10319.002288818	10319.629058838	115	165	FP
313	Spectrogram 1	1	10342.471343994	10343.098114014	185	235	FP
314	Spectrogram 1	1	10376.595489502	10376.943695068	105	165	FP
315	Spectrogram 1	1	10377.361541748	10378.057952881	145	205	FP
316	Spectrogram 1	1	10391.289764404	10391.707611084	215	245	FP
317	Spectrogram 1	1	10403.337677002	10404.173370361	135	175	FP
318	Spectrogram 1	1	10414.96774292	10415.873077393	125	195	FP
319	Spectrogram 1	1	10418.310516357	10419.42477417	95	155	FP
320	Spectrogram 1	1	10435.860076904	10436.277923584	125	165	FP
321	Spectrogram 1	1	10438.436798096	10439.133209229	145	195	FP
322	Spectrogram 1	1	10460.930877686	10461.766571045	145	175	FP
323	Spectrogram 1	1	10465.736114502	10466.502166748	125	175	FP
324	Spectrogram 1	1	10476.042999268	10476.7394104	95	155	FP
325	Spectrogram 1	1	10487.812347412	10488.717681885	55	85	FP
110	Spectrogram 1	1	10494.241432836	10495.131261535	74.8	176.2	FN
326	Spectrogram 1	1	10514.345611572	10514.833099365	125	195	FP
327	Spectrogram 1	1	10533.357635498	10533.914764404	135	155	FP
328	Spectrogram 1	1	10538.720001221	10539.207489014	85	125	FP
111	Spectrogram 1	1	10567.063483373	10567.953312071	88.7	167	FN
329	Spectrogram 1	1	10613.653839111	10614.559173584	75	135	FP
330	Spectrogram 1	1	10705.162261963	10705.858673096	85	105	FP
331	Spectrogram 1	1	10739.356048584	10740.261383057	85	175	FP
332	Spectrogram 1	1	10769.510650635	10771.390960693	135	195	FP
333	Spectrogram 1	1	10858.511993408	10859.278045654	65	135	FP
112	Spectrogram 1	1	10877.855828194	10878.597352109	86.4	167	FN
334	Spectrogram 1	1	10904.684051514	10905.24118042	45	75	FP
335	Spectrogram 1	1	10919.308685303	10919.865814209	115	205	FP
336	Spectrogram 1	1	10935.674346924	10936.301116943	115	145	FP
113	Spectrogram 1	1	10936.165196392	10936.949093102	81.7	155.5	FN
337	Spectrogram 1	1	10939.086761475	10939.643890381	165	215	FP
114	Spectrogram 1	1	10941.843150942	10942.711793242	79.4	183.1	FN
115	Spectrogram 1	1	10965.940614474	10966.85162957	72.5	150.9	FN
338	Spectrogram 1	1	11108.941436768	11109.707489014	55	95	FP
339	Spectrogram 1	1	11124.680328369	11125.237457275	115	185	FP
116	Spectrogram 1	1	11126.499939439	11127.601632113	74.8	148.6	TP
117	Spectrogram 1	1	11221.970248982	11222.648213704	77.1	141.7	FN
341	Spectrogram 1	1	11236.454315186	11237.150726318	175	215	FP
342	Spectrogram 1	1	11249.616485596	11250.312896729	105	135	FP
343	Spectrogram 1	1	11287.640533447	11288.615509033	85	155	TP
344	Spectrogram 1	1	11309.020355225	11309.647125244	185	215	FP
345	Spectrogram 1	1	11328.519866943	11329.07699585	85	145	TP
346	Spectrogram 1	1	11364.593963623	11365.220733643	45	105	FP
347	Spectrogram 1	1	11427.897735596	11428.454864502	205	245	FP
348	Spectrogram 1	1	11429.986968994	11430.613739014	85	125	FP
349	Spectrogram 1	1	11435.21005249	11436.04574585	45	135	FP
350	Spectrogram 1	1	11441.268829346	11442.661651611	75	165	FP
351	Spectrogram 1	1	11451.436431885	11452.132843018	185	245	FP
120	Spectrogram 1	1	11481.143999822	11482.11857411	79.4	155.5	FN
352	Spectrogram 1	1	11484.86416626	11485.908782959	135	235	FP
121	Spectrogram 1	1	11522.466004582	11523.504138063	88.7	164.7	FN
122	Spectrogram 1	1	11556.054974227	11556.648193359	88.7	155.5	FN
353	Spectrogram 1	1	11599.772003174	11600.607696533	155	195	FP
354	Spectrogram 1	1	11622.40536499	11623.449981689	205	245	FP
355	Spectrogram 1	1	11665.165008545	11666.000701904	65	155	FP
123	Spectrogram 1	1	11720.966040186	11722.194851245	63.3	180.8	FN
356	Spectrogram 1	1	11732.438323975	11733.274017334	175	215	FP
124	Spectrogram 1	1	11764.025329547	11765.084649425	74.8	155.5	FN
125	Spectrogram 1	1	11791.131261535	11792.127022221	70.2	134.7	FN
357	Spectrogram 1	1	11794.279632568	11794.836761475	215	245	FP
358	Spectrogram 1	1	11827.916290283	11828.403778076	145	165	FP
359	Spectrogram 1	1	11857.165557861	11857.722686768	145	175	FP
360	Spectrogram 1	1	11878.754302979	11879.938201904	185	215	FP
361	Spectrogram 1	1	11910.858856201	11911.624908447	135	165	FP
362	Spectrogram 1	1	11918.380096436	11918.867584229	65	135	FP
363	Spectrogram 1	1	11941.988433838	11942.336639404	175	205	FP
364	Spectrogram 1	1	12005.431488037	12006.058258057	195	235	FP
365	Spectrogram 1	1	12008.356414795	12008.913543701	95	135	FP
366	Spectrogram 1	1	12031.616546631	12032.312957764	125	165	FP
126	Spectrogram 1	1	12053.016871264	12054.18212313	74.8	160.1	TP
368	Spectrogram 1	1	12140.813812256	12141.649505615	175	205	FP
127	Spectrogram 1	1	12163.529553602	12164.4193823	79.4	167	FN
128	Spectrogram 1	1	12215.982946579	12216.491420121	95.6	157.8	FN
369	Spectrogram 1	1	12224.73135376	12225.706329346	135	185	FP
129	Spectrogram 1	1	12254.220266784	12255.004163494	88.7	155.5	FN
370	Spectrogram 1	1	12276.265777588	12276.962188721	155	235	FP
371	Spectrogram 1	1	12277.79788208	12278.981781006	155	205	FP
372	Spectrogram 1	1	12295.765289307	12296.531341553	85	135	FP
373	Spectrogram 1	1	12341.728424072	12342.146270752	145	185	FP
374	Spectrogram 1	1	12354.681671143	12355.795928955	85	155	FP
375	Spectrogram 1	1	12392.148590088	12393.611053467	45	135	TP
131	Spectrogram 1	1	12408.805027633	12409.44061956	88.7	167	FN
376	Spectrogram 1	1	12417.428314209	12417.985443115	215	235	FP
132	Spectrogram 1	1	12426.262619234	12427.088888739	100.2	160.1	FN
133	Spectrogram 1	1	12462.974518814	12463.673669934	77.1	160.1	FN
377	Spectrogram 1	1	12483.23916626	12483.726654053	225	245	FP
134	Spectrogram 1	1	12549.588914171	12550.266878893	79.4	155.5	FN
378	Spectrogram 1	1	12570.220916748	12570.499481201	125	165	FP
135	Spectrogram 1	1	12587.309231343	12588.114314451	79.4	146.3	FN
379	Spectrogram 1	1	12603.718292236	12604.345062256	65	115	FP
380	Spectrogram 1	1	12609.150299072	12610.125274658	95	135	FP
136	Spectrogram 1	1	12680.966040186	12681.686377703	91	164.7	FN
381	Spectrogram 1	1	12755.744842529	12756.301971436	115	155	FP
382	Spectrogram 1	1	12769.742706299	12770.439117432	155	205	FP
383	Spectrogram 1	1	12787.919036865	12788.685089111	155	175	FP
384	Spectrogram 1	1	12814.243377686	12814.730865479	75	105	FP
385	Spectrogram 1	1	12842.587310791	12843.283721924	95	165	FP
386	Spectrogram 1	1	12856.376251221	12857.21194458	155	195	FP
387	Spectrogram 1	1	12857.490509033	12858.395843506	155	225	FP
388	Spectrogram 1	1	12870.652679443	12871.418731689	105	185	FP
389	Spectrogram 1	1	12923.301361084	12923.85848999	85	125	FP
137	Spectrogram 1	1	12938.351604138	12938.966009668	77.1	144	FN
138	Spectrogram 1	1	12955.309251688	12956.114334796	88.7	162.4	FN
390	Spectrogram 1	1	12988.972930908	12989.738983154	105	195	FP
391	Spectrogram 1	1	13010.561676025	13010.909881592	195	225	FP
392	Spectrogram 1	1	13013.347320557	13014.043731689	185	235	FP
393	Spectrogram 1	1	13017.943634033	13018.570404053	55	135	FP
139	Spectrogram 1	1	13022.423631787	13023.249901292	100.2	162.4	FN
394	Spectrogram 1	1	13023.932769775	13024.629180908	125	175	FP
395	Spectrogram 1	1	13033.334320068	13035.0753479	55	195	FP
396	Spectrogram 1	1	13056.594451904	13057.081939697	125	195	FP
140	Spectrogram 1	1	13057.885533909	13058.648244222	86.4	164.7	FN
397	Spectrogram 1	1	13067.249542236	13067.876312256	175	245	FP
398	Spectrogram 1	1	13091.763214111	13092.807830811	165	215	FP
141	Spectrogram 1	1	13112.75417621	13114.194851245	95.6	183.1	FN
142	Spectrogram 1	1	13161.470233723	13162.338876024	88.7	141.7	FN
143	Spectrogram 1	1	13231.305002202	13232.321949285	79.4	157.8	FN
399	Spectrogram 1	1	13268.094512939	13268.442718506	125	145	FP
400	Spectrogram 1	1	13299.711578369	13300.407989502	65	115	FP
401	Spectrogram 1	1	13303.681121826	13304.029327393	155	195	FP
402	Spectrogram 1	1	13339.407012939	13340.242706299	105	175	FP
403	Spectrogram 1	1	13340.939117432	13341.635528564	55	95	FP
404	Spectrogram 1	1	13362.736785889	13363.502838135	155	175	FP
144	Spectrogram 1	1	13378.32196963	13379.232984726	84.1	139.4	FN
145	Spectrogram 1	1	13393.851599052	13394.889732533	88.7	160.1	FN
405	Spectrogram 1	1	13394.841339111	13395.537750244	145	195	FP
406	Spectrogram 1	1	13415.664031982	13416.221160889	55	85	FP
407	Spectrogram 1	1	13431.611846924	13432.099334717	175	225	FP
146	Spectrogram 1	1	13431.940614474	13432.660951992	74.8	144	FN
408	Spectrogram 1	1	13442.893707275	13443.241912842	55	115	FP
409	Spectrogram 1	1	13488.090789795	13488.647918701	65	115	FP
410	Spectrogram 1	1	13504.665374756	13505.361785889	225	245	FP
411	Spectrogram 1	1	13515.250823975	13515.947235107	125	165	FP
147	Spectrogram 1	1	13519.063483373	13519.61432971	107.1	155.5	FN
412	Spectrogram 1	1	13526.254119873	13527.020172119	105	155	FP
148	Spectrogram 1	1	13566.855868884	13567.385528823	95.6	150.9	FN
413	Spectrogram 1	1	13631.272918701	13632.387176514	95	155	FP
414	Spectrogram 1	1	13671.943328857	13672.84866333	205	235	FP
415	Spectrogram 1	1	13675.425384521	13676.330718994	145	195	FP
149	Spectrogram 1	1	13683.393987106	13684.029579033	100.2	157.8	FN
150	Spectrogram 1	1	13694.516845832	13695.576165711	81.7	157.8	FN
416	Spectrogram 1	1	13696.874847412	13697.292694092	75	135	FP
151	Spectrogram 1	1	13709.419412818	13710.669410275	63.3	127.8	FN
417	Spectrogram 1	1	13758.576873779	13759.064361572	125	145	FP
418	Spectrogram 1	1	13829.05368042	13829.610809326	125	155	FP
419	Spectrogram 1	1	13851.33883667	13851.687042236	175	195	FP
152	Spectrogram 1	1	13859.940573784	13860.893961675	81.7	146.3	FN
420	Spectrogram 1	1	13867.565216064	13868.052703857	125	165	FP
421	Spectrogram 1	1	13928.083343506	13928.361907959	95	115	FP
153	Spectrogram 1	1	13928.652463191	13929.627037479	97.9	155.5	FN
422	Spectrogram 1	1	13959.839691162	13960.675384521	145	215	FP
423	Spectrogram 1	1	14016.179351807	14016.527557373	125	145	FP
154	Spectrogram 1	1	14027.288075463	14028.029599378	111.7	169.3	TP
155	Spectrogram 1	1	14066.999914008	14067.656692332	86.4	157.8	FN
156	Spectrogram 1	1	14104.042266458	14104.63548559	61	155.5	FN
425	Spectrogram 1	1	14111.448394775	14112.214447021	105	145	FP
426	Spectrogram 1	1	14123.00881958	14123.42666626	65	125	FP
157	Spectrogram 1	1	14151.855838366	14152.554989486	93.3	171.6	FN
427	Spectrogram 1	1	14159.848968506	14160.127532959	145	185	FP
428	Spectrogram 1	1	14165.489898682	14166.047027588	95	155	FP
429	Spectrogram 1	1	14168.414825439	14169.389801025	55	115	FP
430	Spectrogram 1	1	14176.771759033	14177.537811279	155	195	FP
158	Spectrogram 1	1	14186.525314288	14187.245651805	91	148.6	FN
431	Spectrogram 1	1	14198.081939697	14199.056915283	155	215	FP
432	Spectrogram 1	1	14205.046051025	14205.742462158	135	185	FP
433	Spectrogram 1	1	14211.661956787	14212.428009033	85	165	FP
434	Spectrogram 1	1	14218.556427002	14219.601043701	135	215	FP
159	Spectrogram 1	1	14227.029579033	14227.665170961	102.5	167	FN
435	Spectrogram 1	1	14243.070098877	14244.253997803	75	155	FP
436	Spectrogram 1	1	14272.806854248	14273.503265381	85	125	FP
160	Spectrogram 1	1	14274.016881436	14274.970269327	88.7	160.1	FN
437	Spectrogram 1	1	14274.617523193	14275.244293213	185	235	TP
438	Spectrogram 1	1	14290.286773682	14291.052825928	185	245	FP
439	Spectrogram 1	1	14308.741668701	14309.7862854	175	215	FP
440	Spectrogram 1	1	14324.341278076	14325.037689209	75	145	FP
441	Spectrogram 1	1	14327.892974854	14328.798309326	115	175	FP
442	Spectrogram 1	1	14352.128082275	14352.406646729	205	235	FP
443	Spectrogram 1	1	14356.027984619	14356.654754639	65	155	FP
161	Spectrogram 1	1	14363.067712514	14363.80923643	109.4	169.3	FN
162	Spectrogram 1	1	14387.716022384	14388.627037479	93.3	173.9	FN
163	Spectrogram 1	1	14404.949093102	14405.860108198	93.3	157.8	FN
164	Spectrogram 1	1	14407.110105655	14408.211798328	84.1	222.3	FN
165	Spectrogram 1	1	14416.305002202	14417.131271707	74.8	141.7	FN
166	Spectrogram 1	1	14417.216017297	14417.872795622	74.8	148.6	FN
167	Spectrogram 1	1	14424.694815641	14426.008372291	77.1	197	FN
168	Spectrogram 1	1	14434.338906541	14436.055004745	72.5	183.1	FN
444	Spectrogram 1	1	14438.622344971	14439.527679443	55	145	FP
445	Spectrogram 1	1	14446.282867432	14446.839996338	175	215	FP
169	Spectrogram 1	1	14470.639735076	14471.720241353	107.1	245.3	FN
446	Spectrogram 1	1	14482.217681885	14483.262298584	75	145	TP
171	Spectrogram 1	1	14493.084659598	14494.101606682	81.7	254.6	FN
447	Spectrogram 1	1	14504.572479248	14505.129608154	95	145	FP
172	Spectrogram 1	1	14546.025339719	14546.915168417	109.4	210.8	FN
173	Spectrogram 1	1	14570.292294432	14571.372800708	86.4	215.4	FN
174	Spectrogram 1	1	14601.67787873	14602.673639416	79.4	215.4	FN
175	Spectrogram 1	1	14606.529563774	14607.249901292	86.4	148.6	FN
448	Spectrogram 1	1	14628.185455322	14628.881866455	125	175	FP
176	Spectrogram 1	1	14642.732989812	14643.749936896	70.2	173.9	FN
177	Spectrogram 1	1	14653.665170961	14655.042286803	91	192.3	FN
449	Spectrogram 1	1	14656.390106201	14657.295440674	185	215	FP
450	Spectrogram 1	1	14671.989715576	14672.964691162	45	95	FP
451	Spectrogram 1	1	14730.488250732	14730.975738525	145	215	FP
452	Spectrogram 1	1	14743.023651123	14743.650421143	75	105	FP
178	Spectrogram 1	1	14762.932135846	14763.610100568	100.2	164.7	FN
453	Spectrogram 1	1	14790.727813721	14791.493865967	215	245	FP
179	Spectrogram 1	1	14791.309251688	14792.643994735	65.6	190	FN
454	Spectrogram 1	1	14818.793182373	14819.698516846	125	175	FP
180	Spectrogram 1	1	14858.317699799	14859.038037316	100.2	162.4	FN
181	Spectrogram 1	1	14883.241432836	14883.771092776	100.2	148.6	FN
455	Spectrogram 1	1	14894.771636963	14895.259124756	205	245	FP
456	Spectrogram 1	1	14898.95010376	14899.716156006	205	245	FP
182	Spectrogram 1	1	14916.258369748	14916.788029687	95.6	150.9	FN
457	Spectrogram 1	1	14918.797821045	14919.633514404	115	185	FP
183	Spectrogram 1	1	14992.194820727	14992.788039859	93.3	192.3	FN
458	Spectrogram 1	1	15004.108184814	15004.526031494	75	105	FP
459	Spectrogram 1	1	15062.258514404	15063.094207764	115	165	FP
460	Spectrogram 1	1	15079.459869385	15080.574127197	155	205	FP
461	Spectrogram 1	1	15083.429412842	15084.056182861	175	205	FP
184	Spectrogram 1	1	15128.148239136	15129.927896532	65.6	185.4	FN
462	Spectrogram 1	1	15133.988861084	15134.476348877	135	155	FP
463	Spectrogram 1	1	15149.658111572	15150.075958252	185	235	FP
464	Spectrogram 1	1	15154.393707275	15154.881195068	85	125	FP
185	Spectrogram 1	1	15160.78382089	15161.949072757	56.4	155.5	FN
186	Spectrogram 1	1	15173.410913845	15174.682097699	67.9	197	FN
465	Spectrogram 1	1	15183.57333374	15184.269744873	65	115	FP
466	Spectrogram 1	1	15195.621246338	15196.317657471	85	115	TP
187	Spectrogram 1	1	15195.749906378	15196.978717438	74.8	178.5	FN
467	Spectrogram 1	1	15200.635406494	15202.2371521	135	225	FP
468	Spectrogram 1	1	15209.131622314	15210.245880127	125	185	FP
469	Spectrogram 1	1	15220.483123779	15221.249176025	75	135	FP
188	Spectrogram 1	1	15220.885503392	15221.817704885	70.2	201.6	FN
470	Spectrogram 1	1	15248.269927979	15248.827056885	155	225	FP
471	Spectrogram 1	1	15263.79989624	15264.357025146	165	205	FP
189	Spectrogram 1	1	15266.050775603	15267.660941819	79.4	162.4	FN
190	Spectrogram 1	1	15268.868566481	15269.906699962	79.4	141.7	FN
472	Spectrogram 1	1	15269.440826416	15269.858673096	55	75	TP
191	Spectrogram 1	1	15280.542271544	15281.199049869	77.1	144	FN
473	Spectrogram 1	1	15320.069915771	15320.835968018	135	205	FP
192	Spectrogram 1	1	15321.385518651	15322.6990753	70.2	229.2	FN
474	Spectrogram 1	1	15333.023162842	15333.510650635	205	235	FP
193	Spectrogram 1	1	15357.919397559	15359.148208618	81.7	187.7	FN
194	Spectrogram 1	1	15426.355863797	15427.711793242	70.2	180.8	FN
475	Spectrogram 1	1	15446.189971924	15447.513153076	95	165	FP
195	Spectrogram 1	1	15459.563478287	15460.728730153	67.9	171.6	FN
476	Spectrogram 1	1	15461.093170166	15461.859222412	95	155	FP
477	Spectrogram 1	1	15467.709075928	15468.266204834	85	125	FP
478	Spectrogram 1	1	15475.926727295	15476.623138428	155	185	FP
479	Spectrogram 1	1	15511.025848389	15511.443695068	175	205	FP
196	Spectrogram 1	1	15528.792279173	15529.385498305	97.9	169.3	FN
480	Spectrogram 1	1	15555.874725342	15556.640777588	85	135	FP
481	Spectrogram 1	1	15559.844268799	15560.471038818	155	215	FP
482	Spectrogram 1	1	15569.594024658	15570.151153564	195	225	FP
483	Spectrogram 1	1	15587.631072998	15588.606048584	115	175	FP
197	Spectrogram 1	1	15597.821964544	15598.711793242	97.9	157.8	FN
198	Spectrogram 1	1	15620.05502509	15621.029599378	114	169.3	FN
484	Spectrogram 1	1	15629.90322876	15631.156768799	135	215	FP
485	Spectrogram 1	1	15641.045806885	15641.672576904	95	125	FP
199	Spectrogram 1	1	15649.512647209	15650.275357521	97.9	171.6	FN
486	Spectrogram 1	1	15654.695465088	15655.322235107	45	75	FP
487	Spectrogram 1	1	15672.941436768	15674.125335693	115	195	FP
488	Spectrogram 1	1	15676.562774658	15677.328826904	185	215	FP
200	Spectrogram 1	1	15683.737208781	15684.372800708	91	164.7	FN
489	Spectrogram 1	1	15688.749969482	15689.237457275	155	195	FP
490	Spectrogram 1	1	15693.137359619	15693.694488525	165	195	FP
201	Spectrogram 1	1	15714.76262432	15715.588893826	97.9	155.5	FN
491	Spectrogram 1	1	15745.15927124	15745.925323486	125	145	FP
202	Spectrogram 1	1	15748.182102785	15749.326168254	70.2	187.7	FN
203	Spectrogram 1	1	15750.809216084	15751.55074	95.6	167	FN
204	Spectrogram 1	1	15776.432100242	15777.364301735	93.3	150.9	FN
206	Spectrogram 1	1	15811.978747955	15812.889763051	88.7	148.6	FN
205	Spectrogram 1	1	15820.368561394	15821.088898912	86.4	155.5	FN
207	Spectrogram 1	1	15833.186331927	15833.906669444	81.7	146.3	FN
492	Spectrogram 1	1	15875.875640869	15876.363128662	175	225	FP
208	Spectrogram 1	1	15891.45332733	15892.894002365	65.6	132.4	FN
493	Spectrogram 1	1	15938.552642822	15939.388336182	125	185	FP
209	Spectrogram 1	1	15939.957520867	15940.847349566	88.7	157.8	FN
494	Spectrogram 1	1	15968.359039307	15969.194732666	135	195	FP
495	Spectrogram 1	1	15973.09463501	15973.582122803	75	125	FP
496	Spectrogram 1	1	15995.17086792	15996.006561279	65	135	FP
497	Spectrogram 1	1	16031.662811279	16032.359222412	95	145	FP
498	Spectrogram 1	1	16045.033905029	16045.730316162	115	155	FP
499	Spectrogram 1	1	16072.193939209	16072.751068115	65	125	FP
500	Spectrogram 1	1	16082.640106201	16083.475799561	155	195	FP
210	Spectrogram 1	1	16096.660921474	16097.444818184	93.3	155.5	FN
501	Spectrogram 1	1	16098.030792236	16099.005767822	165	225	FP
211	Spectrogram 1	1	16108.173664847	16108.85162957	79.4	139.4	FN
212	Spectrogram 1	1	16111.563488459	16112.834672314	79.4	192.3	FN
213	Spectrogram 1	1	16115.355853625	16116.775342262	81.7	197	FN
502	Spectrogram 1	1	16125.399749756	16126.235443115	65	105	FP
214	Spectrogram 1	1	16130.771082603	16131.830402482	84.1	176.2	FN
215	Spectrogram 1	1	16144.232974554	16145.271108035	81.7	164.7	FN
503	Spectrogram 1	1	16228.886444092	16229.931060791	115	135	FP
504	Spectrogram 1	1	16274.083526611	16275.197784424	115	195	FP
216	Spectrogram 1	1	16275.440609388	16276.245692496	86.4	155.5	FN
217	Spectrogram 1	1	16293.766843289	16294.465994409	93.3	167	FN
505	Spectrogram 1	1	16302.845306396	16303.193511963	205	225	FP
506	Spectrogram 1	1	16313.082550049	16314.057525635	95	175	FP
218	Spectrogram 1	1	16314.538042403	16315.088888739	63.3	134.7	FN
507	Spectrogram 1	1	16319.141326904	16319.90737915	85	145	FP
219	Spectrogram 1	1	16336.771102948	16337.724490839	74.8	141.7	FN
220	Spectrogram 1	1	16383.821964544	16384.563488459	100.2	164.7	FN
508	Spectrogram 1	1	16413.644317627	16413.992523193	135	165	FP
509	Spectrogram 1	1	16427.572540283	16428.826080322	125	185	FP
510	Spectrogram 1	1	16442.475738525	16443.032867432	125	165	FP
511	Spectrogram 1	1	16506.824127197	16507.381256104	85	125	FP
221	Spectrogram 1	1	16535.127052738	16536.398236593	84.1	167	FN
512	Spectrogram 1	1	16590.045257568	16590.950592041	45	115	FP
513	Spectrogram 1	1	16608.778717041	16609.544769287	205	235	FP
514	Spectrogram 1	1	16624.796173096	16625.353302002	75	155	FP
515	Spectrogram 1	1	16631.89956665	16632.52633667	105	125	FP
516	Spectrogram 1	1	16672.43069458	16672.987823486	125	185	FP
222	Spectrogram 1	1	16838.597402971	16839.847400428	79.4	192.3	FN
517	Spectrogram 1	1	16840.335418701	16840.822906494	105	125	FP
518	Spectrogram 1	1	16842.285369873	16842.772857666	205	225	FP
519	Spectrogram 1	1	16845.697784424	16846.812042236	115	155	FP
520	Spectrogram 1	1	16883.373626709	16883.930755615	95	125	FP
223	Spectrogram 1	1	16896.326208944	16896.982987269	79.4	141.7	FN
521	Spectrogram 1	1	16897.023284912	16897.301849365	145	165	FP
522	Spectrogram 1	1	16903.848114014	16904.544525146	205	245	FP
523	Spectrogram 1	1	16905.380218506	16906.146270752	215	235	FP
224	Spectrogram 1	1	16912.639735076	16913.275327004	86.4	139.4	FN
225	Spectrogram 1	1	16927.436370074	16928.071962001	86.4	150.9	FN
524	Spectrogram 1	1	16943.404266357	16943.961395264	165	205	FP
226	Spectrogram 1	1	16959.436359901	16960.220256611	79.4	134.7	FN
525	Spectrogram 1	1	16993.75479126	16994.102996826	135	165	FP
526	Spectrogram 1	1	17000.509979248	17000.927825928	175	215	FP
527	Spectrogram 1	1	17016.805999756	17017.572052002	185	225	FP
528	Spectrogram 1	1	17048.353424072	17048.910552979	115	185	FP
529	Spectrogram 1	1	17089.789886475	17090.416656494	45	105	FP
530	Spectrogram 1	1	17101.768157959	17102.464569092	165	185	FP
531	Spectrogram 1	1	17110.334014893	17111.030426025	115	155	FP
227	Spectrogram 1	1	17161.211788156	17162.143989649	91	187.7	FN
532	Spectrogram 1	1	17242.095001221	17242.443206787	75	105	FP
533	Spectrogram 1	1	17259.714202881	17260.410614014	105	145	TP
534	Spectrogram 1	1	17268.419342041	17269.115753174	195	225	FP
229	Spectrogram 1	1	17284.63548559	17285.461755095	95.6	187.7	FN
535	Spectrogram 1	1	17326.639312744	17327.335723877	175	235	FP
230	Spectrogram 1	1	17384.60162194	17385.597382626	88.7	180.8	FN
536	Spectrogram 1	1	17448.023773193	17448.789825439	115	155	FP
537	Spectrogram 1	1	17470.308929443	17471.214263916	175	235	FP
538	Spectrogram 1	1	17489.042388916	17489.808441162	85	105	FP
539	Spectrogram 1	1	17556.246063232	17556.942474365	125	165	FP
540	Spectrogram 1	1	17588.002410889	17588.629180908	65	95	FP
541	Spectrogram 1	1	17599.0753479	17599.771759033	145	165	FP
542	Spectrogram 1	1	17623.797943115	17624.494354248	205	235	FP
232	Spectrogram 1	1	17717.07618097	17717.966009668	63.3	155.5	TP
544	Spectrogram 1	1	17753.539337158	17754.026824951	225	245	FP
545	Spectrogram 1	1	17800.26852417	17800.964935303	125	175	FP
546	Spectrogram 1	1	17867.193634033	17867.820404053	95	165	FP
547	Spectrogram 1	1	17888.155609131	17888.852020264	155	195	FP
548	Spectrogram 1	1	17918.240570068	17919.354827881	95	175	FP
549	Spectrogram 1	1	17935.650848389	17936.138336182	155	205	FP
550	Spectrogram 1	1	17957.936004639	17958.632415771	95	185	FP
233	Spectrogram 1	1	17977.838911628	17979.279586663	65.6	173.9	FN
551	Spectrogram 1	1	17990.736968994	17991.572662354	105	155	FP
552	Spectrogram 1	1	18017.548797607	18017.897003174	145	185	FP
553	Spectrogram 1	1	18038.301849365	18038.998260498	55	115	FP
234	Spectrogram 1	1	18087.766873807	18089.101616854	67.9	162.4	FN
554	Spectrogram 1	1	18102.92880249	18104.391265869	135	215	FP
555	Spectrogram 1	1	18111.076812744	18111.703582764	45	125	FP
556	Spectrogram 1	1	18208.295806885	18208.644012451	125	175	FP
557	Spectrogram 1	1	18224.870391846	18225.427520752	165	195	FP
558	Spectrogram 1	1	18237.196868896	18238.241485596	105	175	FP
559	Spectrogram 1	1	18249.941192627	18250.42868042	135	175	FP
560	Spectrogram 1	1	18297.645355225	18298.411407471	115	185	FP
561	Spectrogram 1	1	18332.465911865	18333.231964111	195	235	FP
235	Spectrogram 1	1	18390.199060041	18390.64397439	72.5	141.7	FN
236	Spectrogram 1	1	18408.406705048	18409.656702505	70.2	157.8	FN
562	Spectrogram 1	1	18414.363861084	18415.617401123	65	95	FP
563	Spectrogram 1	1	18445.214874268	18445.702362061	135	165	FP
564	Spectrogram 1	1	18449.671905518	18450.229034424	115	185	FP
565	Spectrogram 1	1	18481.010406494	18481.5675354	95	175	FP
566	Spectrogram 1	1	18487.556671143	18487.835235596	185	205	FP
567	Spectrogram 1	1	18495.217193604	18496.610015869	165	245	FP
237	Spectrogram 1	1	18591.716032556	18593.326198772	51.8	190	FN
568	Spectrogram 1	1	18593.41116333	18594.107574463	55	115	FP
238	Spectrogram 1	1	18624.563478287	18625.135511021	107.1	178.5	FN
569	Spectrogram 1	1	18639.861785889	18640.349273682	105	125	FP
239	Spectrogram 1	1	18656.881264078	18657.64397439	109.4	180.8	FN
570	Spectrogram 1	1	18691.744415283	18692.510467529	105	185	FP
571	Spectrogram 1	1	18696.271087646	18697.315704346	195	245	FP
572	Spectrogram 1	1	18732.902313232	18733.389801025	205	225	FP
573	Spectrogram 1	1	18774.408416748	18774.826263428	145	185	FP
574	Spectrogram 1	1	18825.107147217	18825.59463501	195	245	FP
575	Spectrogram 1	1	18825.664276123	18826.569610596	125	235	FP
240	Spectrogram 1	1	18842.999914008	18843.932115501	79.4	187.7	FN
576	Spectrogram 1	1	18849.063690186	18849.760101318	175	225	FP
577	Spectrogram 1	1	18884.511016846	18885.555633545	215	235	FP
578	Spectrogram 1	1	18915.779876709	18916.058441162	215	235	FP
241	Spectrogram 1	1	18932.093117881	18933.427860928	77.1	236.1	TP
580	Spectrogram 1	1	18998.861724854	18999.279571533	155	185	FP
242	Spectrogram 1	1	19106.940604301	19107.851619397	107.1	199.3	FN
581	Spectrogram 1	1	19338.15322876	19338.640716553	195	215	FP
582	Spectrogram 1	1	19350.758270264	19351.385040283	135	225	FP
583	Spectrogram 1	1	19390.105499268	19390.662628174	165	245	FP
584	Spectrogram 1	1	19395.67678833	19396.09463501	145	165	FP
243	Spectrogram 1	1	19397.987226583	19398.877055281	84.1	183.1	FN
244	Spectrogram 1	1	19411.665079408	19412.872704069	88.7	213.1	FN
585	Spectrogram 1	1	19439.063201904	19439.689971924	85	135	FP
586	Spectrogram 1	1	19492.477935791	19493.174346924	145	195	FP
245	Spectrogram 1	1	19498.453215432	19499.512535311	107.1	220	FN
587	Spectrogram 1	1	19525.696746826	19526.393157959	115	145	TP
247	Spectrogram 1	1	19553.809144877	19554.932023948	127.8	229.2	FN
248	Spectrogram 1	1	19600.800666249	19602.114222898	107.1	233.8	FN
588	Spectrogram 1	1	19672.360931396	19672.848419189	135	155	FP
589	Spectrogram 1	1	19676.26083374	19676.817962646	185	205	FP
590	Spectrogram 1	1	19766.2371521	19767.281768799	75	135	FP
249	Spectrogram 1	1	19816.991343827	19818.050663706	125.5	240.7	FN
250	Spectrogram 1	1	20064.41930092	20065.415061606	74.8	164.7	FN
591	Spectrogram 1	1	20069.663482666	20070.359893799	185	205	FP
592	Spectrogram 1	1	20083.870269775	20084.705963135	135	205	FP
593	Spectrogram 1	1	20130.460174561	20131.08694458	185	215	FP
594	Spectrogram 1	1	20163.400421143	20164.445037842	65	85	FP
595	Spectrogram 1	1	20208.597503662	20209.084991455	75	105	FP
596	Spectrogram 1	1	20225.938140869	20226.425628662	205	245	FP
251	Spectrogram 1	1	20238.025227821	20238.745565339	79.4	171.6	FN
597	Spectrogram 1	1	20271.204864502	20271.831634521	125	155	FP
598	Spectrogram 1	1	20276.427947998	20276.776153564	105	135	FP
599	Spectrogram 1	1	20280.327850342	20280.884979248	55	115	FP
600	Spectrogram 1	1	20304.284393311	20304.980804443	145	185	FP
601	Spectrogram 1	1	20356.167022705	20356.863433838	115	205	FP
602	Spectrogram 1	1	20376.502227783	20377.128997803	115	165	FP
603	Spectrogram 1	1	20387.226959229	20387.714447021	95	155	FP
604	Spectrogram 1	1	20390.987579346	20391.962554932	175	215	FP
252	Spectrogram 1	1	20548.626895064	20549.389605377	104.8	215.4	FN
605	Spectrogram 1	1	20549.699676514	20550.117523193	65	85	FP
253	Spectrogram 1	1	20560.944721545	20562.067600617	127.8	233.8	FN
606	Spectrogram 1	1	20602.487640381	20602.835845947	85	105	FP
254	Spectrogram 1	1	20621.067590444	20621.999791937	84.1	180.8	FN
607	Spectrogram 1	1	20623.658538818	20624.354949951	205	245	FP
608	Spectrogram 1	1	20647.89364624	20648.590057373	185	235	FP
609	Spectrogram 1	1	20649.704315186	20650.261444092	135	205	FP
610	Spectrogram 1	1	20712.172393799	20712.799163818	165	185	FP
611	Spectrogram 1	1	20783.554534912	20784.390228271	155	195	FP
612	Spectrogram 1	1	20787.106231689	20787.593719482	145	185	FP
613	Spectrogram 1	1	20790.866851807	20791.772186279	145	175	FP
614	Spectrogram 1	1	20818.723297119	20819.350067139	175	225	FP
615	Spectrogram 1	1	20841.217376709	20842.540557861	75	115	FP
616	Spectrogram 1	1	20864.686431885	20865.382843018	85	145	TP
617	Spectrogram 1	1	20886.762664795	20887.389434814	165	225	FP
257	Spectrogram 1	1	20892.495578055	20893.364220355	93.3	197	FN
618	Spectrogram 1	1	20897.139190674	20897.90524292	115	155	FP
256	Spectrogram 1	1	20911.13960792	20911.987063823	109.4	201.6	FN
619	Spectrogram 1	1	20913.365570068	20914.061981201	95	135	FP
620	Spectrogram 1	1	20932.725799561	20933.213287354	65	105	FP
621	Spectrogram 1	1	20956.26449585	20957.030548096	145	195	FP
258	Spectrogram 1	1	20994.817623505	20995.707452203	109.4	192.3	TP
623	Spectrogram 1	1	21090.114715576	21090.880767822	145	195	FP
624	Spectrogram 1	1	21092.552154541	21093.178924561	135	215	FP
625	Spectrogram 1	1	21206.902862549	21207.459991455	95	135	FP
626	Spectrogram 1	1	21238.798492432	21239.564544678	155	205	FP
259	Spectrogram 1	1	21245.639653696	21246.635414382	100.2	171.6	FN
260	Spectrogram 1	1	21249.117009524	21250.091583812	107.1	162.4	FN
261	Spectrogram 1	1	21251.68056363	21252.697510714	111.7	173.9	FN
627	Spectrogram 1	1	21258.158721924	21258.646209717	175	225	FP
262	Spectrogram 1	1	21262.95172714	21263.566132669	104.8	164.7	FN
628	Spectrogram 1	1	21270.554840088	21271.738739014	95	145	TP
629	Spectrogram 1	1	21292.143585205	21292.770355225	105	145	FP
