Selection	View	Channel	Begin Time (s)	End Time (s)	Low Freq (Hz)	High Freq (Hz)
1	Waveform 1	1	6.228800887	6.843206416	95.6	162.4
1	Spectrogram 1	1	6.228800887	6.843206416	95.6	162.4
2	Waveform 1	1	230.046581592	231.127087868	104.8	185.4
2	Spectrogram 1	1	230.046581592	231.127087868	104.8	185.4
3	Waveform 1	1	377.716047341	378.372825666	114.0	169.3
3	Spectrogram 1	1	377.716047341	378.372825666	114.0	169.3
4	Waveform 1	1	481.055039875	482.432155717	79.4	178.5
4	Spectrogram 1	1	481.055039875	482.432155717	79.4	178.5
5	Waveform 1	1	719.309286818	720.580470672	95.6	185.4
5	Spectrogram 1	1	719.309286818	720.580470672	95.6	185.4
6	Waveform 1	1	864.542316846	865.707568713	93.3	197.0
6	Spectrogram 1	1	864.542316846	865.707568713	93.3	197.0
7	Waveform 1	1	880.567762903	881.584709986	107.1	190.0
7	Spectrogram 1	1	880.567762903	881.584709986	107.1	190.0
8	Waveform 1	1	904.220312086	904.855904013	38.0	150.9
8	Spectrogram 1	1	904.220312086	904.855904013	38.0	150.9
9	Waveform 1	1	910.999959310	911.762669623	74.8	213.1
9	Spectrogram 1	1	910.999959310	911.762669623	74.8	213.1
10	Waveform 1	1	945.974574288	947.012707770	38.0	157.8
10	Spectrogram 1	1	945.974574288	947.012707770	38.0	157.8
11	Waveform 1	1	973.949148577	975.008468456	79.4	169.3
11	Spectrogram 1	1	973.949148577	975.008468456	79.4	169.3
12	Waveform 1	1	998.419437775	998.906724919	54.1	160.1
12	Spectrogram 1	1	998.419437775	998.906724919	54.1	160.1
13	Waveform 1	1	1119.372856183	1120.665226435	100.2	185.4
13	Spectrogram 1	1	1119.372856183	1120.665226435	100.2	185.4
14	Waveform 1	1	1155.165211176	1155.800803104	100.2	148.6
14	Spectrogram 1	1	1155.165211176	1155.800803104	100.2	148.6
15	Waveform 1	1	1197.004218969	1198.148284438	77.1	192.3
15	Spectrogram 1	1	1197.004218969	1198.148284438	77.1	192.3
16	Waveform 1	1	1208.169450490	1209.271143164	63.3	187.7
16	Spectrogram 1	1	1208.169450490	1209.271143164	63.3	187.7
17	Waveform 1	1	1221.207614489	1221.970324802	72.5	160.1
17	Spectrogram 1	1	1221.207614489	1221.970324802	72.5	160.1
18	Waveform 1	1	1236.716057513	1237.394022236	65.6	194.7
18	Spectrogram 1	1	1236.716057513	1237.394022236	65.6	194.7
19	Waveform 1	1	1243.199095171	1244.194855857	56.4	160.1
19	Spectrogram 1	1	1243.199095171	1244.194855857	56.4	160.1
20	Waveform 1	1	1268.461810570	1269.160961690	65.6	162.4
20	Spectrogram 1	1	1268.461810570	1269.160961690	65.6	162.4
21	Waveform 1	1	1293.343170813	1294.275372306	74.8	192.3
21	Spectrogram 1	1	1293.343170813	1294.275372306	74.8	192.3
22	Waveform 1	1	1326.220332431	1327.343211503	74.8	160.1
22	Spectrogram 1	1	1326.220332431	1327.343211503	74.8	160.1
24	Waveform 1	1	1353.411010009	1354.216093117	74.8	141.7
24	Spectrogram 1	1	1353.411010009	1354.216093117	74.8	141.7
25	Waveform 1	1	1367.436405203	1368.135556323	63.3	162.4
25	Spectrogram 1	1	1367.436405203	1368.135556323	63.3	162.4
26	Waveform 1	1	1544.563554106	1545.368637214	63.3	141.7
26	Spectrogram 1	1	1544.563554106	1545.368637214	63.3	141.7
27	Waveform 1	1	1599.728805973	1600.533889081	67.9	167.0
27	Spectrogram 1	1	1599.728805973	1600.533889081	67.9	167.0
28	Waveform 1	1	1614.580470672	1615.597417756	58.7	167.0
28	Spectrogram 1	1	1614.580470672	1615.597417756	58.7	167.0
29	Waveform 1	1	1627.067788334	1627.872871442	72.5	162.4
29	Spectrogram 1	1	1627.067788334	1627.872871442	72.5	162.4
30	Waveform 1	1	1643.360128069	1644.080465586	86.4	153.2
30	Spectrogram 1	1	1643.360128069	1644.080465586	86.4	153.2
31	Waveform 1	1	1857.495725082	1858.449112973	107.1	208.5
31	Spectrogram 1	1	1857.495725082	1858.449112973	107.1	208.5
32	Waveform 1	1	1865.970284112	1866.775367220	95.6	178.5
32	Spectrogram 1	1	1865.970284112	1866.775367220	95.6	178.5
33	Waveform 1	1	2074.961836001	2075.788105507	86.4	146.3
33	Spectrogram 1	1	2074.961836001	2075.788105507	86.4	146.3
34	Waveform 1	1	2086.338931499	2087.038082618	77.1	132.4
34	Spectrogram 1	1	2086.338931499	2087.038082618	77.1	132.4
35	Waveform 1	1	2095.627103127	2096.601677415	77.1	185.4
35	Spectrogram 1	1	2095.627103127	2096.601677415	77.1	185.4
36	Waveform 1	1	2102.194886375	2102.745732712	111.7	180.8
36	Spectrogram 1	1	2102.194886375	2102.745732712	111.7	180.8
37	Waveform 1	1	2144.817790877	2145.538128395	95.6	150.9
37	Spectrogram 1	1	2144.817790877	2145.538128395	95.6	150.9
38	Waveform 1	1	2195.398251377	2195.906724919	95.6	148.6
38	Spectrogram 1	1	2195.398251377	2195.906724919	95.6	148.6
39	Waveform 1	1	2214.940639431	2215.470299371	107.1	176.2
39	Spectrogram 1	1	2214.940639431	2215.470299371	107.1	176.2
40	Waveform 1	1	2390.368596524	2391.321984415	84.1	162.4
40	Spectrogram 1	1	2390.368596524	2391.321984415	84.1	162.4
41	Waveform 1	1	2403.936420462	2404.910994751	107.1	180.8
41	Spectrogram 1	1	2403.936420462	2404.910994751	107.1	180.8
42	Waveform 1	1	2441.211823286	2441.444873659	114.0	176.2
42	Spectrogram 1	1	2441.211823286	2441.444873659	114.0	176.2
43	Waveform 1	1	2471.622833295	2472.237238825	102.5	169.3
43	Spectrogram 1	1	2471.622833295	2472.237238825	102.5	169.3
44	Waveform 1	1	2503.283840761	2503.855873496	120.9	180.8
44	Spectrogram 1	1	2503.283840761	2503.855873496	120.9	180.8
45	Waveform 1	1	2515.008448110	2515.919463206	95.6	183.1
45	Spectrogram 1	1	2515.008448110	2515.919463206	95.6	183.1
46	Waveform 1	1	2631.292329562	2632.478767826	70.2	178.5
46	Spectrogram 1	1	2631.292329562	2632.478767826	70.2	178.5
47	Waveform 1	1	2665.864402987	2666.733045287	72.5	137.0
47	Spectrogram 1	1	2665.864402987	2666.733045287	72.5	137.0
48	Waveform 1	1	2830.169440318	2831.525369763	107.1	178.5
48	Spectrogram 1	1	2830.169440318	2831.525369763	107.1	178.5
49	Waveform 1	1	3086.186417919	3087.118619412	81.7	155.5
49	Spectrogram 1	1	3086.186417919	3087.118619412	81.7	155.5
51	Waveform 1	1	3272.453372632	3273.533878908	79.4	155.5
51	Spectrogram 1	1	3272.453372632	3273.533878908	79.4	155.5
52	Waveform 1	1	3344.419437775	3345.372825666	95.6	169.3
52	Spectrogram 1	1	3344.419437775	3345.372825666	95.6	169.3
53	Waveform 1	1	3395.694891461	3397.177939291	97.9	167.0
53	Spectrogram 1	1	3395.694891461	3397.177939291	97.9	167.0
54	Waveform 1	1	3597.915234065	3599.122858726	104.8	226.9
54	Spectrogram 1	1	3597.915234065	3599.122858726	104.8	226.9
55	Waveform 1	1	3706.338962016	3707.122858726	93.3	141.7
55	Spectrogram 1	1	3706.338962016	3707.122858726	93.3	141.7
56	Waveform 1	1	3719.410969319	3720.449102800	44.9	123.2
56	Spectrogram 1	1	3719.410969319	3720.449102800	44.9	123.2
57	Waveform 1	1	3745.580480845	3746.385563953	84.1	139.4
57	Spectrogram 1	1	3745.580480845	3746.385563953	84.1	139.4
58	Waveform 1	1	3757.338931499	3758.059269016	77.1	139.4
58	Spectrogram 1	1	3757.338931499	3758.059269016	77.1	139.4
59	Waveform 1	1	3770.673705063	3771.627092954	81.7	150.9
59	Spectrogram 1	1	3770.673705063	3771.627092954	81.7	150.9
60	Waveform 1	1	3799.410989664	3800.491495941	70.2	192.3
60	Spectrogram 1	1	3799.410989664	3800.491495941	70.2	192.3
62	Waveform 1	1	3943.050820906	3943.665226435	88.7	194.7
62	Spectrogram 1	1	3943.050820906	3943.665226435	88.7	194.7
64	Waveform 1	1	4005.345273594	4006.362220678	70.2	132.4
64	Spectrogram 1	1	4005.345273594	4006.362220678	70.2	132.4
65	Waveform 1	1	4041.697004415	4042.480901125	86.4	134.7
65	Spectrogram 1	1	4041.697004415	4042.480901125	86.4	134.7
66	Waveform 1	1	4070.052933860	4071.345304112	70.2	183.1
66	Spectrogram 1	1	4070.052933860	4071.345304112	70.2	183.1
67	Waveform 1	1	4115.209676581	4115.908827701	67.9	139.4
67	Spectrogram 1	1	4115.209676581	4115.908827701	67.9	139.4
68	Waveform 1	1	4215.794437430	4216.705452526	79.4	173.9
68	Spectrogram 1	1	4215.794437430	4216.705452526	79.4	173.9
69	Waveform 1	1	4262.908858218	4263.862246109	56.4	171.6
69	Spectrogram 1	1	4262.908858218	4263.862246109	56.4	171.6
70	Waveform 1	1	4301.180021728	4302.239341607	74.8	178.5
70	Spectrogram 1	1	4301.180021728	4302.239341607	74.8	178.5
71	Waveform 1	1	4317.777500519	4318.688515615	77.1	169.3
71	Spectrogram 1	1	4317.777500519	4318.688515615	77.1	169.3
72	Waveform 1	1	4357.319847883	4358.463913352	67.9	157.8
72	Spectrogram 1	1	4357.319847883	4358.463913352	67.9	157.8
73	Waveform 1	1	4450.531742376	4451.209707098	81.7	127.8
73	Spectrogram 1	1	4450.531742376	4451.209707098	81.7	127.8
74	Waveform 1	1	4452.798686917	4454.048684373	65.6	153.2
74	Spectrogram 1	1	4452.798686917	4454.048684373	65.6	153.2
75	Waveform 1	1	4472.785989320	4473.548699632	54.1	150.9
75	Spectrogram 1	1	4472.785989320	4473.548699632	54.1	150.9
76	Waveform 1	1	4492.574084654	4493.294422171	72.5	144.0
76	Spectrogram 1	1	4492.574084654	4493.294422171	72.5	144.0
77	Waveform 1	1	4515.188500356	4516.057142656	63.3	157.8
77	Spectrogram 1	1	4515.188500356	4516.057142656	63.3	157.8
78	Waveform 1	1	4542.633414705	4543.629175391	56.4	141.7
78	Spectrogram 1	1	4542.633414705	4543.629175391	56.4	141.7
79	Waveform 1	1	4604.904639249	4605.879213538	63.3	148.6
79	Spectrogram 1	1	4604.904639249	4605.879213538	63.3	148.6
80	Waveform 1	1	4858.264787663	4859.281734747	86.4	183.1
80	Spectrogram 1	1	4858.264787663	4859.281734747	86.4	183.1
81	Waveform 1	1	4901.472381807	4902.701192867	91.0	169.3
81	Spectrogram 1	1	4901.472381807	4902.701192867	91.0	169.3
82	Waveform 1	1	5027.510535633	5028.527482717	86.4	215.4
82	Spectrogram 1	1	5027.510535633	5028.527482717	86.4	215.4
83	Waveform 1	1	5415.752095152	5416.938533417	95.6	203.9
83	Spectrogram 1	1	5415.752095152	5416.938533417	95.6	203.9
84	Waveform 1	1	5501.942762558	5503.002082437	88.7	194.7
84	Spectrogram 1	1	5501.942762558	5503.002082437	88.7	194.7
85	Waveform 1	1	5531.506316665	5532.141908592	93.3	187.7
85	Spectrogram 1	1	5531.506316665	5532.141908592	93.3	187.7
86	Waveform 1	1	5635.353782740	5636.285984233	77.1	169.3
86	Spectrogram 1	1	5635.353782740	5636.285984233	77.1	169.3
87	Waveform 1	1	5670.595291396	5671.124951336	111.7	217.7
87	Spectrogram 1	1	5670.595291396	5671.124951336	111.7	217.7
88	Waveform 1	1	5738.832550566	5739.849497650	93.3	173.9
88	Spectrogram 1	1	5738.832550566	5739.849497650	93.3	173.9
89	Waveform 1	1	5768.362261368	5768.913107705	107.1	190.0
89	Spectrogram 1	1	5768.362261368	5768.913107705	107.1	190.0
92	Waveform 1	1	6209.836830570	6210.324117714	137.0	208.5
92	Spectrogram 1	1	6209.836830570	6210.324117714	137.0	208.5
93	Waveform 1	1	6281.930014098	6282.819842797	67.9	171.6
93	Spectrogram 1	1	6281.930014098	6282.819842797	67.9	171.6
94	Waveform 1	1	6630.993583464	6631.798666571	74.8	176.2
94	Spectrogram 1	1	6630.993583464	6631.798666571	74.8	176.2
95	Waveform 1	1	6827.841080057	6828.624976767	74.8	167.0
95	Spectrogram 1	1	6827.841080057	6828.624976767	74.8	167.0
96	Waveform 1	1	6872.552908429	6873.315618741	70.2	169.3
96	Spectrogram 1	1	6872.552908429	6873.315618741	70.2	169.3
97	Waveform 1	1	7009.226633837	7009.946971355	134.7	210.8
97	Spectrogram 1	1	7009.226633837	7009.946971355	134.7	210.8
98	Waveform 1	1	7090.531742376	7091.358011882	123.2	178.5
98	Spectrogram 1	1	7090.531742376	7091.358011882	123.2	178.5
99	Waveform 1	1	7131.345273594	7132.256288690	95.6	164.7
99	Spectrogram 1	1	7131.345273594	7132.256288690	95.6	164.7
100	Waveform 1	1	7145.739367038	7146.438518158	58.7	144.0
100	Spectrogram 1	1	7145.739367038	7146.438518158	58.7	144.0
101	Waveform 1	1	7158.620696763	7159.044424714	118.6	178.5
101	Spectrogram 1	1	7158.620696763	7159.044424714	118.6	178.5
102	Waveform 1	1	7185.790187943	7186.574084654	81.7	173.9
102	Spectrogram 1	1	7185.790187943	7186.574084654	81.7	173.9
103	Waveform 1	1	7263.400364332	7263.972397066	107.1	197.0
103	Spectrogram 1	1	7263.400364332	7263.972397066	107.1	197.0
104	Waveform 1	1	7290.527482717	7291.480870608	81.7	141.7
104	Spectrogram 1	1	7290.527482717	7291.480870608	81.7	141.7
105	Waveform 1	1	7314.095286310	7314.857996623	79.4	187.7
105	Spectrogram 1	1	7314.095286310	7314.857996623	79.4	187.7
106	Waveform 1	1	7334.273266291	7334.908858218	84.1	194.7
106	Spectrogram 1	1	7334.273266291	7334.908858218	84.1	194.7
107	Waveform 1	1	7421.141898419	7422.031727117	70.2	137.0
107	Spectrogram 1	1	7421.141898419	7422.031727117	70.2	137.0
108	Waveform 1	1	7434.413112791	7435.366500682	118.6	178.5
108	Spectrogram 1	1	7434.413112791	7435.366500682	118.6	178.5
109	Waveform 1	1	7448.226644010	7449.052913515	81.7	134.7
109	Spectrogram 1	1	7448.226644010	7449.052913515	81.7	134.7
110	Waveform 1	1	7516.663110248	7517.658870934	91.0	208.5
110	Spectrogram 1	1	7516.663110248	7517.658870934	91.0	208.5
111	Waveform 1	1	7521.430049702	7522.319878400	81.7	167.0
111	Spectrogram 1	1	7521.430049702	7522.319878400	81.7	167.0
112	Waveform 1	1	7540.688485097	7541.493568205	88.7	144.0
112	Spectrogram 1	1	7540.688485097	7541.493568205	88.7	144.0
113	Waveform 1	1	7785.222435213	7786.281755092	61.0	148.6
113	Spectrogram 1	1	7785.222435213	7786.281755092	61.0	148.6
114	Waveform 1	1	7852.917316501	7854.061381970	70.2	139.4
114	Spectrogram 1	1	7852.917316501	7854.061381970	70.2	139.4
115	Waveform 1	1	7966.595271051	7967.696963725	86.4	153.2
115	Spectrogram 1	1	7966.595271051	7967.696963725	86.4	153.2
116	Waveform 1	1	7983.552918601	7984.696984070	72.5	141.7
116	Spectrogram 1	1	7983.552918601	7984.696984070	72.5	141.7
117	Waveform 1	1	8003.222425041	8004.260558522	61.0	146.3
117	Spectrogram 1	1	8003.222425041	8004.260558522	61.0	146.3
118	Waveform 1	1	8031.557168088	8032.383437593	81.7	148.6
118	Spectrogram 1	1	8031.557168088	8032.383437593	81.7	148.6
119	Waveform 1	1	8209.235102293	8209.997812605	58.7	155.5
119	Spectrogram 1	1	8209.235102293	8209.997812605	58.7	155.5
120	Waveform 1	1	8224.052923687	8224.985125181	84.1	153.2
120	Spectrogram 1	1	8224.052923687	8224.985125181	84.1	153.2
122	Waveform 1	1	8402.290221737	8403.328355218	67.9	141.7
122	Spectrogram 1	1	8402.290221737	8403.328355218	67.9	141.7
123	Waveform 1	1	8416.930022461	8417.925783147	70.2	134.7
123	Spectrogram 1	1	8416.930022461	8417.925783147	70.2	134.7
124	Waveform 1	1	8676.252078083	8677.332584360	84.1	146.3
124	Spectrogram 1	1	8676.252078083	8677.332584360	84.1	146.3
125	Waveform 1	1	8822.997841312	8824.184279577	79.4	137.0
125	Spectrogram 1	1	8822.997841312	8824.184279577	79.4	137.0
126	Waveform 1	1	8910.692742946	8911.730876427	79.4	150.9
126	Spectrogram 1	1	8910.692742946	8911.730876427	79.4	150.9
127	Waveform 1	1	9057.260546539	9058.129188839	97.9	137.0
127	Spectrogram 1	1	9057.260546539	9058.129188839	97.9	137.0
128	Waveform 1	1	9286.141876264	9286.946959372	74.8	125.5
128	Spectrogram 1	1	9286.141876264	9286.946959372	74.8	125.5
129	Waveform 1	1	9316.150344719	9316.870682237	109.4	164.7
129	Spectrogram 1	1	9316.150344719	9316.870682237	109.4	164.7
130	Waveform 1	1	9323.277503795	9324.146146095	77.1	148.6
130	Spectrogram 1	1	9323.277503795	9324.146146095	77.1	148.6
131	Waveform 1	1	9348.455473604	9349.324115904	86.4	130.1
131	Spectrogram 1	1	9348.455473604	9349.324115904	86.4	130.1
132	Waveform 1	1	9449.917314691	9450.489347426	77.1	134.7
132	Spectrogram 1	1	9449.917314691	9450.489347426	77.1	134.7
133	Waveform 1	1	9578.264785853	9578.985123370	81.7	155.5
133	Spectrogram 1	1	9578.264785853	9578.985123370	81.7	155.5
134	Waveform 1	1	9666.701211401	9667.548667304	86.4	148.6
134	Spectrogram 1	1	9666.701211401	9667.548667304	86.4	148.6
135	Waveform 1	1	9803.544427990	9804.497815881	97.9	148.6
135	Spectrogram 1	1	9803.544427990	9804.497815881	97.9	148.6
136	Waveform 1	1	9837.557125587	9838.319835900	67.9	146.3
136	Spectrogram 1	1	9837.557125587	9838.319835900	67.9	146.3
137	Waveform 1	1	9933.904606922	9934.773249222	84.1	144.0
137	Spectrogram 1	1	9933.904606922	9934.773249222	84.1	144.0
138	Waveform 1	1	10009.099533986	10010.222413058	58.7	139.4
138	Spectrogram 1	1	10009.099533986	10010.222413058	58.7	139.4
139	Waveform 1	1	10017.362229040	10018.124939353	88.7	139.4
139	Spectrogram 1	1	10017.362229040	10018.124939353	88.7	139.4
140	Waveform 1	1	10044.828329787	10046.141886436	72.5	157.8
140	Spectrogram 1	1	10044.828329787	10046.141886436	72.5	157.8
141	Waveform 1	1	10098.934261775	10099.993581653	51.8	141.7
141	Spectrogram 1	1	10098.934261775	10099.993581653	51.8	141.7
142	Waveform 1	1	10133.836818587	10134.832579273	47.2	150.9
142	Spectrogram 1	1	10133.836818587	10134.832579273	47.2	150.9
143	Waveform 1	1	10282.756281793	10283.857974467	65.6	132.4
143	Spectrogram 1	1	10282.756281793	10283.857974467	65.6	132.4
144	Waveform 1	1	10320.336823674	10321.163093179	70.2	132.4
144	Spectrogram 1	1	10320.336823674	10321.163093179	70.2	132.4
145	Waveform 1	1	10398.794455965	10399.917335036	65.6	137.0
145	Spectrogram 1	1	10398.794455965	10399.917335036	65.6	137.0
146	Waveform 1	1	10439.014768051	10440.137647122	84.1	144.0
146	Spectrogram 1	1	10439.014768051	10440.137647122	84.1	144.0
147	Waveform 1	1	10508.743604541	10509.591060444	67.9	134.7
147	Spectrogram 1	1	10508.743604541	10509.591060444	67.9	134.7
148	Waveform 1	1	10556.252037393	10557.141866091	70.2	146.3
148	Spectrogram 1	1	10556.252037393	10557.141866091	70.2	146.3
149	Waveform 1	1	10583.485087766	10584.883390006	79.4	146.3
149	Spectrogram 1	1	10583.485087766	10584.883390006	79.4	146.3
150	Waveform 1	1	10642.663098265	10643.658858951	84.1	132.4
150	Spectrogram 1	1	10642.663098265	10643.658858951	84.1	132.4
151	Waveform 1	1	10665.637682726	10666.421579436	81.7	141.7
151	Spectrogram 1	1	10665.637682726	10666.421579436	81.7	141.7
152	Waveform 1	1	10715.857974467	10716.896107948	77.1	134.7
152	Spectrogram 1	1	10715.857974467	10716.896107948	77.1	134.7
153	Waveform 1	1	10754.137667467	10755.260546539	84.1	144.0
153	Spectrogram 1	1	10754.137667467	10755.260546539	84.1	144.0
154	Waveform 1	1	10780.417329950	10781.476649829	86.4	137.0
154	Spectrogram 1	1	10780.417329950	10781.476649829	86.4	137.0
155	Waveform 1	1	10812.862234126	10814.027485993	81.7	132.4
155	Spectrogram 1	1	10812.862234126	10814.027485993	81.7	132.4
156	Waveform 1	1	10859.277503795	10860.082586903	84.1	144.0
156	Spectrogram 1	1	10859.277503795	10860.082586903	84.1	144.0
157	Waveform 1	1	10891.425798405	10892.273254308	84.1	139.4
157	Spectrogram 1	1	10891.425798405	10892.273254308	84.1	139.4
158	Waveform 1	1	10918.680035176	10920.417319777	67.9	144.0
158	Spectrogram 1	1	10918.680035176	10920.417319777	67.9	144.0
159	Waveform 1	1	10973.252067911	10974.247828597	79.4	157.8
159	Spectrogram 1	1	10973.252067911	10974.247828597	79.4	157.8
160	Waveform 1	1	10997.201226660	10997.985123370	84.1	157.8
160	Spectrogram 1	1	10997.201226660	10997.985123370	84.1	157.8
161	Waveform 1	1	11016.298700365	11017.040224280	88.7	150.9
161	Spectrogram 1	1	11016.298700365	11017.040224280	88.7	150.9
162	Waveform 1	1	11151.247798079	11152.222372368	88.7	199.3
162	Spectrogram 1	1	11151.247798079	11152.222372368	88.7	199.3
163	Waveform 1	1	11184.930042806	11185.756312311	100.2	190.0
163	Spectrogram 1	1	11184.930042806	11185.756312311	100.2	190.0
164	Waveform 1	1	11221.294430533	11222.311377617	65.6	183.1
164	Spectrogram 1	1	11221.294430533	11222.311377617	65.6	183.1
165	Waveform 1	1	11311.942770920	11312.769040426	95.6	178.5
165	Spectrogram 1	1	11311.942770920	11312.769040426	95.6	178.5
166	Waveform 1	1	11328.722397799	11329.760531280	74.8	190.0
166	Spectrogram 1	1	11328.722397799	11329.760531280	74.8	190.0
167	Waveform 1	1	11348.180040263	11348.963936973	74.8	176.2
167	Spectrogram 1	1	11348.180040263	11348.963936973	74.8	176.2
168	Waveform 1	1	11696.997810795	11697.527470734	81.7	144.0
168	Spectrogram 1	1	11696.997810795	11697.527470734	81.7	144.0
169	Waveform 1	1	11748.985103025	11749.705440543	70.2	176.2
169	Spectrogram 1	1	11748.985103025	11749.705440543	70.2	176.2
170	Waveform 1	1	11774.523241593	11775.158833520	67.9	183.1
170	Spectrogram 1	1	11774.523241593	11775.158833520	67.9	183.1
171	Waveform 1	1	11788.557166277	11789.192758205	65.6	180.8
171	Spectrogram 1	1	11788.557166277	11789.192758205	65.6	180.8
172	Waveform 1	1	11869.218183916	11869.896148639	139.4	197.0
172	Spectrogram 1	1	11869.218183916	11869.896148639	139.4	197.0
173	Waveform 1	1	11885.955438000	11886.463911541	120.9	190.0
173	Spectrogram 1	1	11885.955438000	11886.463911541	120.9	190.0
174	Waveform 1	1	11898.739365227	11899.502075540	54.1	178.5
174	Spectrogram 1	1	11898.739365227	11899.502075540	54.1	178.5
175	Waveform 1	1	11914.544417818	11915.349500926	58.7	183.1
175	Spectrogram 1	1	11914.544417818	11915.349500926	58.7	183.1
176	Waveform 1	1	11944.595259068	11945.167291803	100.2	192.3
176	Spectrogram 1	1	11944.595259068	11945.167291803	100.2	192.3
177	Waveform 1	1	11985.904606922	11986.497826054	74.8	187.7
177	Spectrogram 1	1	11985.904606922	11986.497826054	74.8	187.7
178	Waveform 1	1	11995.480858625	11996.328314528	127.8	210.8
178	Spectrogram 1	1	11995.480858625	11996.328314528	127.8	210.8
179	Waveform 1	1	12007.099533986	12007.925803492	95.6	187.7
179	Spectrogram 1	1	12007.099533986	12007.925803492	95.6	187.7
180	Waveform 1	1	12027.468191546	12028.379206641	70.2	187.7
180	Spectrogram 1	1	12027.468191546	12028.379206641	70.2	187.7
181	Waveform 1	1	12037.171561634	12038.124949525	74.8	169.3
181	Spectrogram 1	1	12037.171561634	12038.124949525	74.8	169.3
182	Waveform 1	1	12121.476639656	12122.281722764	72.5	180.8
182	Spectrogram 1	1	12121.476639656	12122.281722764	72.5	180.8
183	Waveform 1	1	12198.112241756	12199.065629647	123.2	222.3
183	Spectrogram 1	1	12198.112241756	12199.065629647	123.2	222.3
184	Waveform 1	1	12208.641912263	12209.547082835	149.2	232.2
184	Spectrogram 1	1	12208.641912263	12209.547082835	149.2	232.2
