Selection	View	Channel	Begin Time (s)	End Time (s)	Low Freq (Hz)	High Freq (Hz)
219	Waveform 1	1	2556.496338	2556.891846	95	600
219	Spectrogram 1	1	2556.496338	2556.891846	95	600
1	Waveform 1	1	3.691162109	3.954833984	250	850
1	Spectrogram 1	1	3.691162109	3.954833984	250	850
2	Waveform 1	1	6.459716797	7.382568359	95	800
2	Spectrogram 1	1	6.459716797	7.382568359	95	800
3	Waveform 1	1	24.19165039	24.45532227	450	850
3	Spectrogram 1	1	24.19165039	24.45532227	450	850
4	Waveform 1	1	107.182373	107.9733887	65	750
4	Spectrogram 1	1	107.182373	107.9733887	65	750
5	Waveform 1	1	114.3674316	114.4333496	400	700
5	Spectrogram 1	1	114.3674316	114.4333496	400	700
6	Waveform 1	1	114.4333496	115.0925293	65	850
6	Spectrogram 1	1	114.4333496	115.0925293	65	850
7	Waveform 1	1	116.7404785	117.4655762	65	850
7	Spectrogram 1	1	116.7404785	117.4655762	65	850
8	Waveform 1	1	121.7502441	122.3435059	75	850
8	Spectrogram 1	1	121.7502441	122.3435059	75	850
9	Waveform 1	1	124.189209	124.4528809	85	850
9	Spectrogram 1	1	124.189209	124.4528809	85	850
12	Waveform 1	1	193.0075684	193.6008301	75	550
12	Spectrogram 1	1	193.0075684	193.6008301	75	550
13	Waveform 1	1	199.2038574	199.9289551	75	450
13	Spectrogram 1	1	199.2038574	199.9289551	75	450
14	Waveform 1	1	202.3679199	202.9611816	85	850
14	Spectrogram 1	1	202.3679199	202.9611816	85	850
15	Waveform 1	1	205.5979004	205.8286133	105	600
15	Spectrogram 1	1	205.5979004	205.8286133	105	600
17	Waveform 1	1	208.6960449	209.4211426	115	600
17	Spectrogram 1	1	208.6960449	209.4211426	115	600
18	Waveform 1	1	211.9260254	212.5852051	135	600
18	Spectrogram 1	1	211.9260254	212.5852051	135	600
19	Waveform 1	1	217.1335449	217.3312988	200	850
19	Spectrogram 1	1	217.1335449	217.3312988	200	850
20	Waveform 1	1	220.8908691	222.7365723	85	400
20	Spectrogram 1	1	220.8908691	222.7365723	85	400
22	Waveform 1	1	224.5822754	225.373291	65	800
22	Spectrogram 1	1	224.5822754	225.373291	65	800
23	Waveform 1	1	234.6018066	234.7995605	200	450
23	Spectrogram 1	1	234.6018066	234.7995605	200	450
24	Waveform 1	1	237.6999512	238.2272949	125	850
24	Spectrogram 1	1	237.6999512	238.2272949	125	850
26	Waveform 1	1	270.8566895	271.1203613	200	600
26	Spectrogram 1	1	270.8566895	271.1203613	200	600
27	Waveform 1	1	321.9431152	322.6682129	65	850
27	Spectrogram 1	1	321.9431152	322.6682129	65	850
28	Waveform 1	1	329.5236816	330.3146973	65	800
28	Spectrogram 1	1	329.5236816	330.3146973	65	800
29	Waveform 1	1	336.9724121	337.6315918	65	750
29	Spectrogram 1	1	336.9724121	337.6315918	65	750
30	Waveform 1	1	339.213623	339.8728027	65	850
30	Spectrogram 1	1	339.213623	339.8728027	65	850
31	Waveform 1	1	345.1462402	345.2121582	350	800
31	Spectrogram 1	1	345.1462402	345.2121582	350	800
32	Waveform 1	1	345.2121582	346.2668457	75	850
32	Spectrogram 1	1	345.2121582	346.2668457	75	850
33	Waveform 1	1	347.9147949	347.9807129	400	700
33	Spectrogram 1	1	347.9147949	347.9807129	400	700
34	Waveform 1	1	347.9807129	348.5080566	105	850
34	Spectrogram 1	1	347.9807129	348.5080566	105	850
40	Waveform 1	1	420.5563965	421.611084	65	500
40	Spectrogram 1	1	420.5563965	421.611084	65	500
41	Waveform 1	1	426.6867676	427.6755371	75	450
41	Spectrogram 1	1	426.6867676	427.6755371	75	450
42	Waveform 1	1	429.7849121	430.3781738	85	600
42	Spectrogram 1	1	429.7849121	430.3781738	85	600
43	Waveform 1	1	432.8830566	433.5422363	85	500
43	Spectrogram 1	1	432.8830566	433.5422363	85	500
44	Waveform 1	1	436.0471191	436.8381348	75	500
44	Spectrogram 1	1	436.0471191	436.8381348	75	500
45	Waveform 1	1	439.1452637	439.8044434	85	650
45	Spectrogram 1	1	439.1452637	439.8044434	85	650
46	Waveform 1	1	447.9782715	449.6921387	85	350
46	Spectrogram 1	1	447.9782715	449.6921387	85	350
49	Waveform 1	1	461.8210449	462.1506348	150	500
49	Spectrogram 1	1	461.8210449	462.1506348	150	500
50	Waveform 1	1	464.9851074	466.6989746	65	700
50	Spectrogram 1	1	464.9851074	466.6989746	65	700
52	Waveform 1	1	482.782959	482.9147949	300	850
52	Spectrogram 1	1	482.782959	482.9147949	300	850
53	Waveform 1	1	482.9147949	483.1784668	105	350
53	Spectrogram 1	1	482.9147949	483.1784668	105	350
55	Waveform 1	1	500.6467285	500.7785645	200	850
55	Spectrogram 1	1	500.6467285	500.7785645	200	850
56	Waveform 1	1	500.8444824	501.635498	85	165
56	Spectrogram 1	1	500.8444824	501.635498	85	165
60	Waveform 1	1	651.8625488	652.6535645	65	650
60	Spectrogram 1	1	651.8625488	652.6535645	65	650
62	Waveform 1	1	696.8845215	697.2141113	65	850
62	Spectrogram 1	1	696.8845215	697.2141113	65	850
63	Waveform 1	1	697.2141113	697.4777832	250	850
63	Spectrogram 1	1	697.2141113	697.4777832	250	850
64	Waveform 1	1	703.5422363	704.0695801	65	750
64	Spectrogram 1	1	703.5422363	704.0695801	65	750
65	Waveform 1	1	705.8493652	706.5744629	75	700
65	Spectrogram 1	1	705.8493652	706.5744629	75	700
66	Waveform 1	1	710.9250488	711.0568848	250	750
66	Spectrogram 1	1	710.9250488	711.0568848	250	750
68	Waveform 1	1	714.2868652	714.814209	115	850
68	Spectrogram 1	1	714.2868652	714.814209	115	850
69	Waveform 1	1	716.5939941	716.7258301	250	850
69	Spectrogram 1	1	716.5939941	716.7258301	250	850
70	Waveform 1	1	718.967041	719.2307129	125	650
70	Spectrogram 1	1	718.967041	719.2307129	125	650
71	Waveform 1	1	725.7565918	726.5476074	85	450
71	Spectrogram 1	1	725.7565918	726.5476074	85	450
72	Waveform 1	1	727.9318848	728.2614746	105	650
72	Spectrogram 1	1	727.9318848	728.2614746	105	650
73	Waveform 1	1	731.557373	732.1506348	65	400
73	Spectrogram 1	1	731.557373	732.1506348	65	400
74	Waveform 1	1	761.8796387	762.0114746	250	600
74	Spectrogram 1	1	761.8796387	762.0114746	250	600
75	Waveform 1	1	766.8894043	767.614502	65	400
75	Spectrogram 1	1	766.8894043	767.614502	65	400
76	Waveform 1	1	770.4160156	770.6467285	125	300
76	Spectrogram 1	1	770.4160156	770.6467285	125	300
78	Waveform 1	1	792.5974121	792.927002	85	600
78	Spectrogram 1	1	792.5974121	792.927002	85	600
79	Waveform 1	1	794.838623	795.1022949	200	750
79	Spectrogram 1	1	794.838623	795.1022949	200	750
82	Waveform 1	1	869.2600098	869.5236816	95	300
82	Spectrogram 1	1	869.2600098	869.5236816	95	300
85	Waveform 1	1	931.4865723	931.5524902	350	550
85	Spectrogram 1	1	931.4865723	931.5524902	350	550
86	Waveform 1	1	931.5524902	931.8161621	105	800
86	Spectrogram 1	1	931.5524902	931.8161621	105	800
89	Waveform 1	1	937.8146973	938.6057129	65	700
89	Spectrogram 1	1	937.8146973	938.6057129	65	700
90	Waveform 1	1	942.494873	942.8903809	85	850
90	Spectrogram 1	1	942.494873	942.8903809	85	850
91	Waveform 1	1	944.8679199	944.9338379	350	800
91	Spectrogram 1	1	944.8679199	944.9338379	350	800
92	Waveform 1	1	944.9338379	945.6589355	85	850
92	Spectrogram 1	1	944.9338379	945.6589355	85	850
93	Waveform 1	1	950.6027832	951.064209	75	550
93	Spectrogram 1	1	950.6027832	951.064209	75	550
94	Waveform 1	1	955.5466309	955.6784668	250	650
94	Spectrogram 1	1	955.5466309	955.6784668	250	650
98	Waveform 1	1	1005.380615	1006.633057	85	550
98	Spectrogram 1	1	1005.380615	1006.633057	85	550
100	Waveform 1	1	1116.913818	1117.309326	85	800
100	Spectrogram 1	1	1116.913818	1117.309326	85	800
101	Waveform 1	1	1117.309326	1117.572998	65	850
101	Spectrogram 1	1	1117.309326	1117.572998	65	850
102	Waveform 1	1	1123.439697	1124.626221	65	850
102	Spectrogram 1	1	1123.439697	1124.626221	65	850
103	Waveform 1	1	1129.570068	1130.295166	65	400
103	Spectrogram 1	1	1129.570068	1130.295166	65	400
104	Waveform 1	1	1131.943115	1132.470459	65	350
104	Spectrogram 1	1	1131.943115	1132.470459	65	350
105	Waveform 1	1	1134.447998	1134.843506	85	500
105	Spectrogram 1	1	1134.447998	1134.843506	85	500
106	Waveform 1	1	1142.358154	1142.687744	125	850
106	Spectrogram 1	1	1142.358154	1142.687744	125	850
110	Waveform 1	1	1156.13501	1156.266846	200	850
110	Spectrogram 1	1	1156.13501	1156.266846	200	850
111	Waveform 1	1	1158.639893	1158.771729	350	800
111	Spectrogram 1	1	1158.639893	1158.771729	350	800
112	Waveform 1	1	1210.187744	1210.451416	95	450
112	Spectrogram 1	1	1210.187744	1210.451416	95	450
113	Waveform 1	1	1210.451416	1211.044678	65	650
113	Spectrogram 1	1	1210.451416	1211.044678	65	650
114	Waveform 1	1	1212.165283	1212.363037	200	850
114	Spectrogram 1	1	1212.165283	1212.363037	200	850
115	Waveform 1	1	1220.009521	1220.470947	105	550
115	Spectrogram 1	1	1220.009521	1220.470947	105	550
121	Waveform 1	1	1360.810303	1361.139893	65	850
121	Spectrogram 1	1	1360.810303	1361.139893	65	850
125	Waveform 1	1	1367.731689	1368.522705	65	850
125	Spectrogram 1	1	1367.731689	1368.522705	65	850
126	Waveform 1	1	1369.906982	1369.9729	500	800
126	Spectrogram 1	1	1369.906982	1369.9729	500	800
127	Waveform 1	1	1369.9729	1370.434326	65	850
127	Spectrogram 1	1	1369.9729	1370.434326	65	850
128	Waveform 1	1	1372.148193	1372.543701	105	400
128	Spectrogram 1	1	1372.148193	1372.543701	105	400
129	Waveform 1	1	1372.543701	1372.807373	65	850
129	Spectrogram 1	1	1372.543701	1372.807373	65	850
130	Waveform 1	1	1377.355713	1377.487549	200	850
130	Spectrogram 1	1	1377.355713	1377.487549	200	850
134	Waveform 1	1	1417.104248	1417.565674	75	450
134	Spectrogram 1	1	1417.104248	1417.565674	75	450
135	Waveform 1	1	1429.496826	1430.221924	95	600
135	Spectrogram 1	1	1429.496826	1430.221924	95	600
137	Waveform 1	1	1453.886475	1454.018311	250	850
137	Spectrogram 1	1	1453.886475	1454.018311	250	850
138	Waveform 1	1	1464.565186	1465.026611	105	850
138	Spectrogram 1	1	1464.565186	1465.026611	105	850
139	Waveform 1	1	1472.475342	1473.332275	115	250
139	Spectrogram 1	1	1472.475342	1473.332275	115	250
140	Waveform 1	1	1478.737549	1478.935303	65	450
140	Spectrogram 1	1	1478.737549	1478.935303	65	450
143	Waveform 1	1	1528.044189	1528.373779	95	550
143	Spectrogram 1	1	1528.044189	1528.373779	95	550
144	Waveform 1	1	1528.373779	1528.769287	65	850
144	Spectrogram 1	1	1528.373779	1528.769287	65	850
145	Waveform 1	1	1535.888428	1536.613525	65	600
145	Spectrogram 1	1	1535.888428	1536.613525	65	600
146	Waveform 1	1	1538.129639	1538.525146	95	400
146	Spectrogram 1	1	1538.129639	1538.525146	95	400
147	Waveform 1	1	1543.27124	1543.534912	115	500
147	Spectrogram 1	1	1543.27124	1543.534912	115	500
148	Waveform 1	1	1550.719971	1550.851807	200	650
148	Spectrogram 1	1	1550.719971	1550.851807	200	650
149	Waveform 1	1	1597.126221	1597.323975	200	800
149	Spectrogram 1	1	1597.126221	1597.323975	200	800
150	Waveform 1	1	1605.959229	1606.420654	95	850
150	Spectrogram 1	1	1605.959229	1606.420654	95	850
156	Waveform 1	1	1760.075439	1761.130127	65	450
156	Spectrogram 1	1	1760.075439	1761.130127	65	450
158	Waveform 1	1	1767.392334	1768.249268	65	450
158	Spectrogram 1	1	1767.392334	1768.249268	65	450
159	Waveform 1	1	1769.633545	1770.094971	65	450
159	Spectrogram 1	1	1769.633545	1770.094971	65	450
160	Waveform 1	1	1772.204346	1772.863525	65	550
160	Spectrogram 1	1	1772.204346	1772.863525	65	550
161	Waveform 1	1	1774.709229	1775.038818	125	500
161	Spectrogram 1	1	1774.709229	1775.038818	125	500
163	Waveform 1	1	1790.331787	1791.320557	75	850
163	Spectrogram 1	1	1790.331787	1791.320557	75	850
164	Waveform 1	1	1800.483154	1801.471924	65	850
164	Spectrogram 1	1	1800.483154	1801.471924	65	850
168	Waveform 1	1	1861.127686	1861.852783	65	850
168	Spectrogram 1	1	1861.127686	1861.852783	65	850
175	Waveform 1	1	2045.895752	2046.225342	65	850
175	Spectrogram 1	1	2045.895752	2046.225342	65	850
177	Waveform 1	1	2052.553467	2052.619385	350	800
177	Spectrogram 1	1	2052.553467	2052.619385	350	800
178	Waveform 1	1	2052.619385	2053.344482	65	850
178	Spectrogram 1	1	2052.619385	2053.344482	65	850
180	Waveform 1	1	2059.870361	2060.068115	135	850
180	Spectrogram 1	1	2059.870361	2060.068115	135	850
183	Waveform 1	1	2073.647217	2073.779053	250	850
183	Spectrogram 1	1	2073.647217	2073.779053	250	850
185	Waveform 1	1	2078.986572	2079.909424	85	850
185	Spectrogram 1	1	2078.986572	2079.909424	85	850
186	Waveform 1	1	2081.623291	2082.150635	65	850
186	Spectrogram 1	1	2081.623291	2082.150635	65	850
187	Waveform 1	1	2084.128174	2085.116943	65	800
187	Spectrogram 1	1	2084.128174	2085.116943	65	800
189	Waveform 1	1	2098.432373	2098.564209	200	850
189	Spectrogram 1	1	2098.432373	2098.564209	200	850
191	Waveform 1	1	2245.824951	2247.011475	65	850
191	Spectrogram 1	1	2245.824951	2247.011475	65	850
193	Waveform 1	1	2252.218994	2253.01001	75	850
193	Spectrogram 1	1	2252.218994	2253.01001	75	850
194	Waveform 1	1	2254.460205	2254.657959	95	800
194	Spectrogram 1	1	2254.460205	2254.657959	95	800
195	Waveform 1	1	2256.965088	2257.426514	95	850
195	Spectrogram 1	1	2256.965088	2257.426514	95	850
196	Waveform 1	1	2259.404053	2259.667725	135	850
196	Spectrogram 1	1	2259.404053	2259.667725	135	850
197	Waveform 1	1	2261.843018	2262.502197	115	850
197	Spectrogram 1	1	2261.843018	2262.502197	115	850
198	Waveform 1	1	2266.918701	2267.050537	300	650
198	Spectrogram 1	1	2266.918701	2267.050537	300	650
199	Waveform 1	1	2283.332275	2283.530029	125	850
199	Spectrogram 1	1	2283.332275	2283.530029	125	850
200	Waveform 1	1	2285.639404	2285.705322	250	850
200	Spectrogram 1	1	2285.639404	2285.705322	250	850
202	Waveform 1	1	2318.993896	2319.982666	65	600
202	Spectrogram 1	1	2318.993896	2319.982666	65	600
203	Waveform 1	1	2330.859131	2331.452393	65	850
203	Spectrogram 1	1	2330.859131	2331.452393	65	850
204	Waveform 1	1	2333.364014	2334.089111	65	850
204	Spectrogram 1	1	2333.364014	2334.089111	65	850
205	Waveform 1	1	2371.332764	2371.991943	65	850
205	Spectrogram 1	1	2371.332764	2371.991943	65	850
206	Waveform 1	1	2373.573975	2373.837646	125	850
206	Spectrogram 1	1	2373.573975	2373.837646	125	850
207	Waveform 1	1	2391.23999	2391.371826	250	700
207	Spectrogram 1	1	2391.23999	2391.371826	250	700
210	Waveform 1	1	2485.107178	2485.700439	65	850
210	Spectrogram 1	1	2485.107178	2485.700439	65	850
211	Waveform 1	1	2531.711182	2532.040771	65	700
211	Spectrogram 1	1	2531.711182	2532.040771	65	700
212	Waveform 1	1	2532.040771	2532.172607	250	850
212	Spectrogram 1	1	2532.040771	2532.172607	250	850
213	Waveform 1	1	2538.105225	2539.028076	65	850
213	Spectrogram 1	1	2538.105225	2539.028076	65	850
214	Waveform 1	1	2540.346436	2540.478271	250	750
214	Spectrogram 1	1	2540.346436	2540.478271	250	750
215	Waveform 1	1	2542.7854	2542.983154	200	850
215	Spectrogram 1	1	2542.7854	2542.983154	200	850
216	Waveform 1	1	2545.092529	2545.224365	300	750
216	Spectrogram 1	1	2545.092529	2545.224365	300	750
217	Waveform 1	1	2547.399658	2547.597412	75	750
217	Spectrogram 1	1	2547.399658	2547.597412	75	750
220	Waveform 1	1	2566.252197	2566.449951	75	650
220	Spectrogram 1	1	2566.252197	2566.449951	75	650
221	Waveform 1	1	2568.75708	2569.284424	135	700
221	Spectrogram 1	1	2568.75708	2569.284424	135	700
222	Waveform 1	1	2587.082275	2587.148193	350	650
222	Spectrogram 1	1	2587.082275	2587.148193	350	650
223	Waveform 1	1	2587.148193	2587.477783	95	700
223	Spectrogram 1	1	2587.148193	2587.477783	95	700
224	Waveform 1	1	2589.455322	2590.048584	65	750
224	Spectrogram 1	1	2589.455322	2590.048584	65	750
226	Waveform 1	1	2603.232178	2603.429932	200	650
226	Spectrogram 1	1	2603.232178	2603.429932	200	650
227	Waveform 1	1	2612.065186	2612.526611	65	700
227	Spectrogram 1	1	2612.065186	2612.526611	65	700
228	Waveform 1	1	2614.899658	2615.427002	65	850
228	Spectrogram 1	1	2614.899658	2615.427002	65	850
231	Waveform 1	1	2645.485596	2646.606201	75	850
231	Spectrogram 1	1	2645.485596	2646.606201	75	850
233	Waveform 1	1	2769.543213	2769.872803	65	500
233	Spectrogram 1	1	2769.543213	2769.872803	65	500
234	Waveform 1	1	2769.872803	2770.004639	300	850
234	Spectrogram 1	1	2769.872803	2770.004639	300	850
235	Waveform 1	1	2776.4646	2776.991943	65	550
235	Spectrogram 1	1	2776.4646	2776.991943	65	550
236	Waveform 1	1	2784.57251	2785.165771	125	850
236	Spectrogram 1	1	2784.57251	2785.165771	125	850
237	Waveform 1	1	2787.341064	2788.13208	65	750
237	Spectrogram 1	1	2787.341064	2788.13208	65	750
238	Waveform 1	1	2789.845947	2790.439209	115	850
238	Spectrogram 1	1	2789.845947	2790.439209	115	850
239	Waveform 1	1	2792.284912	2792.35083	85	850
239	Spectrogram 1	1	2792.284912	2792.35083	85	850
243	Waveform 1	1	2836.318115	2837.109131	65	850
243	Spectrogram 1	1	2836.318115	2837.109131	65	850
246	Waveform 1	1	2944.819092	2945.148682	115	700
246	Spectrogram 1	1	2944.819092	2945.148682	115	700
247	Waveform 1	1	2945.148682	2945.939697	75	850
247	Spectrogram 1	1	2945.148682	2945.939697	75	850
248	Waveform 1	1	2951.476807	2952.070068	65	850
248	Spectrogram 1	1	2951.476807	2952.070068	65	850
249	Waveform 1	1	2953.718018	2954.509033	65	700
249	Spectrogram 1	1	2953.718018	2954.509033	65	700
250	Waveform 1	1	2956.156982	2956.55249	65	750
250	Spectrogram 1	1	2956.156982	2956.55249	65	750
251	Waveform 1	1	2958.727783	2958.793701	350	650
251	Spectrogram 1	1	2958.727783	2958.793701	350	650
252	Waveform 1	1	2958.793701	2959.452881	85	850
252	Spectrogram 1	1	2958.793701	2959.452881	85	850
254	Waveform 1	1	2974.877686	2974.943604	400	700
254	Spectrogram 1	1	2974.877686	2974.943604	400	700
255	Waveform 1	1	2974.943604	2975.075439	200	850
255	Spectrogram 1	1	2974.943604	2975.075439	200	850
256	Waveform 1	1	2977.448486	2977.97583	75	850
256	Spectrogram 1	1	2977.448486	2977.97583	75	850
257	Waveform 1	1	2979.821533	2980.678467	65	850
257	Spectrogram 1	1	2979.821533	2980.678467	65	850
258	Waveform 1	1	2982.260498	2982.326416	450	700
258	Spectrogram 1	1	2982.260498	2982.326416	450	700
259	Waveform 1	1	2982.326416	2982.919678	65	850
259	Spectrogram 1	1	2982.326416	2982.919678	65	850
264	Waveform 1	1	3073.293213	3073.886475	95	850
264	Spectrogram 1	1	3073.293213	3073.886475	95	850
267	Waveform 1	1	3107.438721	3107.768311	85	850
267	Spectrogram 1	1	3107.438721	3107.768311	85	850
269	Waveform 1	1	3172.829346	3173.158936	75	850
269	Spectrogram 1	1	3172.829346	3173.158936	75	850
270	Waveform 1	1	3180.871338	3181.200928	85	850
270	Spectrogram 1	1	3180.871338	3181.200928	85	850
271	Waveform 1	1	3183.310303	3183.639893	105	850
271	Spectrogram 1	1	3183.310303	3183.639893	105	850
272	Waveform 1	1	3186.012939	3186.738037	75	300
272	Spectrogram 1	1	3186.012939	3186.738037	75	300
276	Waveform 1	1	3275.265869	3275.793213	75	850
276	Spectrogram 1	1	3275.265869	3275.793213	75	850
277	Waveform 1	1	3305.851807	3306.181396	105	250
277	Spectrogram 1	1	3305.851807	3306.181396	105	250
286	Waveform 1	1	3415.671143	3416.132568	75	850
286	Spectrogram 1	1	3415.671143	3416.132568	75	850
287	Waveform 1	1	3417.978271	3418.835205	65	850
287	Spectrogram 1	1	3417.978271	3418.835205	65	850
294	Waveform 1	1	3549.484619	3549.616455	350	650
294	Spectrogram 1	1	3549.484619	3549.616455	350	650
299	Waveform 1	1	3615.66626	3616.589111	75	165
299	Spectrogram 1	1	3615.66626	3616.589111	75	165
303	Waveform 1	1	3752.577881	3753.368896	85	500
303	Spectrogram 1	1	3752.577881	3753.368896	85	500
304	Waveform 1	1	3758.510498	3759.367432	65	550
304	Spectrogram 1	1	3758.510498	3759.367432	65	550
305	Waveform 1	1	3759.367432	3759.697021	115	850
305	Spectrogram 1	1	3759.367432	3759.697021	115	850
306	Waveform 1	1	3761.608643	3762.070068	75	600
306	Spectrogram 1	1	3761.608643	3762.070068	75	600
308	Waveform 1	1	3764.179443	3764.311279	200	750
308	Spectrogram 1	1	3764.179443	3764.311279	200	750
309	Waveform 1	1	3764.311279	3765.431885	75	165
309	Spectrogram 1	1	3764.311279	3765.431885	75	165
310	Waveform 1	1	3767.87085	3768.859619	65	450
310	Spectrogram 1	1	3767.87085	3768.859619	65	450
311	Waveform 1	1	3770.968994	3771.628174	75	550
311	Spectrogram 1	1	3770.968994	3771.628174	75	550
312	Waveform 1	1	3774.297852	3774.792236	75	350
312	Spectrogram 1	1	3774.297852	3774.792236	75	350
314	Waveform 1	1	3784.08667	3784.152588	350	550
314	Spectrogram 1	1	3784.08667	3784.152588	350	550
315	Waveform 1	1	3784.152588	3785.075439	75	850
315	Spectrogram 1	1	3784.152588	3785.075439	75	850
317	Waveform 1	1	3787.118896	3787.448486	65	850
317	Spectrogram 1	1	3787.118896	3787.448486	65	850
318	Waveform 1	1	3787.448486	3788.041748	95	850
318	Spectrogram 1	1	3787.448486	3788.041748	95	850
319	Waveform 1	1	3789.755615	3790.744385	95	500
319	Spectrogram 1	1	3789.755615	3790.744385	95	500
321	Waveform 1	1	3794.238037	3794.765381	65	850
321	Spectrogram 1	1	3794.238037	3794.765381	65	850
322	Waveform 1	1	3796.281494	3796.41333	200	850
322	Spectrogram 1	1	3796.281494	3796.41333	200	850
323	Waveform 1	1	3796.41333	3796.874756	85	350
323	Spectrogram 1	1	3796.41333	3796.874756	85	350
324	Waveform 1	1	3800.434326	3800.500244	350	650
324	Spectrogram 1	1	3800.434326	3800.500244	350	650
325	Waveform 1	1	3800.500244	3801.62085	95	850
325	Spectrogram 1	1	3800.500244	3801.62085	95	850
326	Waveform 1	1	3801.62085	3801.884521	250	500
326	Spectrogram 1	1	3801.62085	3801.884521	250	500
327	Waveform 1	1	3802.741455	3802.873291	200	850
327	Spectrogram 1	1	3802.741455	3802.873291	200	850
328	Waveform 1	1	3805.378174	3805.51001	200	850
328	Spectrogram 1	1	3805.378174	3805.51001	200	850
329	Waveform 1	1	3807.685303	3807.817139	200	850
329	Spectrogram 1	1	3807.685303	3807.817139	200	850
330	Waveform 1	1	3810.05835	3810.190186	125	850
330	Spectrogram 1	1	3810.05835	3810.190186	125	850
331	Waveform 1	1	3812.035889	3813.222412	85	300
331	Spectrogram 1	1	3812.035889	3813.222412	85	300
332	Waveform 1	1	3813.222412	3813.486084	150	550
332	Spectrogram 1	1	3813.222412	3813.486084	150	550
337	Waveform 1	1	3829.042725	3829.108643	350	600
337	Spectrogram 1	1	3829.042725	3829.108643	350	600
338	Waveform 1	1	3829.108643	3829.635986	65	850
338	Spectrogram 1	1	3829.108643	3829.635986	65	850
357	Waveform 1	1	3927.19458	3928.117432	65	300
357	Spectrogram 1	1	3927.19458	3928.117432	65	300
360	Waveform 1	1	3933.654541	3934.841064	65	300
360	Spectrogram 1	1	3933.654541	3934.841064	65	300
361	Waveform 1	1	3939.455322	3940.048584	65	450
361	Spectrogram 1	1	3939.455322	3940.048584	65	450
365	Waveform 1	1	3977.951416	3978.676514	85	550
365	Spectrogram 1	1	3977.951416	3978.676514	85	550
368	Waveform 1	1	4034.047607	4034.311279	65	850
368	Spectrogram 1	1	4034.047607	4034.311279	65	850
370	Waveform 1	1	4040.837158	4041.496338	65	600
370	Spectrogram 1	1	4040.837158	4041.496338	65	600
375	Waveform 1	1	4058.503174	4058.898682	85	165
375	Spectrogram 1	1	4058.503174	4058.898682	85	165
381	Waveform 1	1	4071.159424	4071.818604	65	250
381	Spectrogram 1	1	4071.159424	4071.818604	65	250
383	Waveform 1	1	4083.222412	4083.28833	350	600
383	Spectrogram 1	1	4083.222412	4083.28833	350	600
384	Waveform 1	1	4083.28833	4084.738525	65	800
384	Spectrogram 1	1	4083.28833	4084.738525	65	800
388	Waveform 1	1	4100.624756	4101.218018	65	300
388	Spectrogram 1	1	4100.624756	4101.218018	65	300
390	Waveform 1	1	4106.227783	4106.952881	115	850
390	Spectrogram 1	1	4106.227783	4106.952881	115	850
391	Waveform 1	1	4108.468994	4108.666748	350	850
391	Spectrogram 1	1	4108.468994	4108.666748	350	850
392	Waveform 1	1	4111.105713	4111.303467	200	850
392	Spectrogram 1	1	4111.105713	4111.303467	200	850
393	Waveform 1	1	4113.676514	4113.80835	200	850
393	Spectrogram 1	1	4113.676514	4113.80835	200	850
394	Waveform 1	1	4116.313232	4116.510986	200	850
394	Spectrogram 1	1	4116.313232	4116.510986	200	850
397	Waveform 1	1	4194.096436	4195.085205	65	850
397	Spectrogram 1	1	4194.096436	4195.085205	65	850
398	Waveform 1	1	4204.841064	4205.236572	65	850
398	Spectrogram 1	1	4204.841064	4205.236572	65	850
399	Waveform 1	1	4300.553955	4300.619873	450	800
399	Spectrogram 1	1	4300.553955	4300.619873	450	800
400	Waveform 1	1	4300.619873	4301.015381	115	850
400	Spectrogram 1	1	4300.619873	4301.015381	115	850
401	Waveform 1	1	4302.861084	4303.058838	200	850
401	Spectrogram 1	1	4302.861084	4303.058838	200	850
402	Waveform 1	1	4309.123291	4309.321045	200	850
402	Spectrogram 1	1	4309.123291	4309.321045	200	850
403	Waveform 1	1	4316.703857	4317.099365	125	850
403	Spectrogram 1	1	4316.703857	4317.099365	125	850
404	Waveform 1	1	4319.010986	4320.724854	65	850
404	Spectrogram 1	1	4319.010986	4320.724854	65	850
406	Waveform 1	1	4350.849365	4351.178955	95	350
406	Spectrogram 1	1	4350.849365	4351.178955	95	350
408	Waveform 1	1	4353.61792	4353.815674	65	300
408	Spectrogram 1	1	4353.61792	4353.815674	65	300
411	Waveform 1	1	4363.835205	4364.032959	150	850
411	Spectrogram 1	1	4363.835205	4364.032959	150	850
414	Waveform 1	1	4404.177002	4404.57251	95	250
414	Spectrogram 1	1	4404.177002	4404.57251	95	250
427	Waveform 1	1	4519.203857	4519.665283	75	165
427	Spectrogram 1	1	4519.203857	4519.665283	75	165
430	Waveform 1	1	4557.502197	4557.568115	200	850
430	Spectrogram 1	1	4557.502197	4557.568115	200	850
431	Waveform 1	1	4557.765869	4557.831787	115	850
431	Spectrogram 1	1	4557.765869	4557.831787	115	850
432	Waveform 1	1	4565.676025	4565.807861	300	850
432	Spectrogram 1	1	4565.676025	4565.807861	300	850
433	Waveform 1	1	4568.11499	4568.510498	65	850
433	Spectrogram 1	1	4568.11499	4568.510498	65	850
434	Waveform 1	1	4576.156982	4576.486572	135	400
434	Spectrogram 1	1	4576.156982	4576.486572	135	400
444	Waveform 1	1	4691.711182	4692.304443	85	450
444	Spectrogram 1	1	4691.711182	4692.304443	85	450
445	Waveform 1	1	4697.577881	4698.039307	85	300
445	Spectrogram 1	1	4697.577881	4698.039307	85	300
446	Waveform 1	1	4700.2146	4700.676025	85	600
446	Spectrogram 1	1	4700.2146	4700.676025	85	600
447	Waveform 1	1	4703.11499	4703.77417	85	600
447	Spectrogram 1	1	4703.11499	4703.77417	85	600
448	Waveform 1	1	4705.949463	4706.015381	350	600
448	Spectrogram 1	1	4705.949463	4706.015381	350	600
449	Waveform 1	1	4706.081299	4706.410889	95	350
449	Spectrogram 1	1	4706.081299	4706.410889	95	350
450	Waveform 1	1	4709.047607	4709.509033	95	650
450	Spectrogram 1	1	4709.047607	4709.509033	95	650
452	Waveform 1	1	4712.079834	4712.409424	95	500
452	Spectrogram 1	1	4712.079834	4712.409424	95	500
453	Waveform 1	1	4714.914307	4715.309814	105	450
453	Spectrogram 1	1	4714.914307	4715.309814	105	450
454	Waveform 1	1	4720.97876	4721.110596	150	650
454	Spectrogram 1	1	4720.97876	4721.110596	150	650
456	Waveform 1	1	4723.945068	4724.076904	250	600
456	Spectrogram 1	1	4723.945068	4724.076904	250	600
464	Waveform 1	1	4762.83667	4763.429932	65	550
464	Spectrogram 1	1	4762.83667	4763.429932	65	550
468	Waveform 1	1	4807.463135	4807.858643	105	500
468	Spectrogram 1	1	4807.463135	4807.858643	105	500
492	Waveform 1	1	5000.734619	5001.657471	75	450
492	Spectrogram 1	1	5000.734619	5001.657471	75	450
494	Waveform 1	1	5050.304932	5050.766357	105	400
494	Spectrogram 1	1	5050.304932	5050.766357	105	400
520	Waveform 1	1	5427.553467	5427.817139	105	500
520	Spectrogram 1	1	5427.553467	5427.817139	105	500
521	Waveform 1	1	5433.420166	5434.013428	105	500
521	Spectrogram 1	1	5433.420166	5434.013428	105	500
522	Waveform 1	1	5436.452393	5436.8479	75	165
522	Spectrogram 1	1	5436.452393	5436.8479	75	165
523	Waveform 1	1	5442.187256	5442.319092	200	500
523	Spectrogram 1	1	5442.187256	5442.319092	200	500
524	Waveform 1	1	5442.319092	5442.648682	65	550
524	Spectrogram 1	1	5442.319092	5442.648682	65	550
525	Waveform 1	1	5445.153564	5445.680908	75	400
525	Spectrogram 1	1	5445.153564	5445.680908	75	400
526	Waveform 1	1	5448.053955	5448.515381	105	550
526	Spectrogram 1	1	5448.053955	5448.515381	105	550
527	Waveform 1	1	5450.888428	5451.481689	105	450
527	Spectrogram 1	1	5450.888428	5451.481689	105	450
529	Waveform 1	1	5454.184326	5454.579834	95	600
529	Spectrogram 1	1	5454.184326	5454.579834	95	600
535	Waveform 1	1	5502.172607	5502.568115	95	350
535	Spectrogram 1	1	5502.172607	5502.568115	95	350
572	Waveform 1	1	5799.396729	5799.726318	200	550
572	Spectrogram 1	1	5799.396729	5799.726318	200	550
602	Waveform 1	1	6057.795166	6057.927002	65	850
602	Spectrogram 1	1	6057.795166	6057.927002	65	850
604	Waveform 1	1	6089.238037	6089.567627	95	850
604	Spectrogram 1	1	6089.238037	6089.567627	95	850
606	Waveform 1	1	6091.611084	6092.533936	85	850
606	Spectrogram 1	1	6091.611084	6092.533936	85	850
608	Waveform 1	1	6098.532471	6099.125732	65	850
608	Spectrogram 1	1	6098.532471	6099.125732	65	850
610	Waveform 1	1	6103.278564	6103.476318	125	850
610	Spectrogram 1	1	6103.278564	6103.476318	125	850
611	Waveform 1	1	6105.322021	6105.783447	105	850
611	Spectrogram 1	1	6105.322021	6105.783447	105	850
620	Waveform 1	1	6153.903564	6154.628662	85	165
620	Spectrogram 1	1	6153.903564	6154.628662	85	165
622	Waveform 1	1	6170.844482	6171.503662	95	450
622	Spectrogram 1	1	6170.844482	6171.503662	95	450
644	Waveform 1	1	6352.514404	6353.107666	65	250
644	Spectrogram 1	1	6352.514404	6353.107666	65	250
656	Waveform 1	1	6454.950928	6455.478271	75	650
656	Spectrogram 1	1	6454.950928	6455.478271	75	650
657	Waveform 1	1	6461.015381	6461.410889	75	500
657	Spectrogram 1	1	6461.015381	6461.410889	75	500
659	Waveform 1	1	6472.814697	6473.210205	105	450
659	Spectrogram 1	1	6472.814697	6473.210205	105	450
660	Waveform 1	1	6475.97876	6476.30835	105	650
660	Spectrogram 1	1	6475.97876	6476.30835	105	650
661	Waveform 1	1	6483.691162	6484.218506	85	400
661	Spectrogram 1	1	6483.691162	6484.218506	85	400
662	Waveform 1	1	6485.141357	6485.405029	150	400
662	Spectrogram 1	1	6485.141357	6485.405029	150	400
673	Waveform 1	1	6603.793701	6604.255127	75	700
673	Spectrogram 1	1	6603.793701	6604.255127	75	700
674	Waveform 1	1	6606.166748	6606.232666	200	500
674	Spectrogram 1	1	6606.166748	6606.232666	200	500
675	Waveform 1	1	6611.110596	6611.176514	200	850
675	Spectrogram 1	1	6611.110596	6611.176514	200	850
676	Waveform 1	1	6618.361572	6618.625244	65	400
676	Spectrogram 1	1	6618.361572	6618.625244	65	400
677	Waveform 1	1	6620.141357	6620.536865	125	300
677	Spectrogram 1	1	6620.141357	6620.536865	125	300
678	Waveform 1	1	6620.536865	6621.064209	65	850
678	Spectrogram 1	1	6620.536865	6621.064209	65	850
680	Waveform 1	1	6622.514404	6623.63501	65	800
680	Spectrogram 1	1	6622.514404	6623.63501	65	800
681	Waveform 1	1	6626.337646	6627.19458	105	550
681	Spectrogram 1	1	6626.337646	6627.19458	105	550
682	Waveform 1	1	6627.19458	6627.590088	65	850
682	Spectrogram 1	1	6627.19458	6627.590088	65	850
683	Waveform 1	1	6629.369873	6630.292725	65	850
683	Spectrogram 1	1	6629.369873	6630.292725	65	850
684	Waveform 1	1	6630.292725	6630.556396	125	500
684	Spectrogram 1	1	6630.292725	6630.556396	125	500
685	Waveform 1	1	6634.247803	6634.906982	65	850
685	Spectrogram 1	1	6634.247803	6634.906982	65	850
686	Waveform 1	1	6636.225342	6636.752686	65	850
686	Spectrogram 1	1	6636.225342	6636.752686	65	850
687	Waveform 1	1	6641.169189	6641.366943	65	750
687	Spectrogram 1	1	6641.169189	6641.366943	65	750
688	Waveform 1	1	6641.366943	6641.564697	250	850
688	Spectrogram 1	1	6641.366943	6641.564697	250	850
689	Waveform 1	1	6643.542236	6643.674072	150	450
689	Spectrogram 1	1	6643.542236	6643.674072	150	450
690	Waveform 1	1	6647.563232	6647.95874	65	700
690	Spectrogram 1	1	6647.563232	6647.95874	65	700
691	Waveform 1	1	6649.145264	6649.540771	75	850
691	Spectrogram 1	1	6649.145264	6649.540771	75	850
692	Waveform 1	1	6650.068115	6650.199951	200	650
692	Spectrogram 1	1	6650.068115	6650.199951	200	650
693	Waveform 1	1	6651.254639	6651.716064	65	850
693	Spectrogram 1	1	6651.254639	6651.716064	65	850
694	Waveform 1	1	6653.100342	6653.16626	115	550
694	Spectrogram 1	1	6653.100342	6653.16626	115	550
695	Waveform 1	1	6655.868896	6656.330322	65	850
695	Spectrogram 1	1	6655.868896	6656.330322	65	850
696	Waveform 1	1	6657.978271	6658.769287	65	850
696	Spectrogram 1	1	6657.978271	6658.769287	65	850
697	Waveform 1	1	6662.131104	6662.262939	350	550
697	Spectrogram 1	1	6662.131104	6662.262939	350	550
700	Waveform 1	1	6687.24585	6687.311768	350	650
700	Spectrogram 1	1	6687.24585	6687.311768	350	650
701	Waveform 1	1	6687.311768	6687.707275	65	850
701	Spectrogram 1	1	6687.311768	6687.707275	65	850
702	Waveform 1	1	6689.355225	6690.080322	65	850
702	Spectrogram 1	1	6689.355225	6690.080322	65	850
704	Waveform 1	1	6695.881104	6696.012939	200	750
704	Spectrogram 1	1	6695.881104	6696.012939	200	750
705	Waveform 1	1	6702.011475	6702.077393	350	700
705	Spectrogram 1	1	6702.011475	6702.077393	350	700
706	Waveform 1	1	6702.077393	6702.209229	135	850
706	Spectrogram 1	1	6702.077393	6702.209229	135	850
707	Waveform 1	1	6710.448975	6710.514893	300	850
707	Spectrogram 1	1	6710.448975	6710.514893	300	850
708	Waveform 1	1	6719.545654	6719.743408	135	850
708	Spectrogram 1	1	6719.545654	6719.743408	135	850
709	Waveform 1	1	6734.772705	6735.234131	65	850
709	Spectrogram 1	1	6734.772705	6735.234131	65	850
710	Waveform 1	1	6736.684326	6737.21167	65	850
710	Spectrogram 1	1	6736.684326	6737.21167	65	850
712	Waveform 1	1	6742.353271	6742.616943	105	850
712	Spectrogram 1	1	6742.353271	6742.616943	105	850
713	Waveform 1	1	6744.330811	6745.517334	65	850
713	Spectrogram 1	1	6744.330811	6745.517334	65	850
714	Waveform 1	1	6749.999756	6750.658936	65	850
714	Spectrogram 1	1	6749.999756	6750.658936	65	850
715	Waveform 1	1	6752.043213	6752.570557	65	850
715	Spectrogram 1	1	6752.043213	6752.570557	65	850
722	Waveform 1	1	6797.988037	6798.251709	85	300
722	Spectrogram 1	1	6797.988037	6798.251709	85	300
726	Waveform 1	1	6813.281006	6814.006104	65	350
726	Spectrogram 1	1	6813.281006	6814.006104	65	350
727	Waveform 1	1	6817.236084	6817.631592	75	550
727	Spectrogram 1	1	6817.236084	6817.631592	75	550
728	Waveform 1	1	6821.059326	6821.982178	65	250
728	Spectrogram 1	1	6821.059326	6821.982178	65	250
729	Waveform 1	1	6828.244385	6828.969482	65	450
729	Spectrogram 1	1	6828.244385	6828.969482	65	450
730	Waveform 1	1	6831.012939	6831.078857	350	700
730	Spectrogram 1	1	6831.012939	6831.078857	350	700
731	Waveform 1	1	6831.078857	6831.408447	85	850
731	Spectrogram 1	1	6831.078857	6831.408447	85	850
733	Waveform 1	1	6832.331299	6832.726807	95	400
733	Spectrogram 1	1	6832.331299	6832.726807	95	400
734	Waveform 1	1	6833.320068	6834.374756	75	400
734	Spectrogram 1	1	6833.320068	6834.374756	75	400
736	Waveform 1	1	6836.286377	6836.813721	65	550
736	Spectrogram 1	1	6836.286377	6836.813721	65	550
737	Waveform 1	1	6837.934326	6838.000244	350	650
737	Spectrogram 1	1	6837.934326	6838.000244	350	650
738	Waveform 1	1	6838.000244	6838.725342	75	850
738	Spectrogram 1	1	6838.000244	6838.725342	75	850
739	Waveform 1	1	6840.175537	6840.241455	500	700
739	Spectrogram 1	1	6840.175537	6840.241455	500	700
740	Waveform 1	1	6840.241455	6841.230225	65	850
740	Spectrogram 1	1	6840.241455	6841.230225	65	850
741	Waveform 1	1	6842.812256	6842.944092	200	800
741	Spectrogram 1	1	6842.812256	6842.944092	200	800
742	Waveform 1	1	6843.801025	6844.130615	135	650
742	Spectrogram 1	1	6843.801025	6844.130615	135	650
743	Waveform 1	1	6845.317139	6845.448975	75	850
743	Spectrogram 1	1	6845.317139	6845.448975	75	850
744	Waveform 1	1	6847.690186	6847.953857	95	550
744	Spectrogram 1	1	6847.690186	6847.953857	95	550
745	Waveform 1	1	6847.953857	6848.283447	115	350
745	Spectrogram 1	1	6847.953857	6848.283447	115	350
746	Waveform 1	1	6851.44751	6851.908936	115	400
746	Spectrogram 1	1	6851.44751	6851.908936	115	400
748	Waveform 1	1	6888.295654	6889.08667	95	300
748	Spectrogram 1	1	6888.295654	6889.08667	95	300
749	Waveform 1	1	6894.162354	6894.426025	95	800
749	Spectrogram 1	1	6894.162354	6894.426025	95	800
751	Waveform 1	1	6903.390869	6903.456787	350	850
751	Spectrogram 1	1	6903.390869	6903.456787	350	850
752	Waveform 1	1	6906.423096	6906.818604	65	850
752	Spectrogram 1	1	6906.423096	6906.818604	65	850
753	Waveform 1	1	6908.202881	6908.927979	65	700
753	Spectrogram 1	1	6908.202881	6908.927979	65	700
754	Waveform 1	1	6908.927979	6909.19165	200	850
754	Spectrogram 1	1	6908.927979	6909.19165	200	850
755	Waveform 1	1	6910.18042	6910.246338	350	700
755	Spectrogram 1	1	6910.18042	6910.246338	350	700
756	Waveform 1	1	6910.246338	6910.51001	65	850
756	Spectrogram 1	1	6910.246338	6910.51001	65	850
757	Waveform 1	1	6912.817139	6912.948975	350	650
757	Spectrogram 1	1	6912.817139	6912.948975	350	650
758	Waveform 1	1	6913.674072	6914.06958	65	850
758	Spectrogram 1	1	6913.674072	6914.06958	65	850
759	Waveform 1	1	6915.849365	6916.574463	65	800
759	Spectrogram 1	1	6915.849365	6916.574463	65	800
760	Waveform 1	1	6918.552002	6919.408936	75	850
760	Spectrogram 1	1	6918.552002	6919.408936	75	850
761	Waveform 1	1	6921.122803	6921.386475	200	850
761	Spectrogram 1	1	6921.122803	6921.386475	200	850
762	Waveform 1	1	6926.330322	6926.791748	65	850
762	Spectrogram 1	1	6926.330322	6926.791748	65	850
763	Waveform 1	1	6928.176025	6928.703369	65	850
763	Spectrogram 1	1	6928.176025	6928.703369	65	850
764	Waveform 1	1	6931.208252	6931.669678	95	700
764	Spectrogram 1	1	6931.208252	6931.669678	95	700
765	Waveform 1	1	6933.844971	6934.042725	150	700
765	Spectrogram 1	1	6933.844971	6934.042725	150	700
767	Waveform 1	1	6941.359619	6941.425537	115	550
767	Spectrogram 1	1	6941.359619	6941.425537	115	550
769	Waveform 1	1	6959.157471	6959.289307	200	850
769	Spectrogram 1	1	6959.157471	6959.289307	200	850
776	Waveform 1	1	7027.118896	7027.448486	135	850
776	Spectrogram 1	1	7027.118896	7027.448486	135	850
777	Waveform 1	1	7029.689697	7029.953369	65	800
777	Spectrogram 1	1	7029.689697	7029.953369	65	800
779	Waveform 1	1	7033.512939	7034.369873	65	650
779	Spectrogram 1	1	7033.512939	7034.369873	65	650
780	Waveform 1	1	7036.808838	7037.4021	65	850
780	Spectrogram 1	1	7036.808838	7037.4021	65	850
782	Waveform 1	1	7052.826904	7053.28833	65	850
782	Spectrogram 1	1	7052.826904	7053.28833	65	850
785	Waveform 1	1	7077.94165	7078.073486	300	700
785	Spectrogram 1	1	7077.94165	7078.073486	300	700
786	Waveform 1	1	7079.26001	7080.182861	95	250
786	Spectrogram 1	1	7079.26001	7080.182861	95	250
787	Waveform 1	1	7084.401611	7084.665283	115	650
787	Spectrogram 1	1	7084.401611	7084.665283	115	650
788	Waveform 1	1	7087.302002	7087.631592	65	850
788	Spectrogram 1	1	7087.302002	7087.631592	65	850
789	Waveform 1	1	7089.279541	7089.806885	65	850
789	Spectrogram 1	1	7089.279541	7089.806885	65	850
790	Waveform 1	1	7090.861572	7090.993408	350	550
790	Spectrogram 1	1	7090.861572	7090.993408	350	550
792	Waveform 1	1	7093.432373	7094.157471	85	300
792	Spectrogram 1	1	7093.432373	7094.157471	85	300
793	Waveform 1	1	7094.223389	7094.289307	350	650
793	Spectrogram 1	1	7094.223389	7094.289307	350	650
794	Waveform 1	1	7094.289307	7094.618896	65	850
794	Spectrogram 1	1	7094.289307	7094.618896	65	850
795	Waveform 1	1	7096.266846	7096.728271	115	850
795	Spectrogram 1	1	7096.266846	7096.728271	115	850
796	Waveform 1	1	7102.594971	7103.451904	105	550
796	Spectrogram 1	1	7102.594971	7103.451904	105	550
797	Waveform 1	1	7109.780029	7110.571045	85	800
797	Spectrogram 1	1	7109.780029	7110.571045	85	800
798	Waveform 1	1	7111.955322	7112.416748	65	850
798	Spectrogram 1	1	7111.955322	7112.416748	65	850
799	Waveform 1	1	7113.669189	7113.735107	350	850
799	Spectrogram 1	1	7113.669189	7113.735107	350	850
800	Waveform 1	1	7116.042236	7116.174072	150	850
800	Spectrogram 1	1	7116.042236	7116.174072	150	850
801	Waveform 1	1	7116.635498	7117.096924	65	800
801	Spectrogram 1	1	7116.635498	7117.096924	65	800
802	Waveform 1	1	7118.481201	7118.678955	200	550
802	Spectrogram 1	1	7118.481201	7118.678955	200	550
803	Waveform 1	1	7121.711182	7121.843018	200	850
803	Spectrogram 1	1	7121.711182	7121.843018	200	850
805	Waveform 1	1	7134.43335	7135.092529	125	300
805	Spectrogram 1	1	7134.43335	7135.092529	125	300
807	Waveform 1	1	7141.288818	7141.420654	125	650
807	Spectrogram 1	1	7141.288818	7141.420654	125	650
808	Waveform 1	1	7145.44165	7145.705322	150	850
808	Spectrogram 1	1	7145.44165	7145.705322	150	850
809	Waveform 1	1	7147.880615	7148.012451	115	850
809	Spectrogram 1	1	7147.880615	7148.012451	115	850
810	Waveform 1	1	7154.076904	7154.604248	95	850
810	Spectrogram 1	1	7154.076904	7154.604248	95	850
811	Waveform 1	1	7156.449951	7156.515869	200	850
811	Spectrogram 1	1	7156.449951	7156.515869	200	850
812	Waveform 1	1	7159.548096	7160.009521	65	850
812	Spectrogram 1	1	7159.548096	7160.009521	65	850
814	Waveform 1	1	7180.444092	7180.575928	150	800
814	Spectrogram 1	1	7180.444092	7180.575928	150	800
815	Waveform 1	1	7181.894287	7182.421631	65	850
815	Spectrogram 1	1	7181.894287	7182.421631	65	850
816	Waveform 1	1	7183.080811	7183.4104	125	800
816	Spectrogram 1	1	7183.080811	7183.4104	125	800
817	Waveform 1	1	7183.871826	7184.267334	65	850
817	Spectrogram 1	1	7183.871826	7184.267334	65	850
818	Waveform 1	1	7188.354248	7189.079346	75	850
818	Spectrogram 1	1	7188.354248	7189.079346	75	850
819	Waveform 1	1	7190.661377	7191.254639	65	850
819	Spectrogram 1	1	7190.661377	7191.254639	65	850
821	Waveform 1	1	7205.361084	7205.888428	65	850
821	Spectrogram 1	1	7205.361084	7205.888428	65	850
822	Waveform 1	1	7207.536377	7207.997803	65	850
822	Spectrogram 1	1	7207.536377	7207.997803	65	850
824	Waveform 1	1	7271.740479	7271.872314	350	600
824	Spectrogram 1	1	7271.740479	7271.872314	350	600
826	Waveform 1	1	7287.363037	7288.549561	65	850
826	Spectrogram 1	1	7287.363037	7288.549561	65	850
827	Waveform 1	1	7289.472412	7290.988525	85	850
827	Spectrogram 1	1	7289.472412	7290.988525	85	850
828	Waveform 1	1	7294.08667	7294.284424	135	850
828	Spectrogram 1	1	7294.08667	7294.284424	135	850
829	Waveform 1	1	7296.261963	7296.789307	65	850
829	Spectrogram 1	1	7296.261963	7296.789307	65	850
830	Waveform 1	1	7298.437256	7298.700928	350	800
830	Spectrogram 1	1	7298.437256	7298.700928	350	800
831	Waveform 1	1	7302.392334	7303.117432	65	750
831	Spectrogram 1	1	7302.392334	7303.117432	65	750
832	Waveform 1	1	7304.567627	7305.358643	65	850
832	Spectrogram 1	1	7304.567627	7305.358643	65	850
833	Waveform 1	1	7312.807373	7312.939209	75	400
833	Spectrogram 1	1	7312.807373	7312.939209	75	400
834	Waveform 1	1	7312.939209	7313.202881	105	800
834	Spectrogram 1	1	7312.939209	7313.202881	105	800
836	Waveform 1	1	7317.685303	7318.212646	65	850
836	Spectrogram 1	1	7317.685303	7318.212646	65	850
837	Waveform 1	1	7320.190186	7320.717529	65	750
837	Spectrogram 1	1	7320.190186	7320.717529	65	750
838	Waveform 1	1	7321.904053	7322.62915	135	600
838	Spectrogram 1	1	7321.904053	7322.62915	135	600
839	Waveform 1	1	7322.62915	7322.695068	400	650
839	Spectrogram 1	1	7322.62915	7322.695068	400	650
840	Waveform 1	1	7322.695068	7323.156494	65	850
840	Spectrogram 1	1	7322.695068	7323.156494	65	850
841	Waveform 1	1	7324.870361	7325.727295	75	700
841	Spectrogram 1	1	7324.870361	7325.727295	75	700
843	Waveform 1	1	7328.364014	7328.561768	150	500
843	Spectrogram 1	1	7328.364014	7328.561768	150	500
844	Waveform 1	1	7333.176025	7333.307861	150	750
844	Spectrogram 1	1	7333.176025	7333.307861	150	750
847	Waveform 1	1	7338.053955	7338.317627	75	850
847	Spectrogram 1	1	7338.053955	7338.317627	75	850
852	Waveform 1	1	7357.104248	7357.829346	85	300
852	Spectrogram 1	1	7357.104248	7357.829346	85	300
855	Waveform 1	1	7364.81665	7365.080322	105	165
855	Spectrogram 1	1	7364.81665	7365.080322	105	165
857	Waveform 1	1	7368.705811	7369.958252	95	350
857	Spectrogram 1	1	7368.705811	7369.958252	95	350
858	Waveform 1	1	7372.463135	7372.924561	65	400
858	Spectrogram 1	1	7372.463135	7372.924561	65	400
859	Waveform 1	1	7376.220459	7377.011475	75	300
859	Spectrogram 1	1	7376.220459	7377.011475	75	300
860	Waveform 1	1	7380.109619	7381.164307	65	400
860	Spectrogram 1	1	7380.109619	7381.164307	65	400
861	Waveform 1	1	7383.932861	7384.460205	95	400
861	Spectrogram 1	1	7383.932861	7384.460205	95	400
862	Waveform 1	1	7387.162842	7388.019775	95	850
862	Spectrogram 1	1	7387.162842	7388.019775	95	850
863	Waveform 1	1	7388.019775	7388.744873	75	250
863	Spectrogram 1	1	7388.019775	7388.744873	75	250
864	Waveform 1	1	7391.711182	7391.908936	65	650
864	Spectrogram 1	1	7391.711182	7391.908936	65	650
866	Waveform 1	1	7395.600342	7395.99585	65	350
866	Spectrogram 1	1	7395.600342	7395.99585	65	350
867	Waveform 1	1	7399.22583	7400.016846	65	700
867	Spectrogram 1	1	7399.22583	7400.016846	65	700
868	Waveform 1	1	7407.00415	7407.201904	150	850
868	Spectrogram 1	1	7407.00415	7407.201904	150	850
869	Waveform 1	1	7409.509033	7409.772705	135	400
869	Spectrogram 1	1	7409.509033	7409.772705	135	400
870	Waveform 1	1	7414.650635	7415.243896	65	850
870	Spectrogram 1	1	7414.650635	7415.243896	65	850
871	Waveform 1	1	7416.496338	7417.155518	65	850
871	Spectrogram 1	1	7416.496338	7417.155518	65	850
872	Waveform 1	1	7434.030518	7434.096436	350	700
872	Spectrogram 1	1	7434.030518	7434.096436	350	700
873	Waveform 1	1	7434.096436	7434.162354	200	850
873	Spectrogram 1	1	7434.096436	7434.162354	200	850
875	Waveform 1	1	7451.432861	7451.498779	250	850
875	Spectrogram 1	1	7451.432861	7451.498779	250	850
877	Waveform 1	1	7464.286865	7464.814209	65	850
877	Spectrogram 1	1	7464.286865	7464.814209	65	850
878	Waveform 1	1	7466.528076	7466.857666	65	850
878	Spectrogram 1	1	7466.528076	7466.857666	65	850
879	Waveform 1	1	7468.769287	7468.967041	400	700
879	Spectrogram 1	1	7468.769287	7468.967041	400	700
881	Waveform 1	1	7475.82251	7476.283936	95	650
881	Spectrogram 1	1	7475.82251	7476.283936	95	650
882	Waveform 1	1	7480.766357	7481.491455	65	850
882	Spectrogram 1	1	7480.766357	7481.491455	65	850
883	Waveform 1	1	7487.48999	7488.215088	85	850
883	Spectrogram 1	1	7487.48999	7488.215088	85	850
884	Waveform 1	1	7491.642822	7492.03833	65	850
884	Spectrogram 1	1	7491.642822	7492.03833	65	850
885	Waveform 1	1	7493.620361	7494.147705	65	700
885	Spectrogram 1	1	7493.620361	7494.147705	65	700
886	Waveform 1	1	7495.729736	7496.25708	65	850
886	Spectrogram 1	1	7495.729736	7496.25708	65	850
887	Waveform 1	1	7497.970947	7498.300537	135	600
887	Spectrogram 1	1	7497.970947	7498.300537	135	600
889	Waveform 1	1	7512.143311	7512.275146	95	300
889	Spectrogram 1	1	7512.143311	7512.275146	95	300
890	Waveform 1	1	7512.275146	7513.395752	65	550
890	Spectrogram 1	1	7512.275146	7513.395752	65	550
891	Waveform 1	1	7530.402588	7530.468506	550	850
891	Spectrogram 1	1	7530.402588	7530.468506	550	850
892	Waveform 1	1	7532.314209	7533.302979	65	850
892	Spectrogram 1	1	7532.314209	7533.302979	65	850
893	Waveform 1	1	7542.201904	7542.66333	65	700
893	Spectrogram 1	1	7542.201904	7542.66333	65	700
897	Waveform 1	1	7586.169189	7586.235107	300	700
897	Spectrogram 1	1	7586.169189	7586.235107	300	700
899	Waveform 1	1	7592.95874	7593.420166	135	500
899	Spectrogram 1	1	7592.95874	7593.420166	135	500
900	Waveform 1	1	7599.220947	7599.484619	150	800
900	Spectrogram 1	1	7599.220947	7599.484619	150	800
903	Waveform 1	1	7606.537842	7606.999268	65	850
903	Spectrogram 1	1	7606.537842	7606.999268	65	850
904	Waveform 1	1	7608.515381	7609.372314	65	850
904	Spectrogram 1	1	7608.515381	7609.372314	65	850
906	Waveform 1	1	7614.184326	7614.316162	65	800
906	Spectrogram 1	1	7614.184326	7614.316162	65	800
907	Waveform 1	1	7615.173096	7615.568604	65	850
907	Spectrogram 1	1	7615.173096	7615.568604	65	850
908	Waveform 1	1	7617.480225	7617.94165	105	850
908	Spectrogram 1	1	7617.480225	7617.94165	105	850
910	Waveform 1	1	7621.105713	7621.171631	350	600
910	Spectrogram 1	1	7621.105713	7621.171631	350	600
911	Waveform 1	1	7621.171631	7621.830811	65	700
911	Spectrogram 1	1	7621.171631	7621.830811	65	700
912	Waveform 1	1	7623.940186	7624.006104	200	800
912	Spectrogram 1	1	7623.940186	7624.006104	200	800
913	Waveform 1	1	7624.533447	7625.126709	85	800
913	Spectrogram 1	1	7624.533447	7625.126709	85	800
914	Waveform 1	1	7626.313232	7626.510986	135	850
914	Spectrogram 1	1	7626.313232	7626.510986	135	850
915	Waveform 1	1	7631.191162	7631.520752	65	850
915	Spectrogram 1	1	7631.191162	7631.520752	65	850
917	Waveform 1	1	7633.696045	7634.091553	65	850
917	Spectrogram 1	1	7633.696045	7634.091553	65	850
918	Waveform 1	1	7640.02417	7640.35376	115	450
918	Spectrogram 1	1	7640.02417	7640.35376	115	450
922	Waveform 1	1	7647.670654	7648.79126	85	400
922	Spectrogram 1	1	7647.670654	7648.79126	85	400
923	Waveform 1	1	7651.559814	7651.757568	125	300
923	Spectrogram 1	1	7651.559814	7651.757568	125	300
924	Waveform 1	1	7653.537354	7653.603271	250	850
924	Spectrogram 1	1	7653.537354	7653.603271	250	850
926	Waveform 1	1	7655.976318	7656.305908	65	850
926	Spectrogram 1	1	7655.976318	7656.305908	65	850
927	Waveform 1	1	7659.074463	7659.601807	95	400
927	Spectrogram 1	1	7659.074463	7659.601807	95	400
928	Waveform 1	1	7662.831787	7663.754639	65	500
928	Spectrogram 1	1	7662.831787	7663.754639	65	500
929	Waveform 1	1	7666.786865	7667.511963	65	300
929	Spectrogram 1	1	7666.786865	7667.511963	65	300
930	Waveform 1	1	7670.610107	7671.137451	65	650
930	Spectrogram 1	1	7670.610107	7671.137451	65	650
931	Waveform 1	1	7673.378662	7673.576416	135	850
931	Spectrogram 1	1	7673.378662	7673.576416	135	850
932	Waveform 1	1	7674.235596	7674.367432	250	550
932	Spectrogram 1	1	7674.235596	7674.367432	250	550
933	Waveform 1	1	7674.43335	7675.224365	75	250
933	Spectrogram 1	1	7674.43335	7675.224365	75	250
934	Waveform 1	1	7675.224365	7675.290283	350	600
934	Spectrogram 1	1	7675.224365	7675.290283	350	600
935	Waveform 1	1	7675.290283	7675.883545	65	850
935	Spectrogram 1	1	7675.290283	7675.883545	65	850
936	Waveform 1	1	7678.124756	7678.6521	75	400
936	Spectrogram 1	1	7678.124756	7678.6521	75	400
937	Waveform 1	1	7682.21167	7683.200439	95	400
937	Spectrogram 1	1	7682.21167	7683.200439	95	400
938	Waveform 1	1	7685.77124	7686.232666	105	350
938	Spectrogram 1	1	7685.77124	7686.232666	105	350
939	Waveform 1	1	7697.636475	7698.493408	75	700
939	Spectrogram 1	1	7697.636475	7698.493408	75	700
942	Waveform 1	1	7710.094971	7710.094971	125	300
942	Spectrogram 1	1	7710.094971	7710.094971	125	300
943	Waveform 1	1	7710.094971	7711.281494	75	450
943	Spectrogram 1	1	7710.094971	7711.281494	75	450
949	Waveform 1	1	7753.468994	7753.534912	350	600
949	Spectrogram 1	1	7753.468994	7753.534912	350	600
950	Waveform 1	1	7753.534912	7753.996338	65	850
950	Spectrogram 1	1	7753.534912	7753.996338	65	850
951	Waveform 1	1	7755.512451	7757.094482	65	850
951	Spectrogram 1	1	7755.512451	7757.094482	65	850
952	Waveform 1	1	7761.642822	7762.104248	125	400
952	Spectrogram 1	1	7761.642822	7762.104248	125	400
953	Waveform 1	1	7768.761963	7769.289307	105	250
953	Spectrogram 1	1	7768.761963	7769.289307	105	250
954	Waveform 1	1	7780.363525	7781.220459	65	135
954	Spectrogram 1	1	7780.363525	7781.220459	65	135
955	Waveform 1	1	7816.354736	7816.486572	350	750
955	Spectrogram 1	1	7816.354736	7816.486572	350	750
956	Waveform 1	1	7818.200439	7818.266357	350	700
956	Spectrogram 1	1	7818.200439	7818.266357	350	700
957	Waveform 1	1	7818.266357	7818.595947	65	750
957	Spectrogram 1	1	7818.266357	7818.595947	65	750
958	Waveform 1	1	7822.946533	7823.473877	65	850
958	Spectrogram 1	1	7822.946533	7823.473877	65	850
959	Waveform 1	1	7824.98999	7825.517334	65	850
959	Spectrogram 1	1	7824.98999	7825.517334	65	850
960	Waveform 1	1	7829.670166	7829.736084	350	650
960	Spectrogram 1	1	7829.670166	7829.736084	350	650
961	Waveform 1	1	7829.736084	7829.933838	150	800
961	Spectrogram 1	1	7829.736084	7829.933838	150	800
962	Waveform 1	1	7831.054443	7831.186279	200	700
962	Spectrogram 1	1	7831.054443	7831.186279	200	700
963	Waveform 1	1	7831.713623	7833.031982	65	850
963	Spectrogram 1	1	7831.713623	7833.031982	65	850
964	Waveform 1	1	7836.261963	7836.525635	75	850
964	Spectrogram 1	1	7836.261963	7836.525635	75	850
965	Waveform 1	1	7837.778076	7838.437256	65	700
965	Spectrogram 1	1	7837.778076	7838.437256	65	700
966	Waveform 1	1	7838.437256	7838.503174	150	850
966	Spectrogram 1	1	7838.437256	7838.503174	150	850
967	Waveform 1	1	7838.503174	7838.63501	550	800
967	Spectrogram 1	1	7838.503174	7838.63501	550	800
968	Waveform 1	1	7844.040283	7844.435791	85	750
968	Spectrogram 1	1	7844.040283	7844.435791	85	750
969	Waveform 1	1	7846.347412	7846.479248	200	850
969	Spectrogram 1	1	7846.347412	7846.479248	200	850
970	Waveform 1	1	7852.148193	7853.005127	85	850
970	Spectrogram 1	1	7852.148193	7853.005127	85	850
971	Waveform 1	1	7854.125732	7854.653076	65	850
971	Spectrogram 1	1	7854.125732	7854.653076	65	850
972	Waveform 1	1	7858.871826	7859.267334	95	165
972	Spectrogram 1	1	7858.871826	7859.267334	95	165
979	Waveform 1	1	7912.463135	7912.594971	200	700
979	Spectrogram 1	1	7912.463135	7912.594971	200	700
983	Waveform 1	1	7926.108154	7926.56958	105	500
983	Spectrogram 1	1	7926.108154	7926.56958	105	500
985	Waveform 1	1	7929.404053	7929.469971	400	850
985	Spectrogram 1	1	7929.404053	7929.469971	400	850
986	Waveform 1	1	7933.688721	7934.611572	65	550
986	Spectrogram 1	1	7933.688721	7934.611572	65	550
988	Waveform 1	1	7937.511963	7937.643799	400	650
988	Spectrogram 1	1	7937.511963	7937.643799	400	650
989	Waveform 1	1	7938.830322	7939.22583	65	850
989	Spectrogram 1	1	7938.830322	7939.22583	65	850
990	Waveform 1	1	7941.137451	7942.060303	65	850
990	Spectrogram 1	1	7941.137451	7942.060303	65	850
991	Waveform 1	1	7945.619873	7945.883545	125	300
991	Spectrogram 1	1	7945.619873	7945.883545	125	300
992	Waveform 1	1	7948.783936	7948.915771	150	450
992	Spectrogram 1	1	7948.783936	7948.915771	150	450
998	Waveform 1	1	7972.514404	7973.041748	65	450
998	Spectrogram 1	1	7972.514404	7973.041748	65	450
1000	Waveform 1	1	8011.669678	8012.526611	65	250
1000	Spectrogram 1	1	8011.669678	8012.526611	65	250
1005	Waveform 1	1	8052.209229	8052.604736	65	850
1005	Spectrogram 1	1	8052.209229	8052.604736	65	850
1006	Waveform 1	1	8054.12085	8054.186768	350	650
1006	Spectrogram 1	1	8054.12085	8054.186768	350	650
1007	Waveform 1	1	8054.186768	8055.439209	65	850
1007	Spectrogram 1	1	8054.186768	8055.439209	65	850
1008	Waveform 1	1	8061.23999	8061.833252	65	850
1008	Spectrogram 1	1	8061.23999	8061.833252	65	850
1009	Waveform 1	1	8066.183838	8066.579346	65	850
1009	Spectrogram 1	1	8066.183838	8066.579346	65	850
1010	Waveform 1	1	8068.293213	8068.754639	85	850
1010	Spectrogram 1	1	8068.293213	8068.754639	85	850
1011	Waveform 1	1	8073.105225	8074.55542	65	450
1011	Spectrogram 1	1	8073.105225	8074.55542	65	450
1012	Waveform 1	1	8075.148682	8075.478271	95	850
1012	Spectrogram 1	1	8075.148682	8075.478271	95	850
1015	Waveform 1	1	8090.177979	8090.573486	65	850
1015	Spectrogram 1	1	8090.177979	8090.573486	65	850
1023	Waveform 1	1	8117.896484	8118.193115	105	300
1023	Spectrogram 1	1	8117.896484	8118.193115	105	300
1024	Waveform 1	1	8138.232178	8138.298096	350	700
1024	Spectrogram 1	1	8138.232178	8138.298096	350	700
1025	Waveform 1	1	8138.298096	8138.561768	65	850
1025	Spectrogram 1	1	8138.298096	8138.561768	65	850
1026	Waveform 1	1	8138.561768	8138.693604	200	450
1026	Spectrogram 1	1	8138.561768	8138.693604	200	450
1027	Waveform 1	1	8145.153564	8145.61499	85	850
1027	Spectrogram 1	1	8145.153564	8145.61499	85	850
1028	Waveform 1	1	8147.460693	8147.592529	200	850
1028	Spectrogram 1	1	8147.460693	8147.592529	200	850
1029	Waveform 1	1	8150.097412	8150.229248	105	750
1029	Spectrogram 1	1	8150.097412	8150.229248	105	750
1030	Waveform 1	1	8151.283936	8152.140869	65	550
1030	Spectrogram 1	1	8151.283936	8152.140869	65	550
1031	Waveform 1	1	8152.602295	8152.734131	150	700
1031	Spectrogram 1	1	8152.602295	8152.734131	150	700
1032	Waveform 1	1	8153.327393	8153.854736	75	850
1032	Spectrogram 1	1	8153.327393	8153.854736	75	850
1034	Waveform 1	1	8175.47583	8176.530518	75	250
1034	Spectrogram 1	1	8175.47583	8176.530518	75	250
1035	Waveform 1	1	8176.530518	8177.057861	65	850
1035	Spectrogram 1	1	8176.530518	8177.057861	65	850
1036	Waveform 1	1	8178.442139	8178.837646	65	850
1036	Spectrogram 1	1	8178.442139	8178.837646	65	850
1037	Waveform 1	1	8187.80249	8188.13208	105	600
1037	Spectrogram 1	1	8187.80249	8188.13208	105	600
1040	Waveform 1	1	8203.227295	8203.359131	115	450
1040	Spectrogram 1	1	8203.227295	8203.359131	115	450
1041	Waveform 1	1	8209.028076	8209.159912	150	450
1041	Spectrogram 1	1	8209.028076	8209.159912	150	450
1042	Waveform 1	1	8211.598877	8211.862549	135	450
1042	Spectrogram 1	1	8211.598877	8211.862549	135	450
1043	Waveform 1	1	8212.719482	8213.11499	125	500
1043	Spectrogram 1	1	8212.719482	8213.11499	125	500
1044	Waveform 1	1	8220.728516	8220.827393	150	300
1044	Spectrogram 1	1	8220.728516	8220.827393	150	300
1045	Waveform 1	1	8221.091064	8221.156982	105	700
1045	Spectrogram 1	1	8221.091064	8221.156982	105	700
1046	Waveform 1	1	8223.530029	8223.661865	95	400
1046	Spectrogram 1	1	8223.530029	8223.661865	95	400
1047	Waveform 1	1	8232.165283	8232.626709	125	300
1047	Spectrogram 1	1	8232.165283	8232.626709	125	300
1048	Waveform 1	1	8236.054443	8236.449951	105	300
1048	Spectrogram 1	1	8236.054443	8236.449951	105	300
1049	Waveform 1	1	8239.811768	8240.536865	65	450
1049	Spectrogram 1	1	8239.811768	8240.536865	65	450
1050	Waveform 1	1	8243.63501	8244.162354	65	300
1050	Spectrogram 1	1	8243.63501	8244.162354	65	300
1051	Waveform 1	1	8247.458252	8247.787842	75	350
1051	Spectrogram 1	1	8247.458252	8247.787842	75	350
1052	Waveform 1	1	8254.9729	8255.96167	65	300
1052	Spectrogram 1	1	8254.9729	8255.96167	65	300
1053	Waveform 1	1	8258.664307	8259.257568	105	450
1053	Spectrogram 1	1	8258.664307	8259.257568	105	450
1054	Waveform 1	1	8259.389404	8259.455322	200	850
1054	Spectrogram 1	1	8259.389404	8259.455322	200	850
1055	Waveform 1	1	8261.762451	8262.487549	85	850
1055	Spectrogram 1	1	8261.762451	8262.487549	85	850
1056	Waveform 1	1	8262.487549	8262.685303	150	450
1056	Spectrogram 1	1	8262.487549	8262.685303	150	450
1058	Waveform 1	1	8266.574463	8267.035889	65	600
1058	Spectrogram 1	1	8266.574463	8267.035889	65	600
1059	Waveform 1	1	8268.222412	8268.749756	65	850
1059	Spectrogram 1	1	8268.222412	8268.749756	65	850
1060	Waveform 1	1	8270.463623	8270.595459	85	650
1060	Spectrogram 1	1	8270.463623	8270.595459	85	650
1061	Waveform 1	1	8270.595459	8271.452393	65	850
1061	Spectrogram 1	1	8270.595459	8271.452393	65	850
1062	Waveform 1	1	8274.286865	8274.616455	125	350
1062	Spectrogram 1	1	8274.286865	8274.616455	125	350
1063	Waveform 1	1	8274.616455	8275.539307	85	700
1063	Spectrogram 1	1	8274.616455	8275.539307	85	700
1064	Waveform 1	1	8278.110107	8278.703369	95	450
1064	Spectrogram 1	1	8278.110107	8278.703369	95	450
1066	Waveform 1	1	8287.602295	8288.129639	65	850
1066	Spectrogram 1	1	8287.602295	8288.129639	65	850
1067	Waveform 1	1	8291.821045	8291.952881	200	600
1067	Spectrogram 1	1	8291.821045	8291.952881	200	600
1068	Waveform 1	1	8293.93042	8294.5896	65	850
1068	Spectrogram 1	1	8293.93042	8294.5896	65	850
1069	Waveform 1	1	8298.610596	8298.676514	350	700
1069	Spectrogram 1	1	8298.610596	8298.676514	350	700
1070	Waveform 1	1	8298.676514	8299.072021	95	850
1070	Spectrogram 1	1	8298.676514	8299.072021	95	850
1071	Waveform 1	1	8300.654053	8301.181396	65	850
1071	Spectrogram 1	1	8300.654053	8301.181396	65	850
1076	Waveform 1	1	8337.106689	8337.699951	85	350
1076	Spectrogram 1	1	8337.106689	8337.699951	85	350
1077	Waveform 1	1	8337.699951	8338.161377	105	400
1077	Spectrogram 1	1	8337.699951	8338.161377	105	400
1080	Waveform 1	1	8343.368896	8343.89624	65	850
1080	Spectrogram 1	1	8343.368896	8343.89624	65	850
1081	Waveform 1	1	8344.357666	8344.753174	115	450
1081	Spectrogram 1	1	8344.357666	8344.753174	115	450
1083	Waveform 1	1	8350.158447	8350.224365	450	850
1083	Spectrogram 1	1	8350.158447	8350.224365	450	850
1085	Waveform 1	1	8359.650635	8359.980225	85	650
1085	Spectrogram 1	1	8359.650635	8359.980225	85	650
1086	Waveform 1	1	8383.578857	8383.644775	200	650
1086	Spectrogram 1	1	8383.578857	8383.644775	200	650
1087	Waveform 1	1	8386.017822	8386.545166	95	750
1087	Spectrogram 1	1	8386.017822	8386.545166	95	750
1088	Waveform 1	1	8388.456787	8388.588623	200	650
1088	Spectrogram 1	1	8388.456787	8388.588623	200	650
1089	Waveform 1	1	8396.169189	8396.432861	135	500
1089	Spectrogram 1	1	8396.169189	8396.432861	135	500
1090	Waveform 1	1	8399.531006	8399.72876	200	500
1090	Spectrogram 1	1	8399.531006	8399.72876	200	500
1091	Waveform 1	1	8409.023193	8409.946045	65	450
1091	Spectrogram 1	1	8409.023193	8409.946045	65	450
1096	Waveform 1	1	8444.421143	8444.81665	65	850
1096	Spectrogram 1	1	8444.421143	8444.81665	65	850
1097	Waveform 1	1	8446.596436	8447.123779	65	750
1097	Spectrogram 1	1	8446.596436	8447.123779	65	750
1098	Waveform 1	1	8452.397217	8452.463135	350	550
1098	Spectrogram 1	1	8452.397217	8452.463135	350	550
1099	Waveform 1	1	8452.463135	8452.792725	65	850
1099	Spectrogram 1	1	8452.463135	8452.792725	65	850
1100	Waveform 1	1	8454.374756	8454.770264	95	550
1100	Spectrogram 1	1	8454.374756	8454.770264	95	550
1102	Waveform 1	1	8468.481201	8468.547119	350	650
1102	Spectrogram 1	1	8468.481201	8468.547119	350	650
1103	Waveform 1	1	8468.547119	8469.140381	85	850
1103	Spectrogram 1	1	8468.547119	8469.140381	85	850
1104	Waveform 1	1	8472.897705	8473.095459	150	850
1104	Spectrogram 1	1	8472.897705	8473.095459	150	850
1105	Waveform 1	1	8474.809326	8475.072998	150	850
1105	Spectrogram 1	1	8474.809326	8475.072998	150	850
1107	Waveform 1	1	8482.719482	8482.917236	125	650
1107	Spectrogram 1	1	8482.719482	8482.917236	125	650
1108	Waveform 1	1	8483.11499	8483.246826	65	700
1108	Spectrogram 1	1	8483.11499	8483.246826	65	700
1109	Waveform 1	1	8485.026611	8485.488037	65	600
1109	Spectrogram 1	1	8485.026611	8485.488037	65	600
1110	Waveform 1	1	8486.938232	8488.058838	65	850
1110	Spectrogram 1	1	8486.938232	8488.058838	65	850
1111	Waveform 1	1	8489.245361	8489.443115	150	600
1111	Spectrogram 1	1	8489.245361	8489.443115	150	600
1112	Waveform 1	1	8495.573486	8495.639404	350	600
1112	Spectrogram 1	1	8495.573486	8495.639404	350	600
1113	Waveform 1	1	8495.639404	8496.298584	105	850
1113	Spectrogram 1	1	8495.639404	8496.298584	105	850
1114	Waveform 1	1	8507.834229	8508.295654	105	550
1114	Spectrogram 1	1	8507.834229	8508.295654	105	550
1115	Waveform 1	1	8521.281494	8522.07251	85	400
1115	Spectrogram 1	1	8521.281494	8522.07251	85	400
1116	Waveform 1	1	8528.664307	8528.993896	115	850
1116	Spectrogram 1	1	8528.664307	8528.993896	115	850
1117	Waveform 1	1	8531.103271	8531.498779	125	600
1117	Spectrogram 1	1	8531.103271	8531.498779	125	600
1118	Waveform 1	1	8531.894287	8532.751221	125	500
1118	Spectrogram 1	1	8531.894287	8532.751221	125	500
1119	Waveform 1	1	8533.4104	8533.674072	85	850
1119	Spectrogram 1	1	8533.4104	8533.674072	85	850
1120	Waveform 1	1	8533.674072	8533.73999	200	850
1120	Spectrogram 1	1	8533.674072	8533.73999	200	850
1122	Waveform 1	1	8538.486084	8538.61792	200	850
1122	Spectrogram 1	1	8538.486084	8538.61792	200	850
1123	Waveform 1	1	8539.211182	8539.672607	85	850
1123	Spectrogram 1	1	8539.211182	8539.672607	85	850
1124	Waveform 1	1	8544.155029	8544.946045	105	600
1124	Spectrogram 1	1	8544.155029	8544.946045	105	600
1125	Waveform 1	1	8546.198486	8546.593994	75	700
1125	Spectrogram 1	1	8546.198486	8546.593994	75	700
