Selection	View	Channel	Begin Time (s)	End Time (s)	Low Freq (Hz)	High Freq (Hz)
1	Waveform 1	1	21.908822421	22.518427092	68.8	682.2
1	Spectrogram 1	1	21.908822421	22.518427092	68.8	682.2
2	Waveform 1	1	28.614473803	29.039349786	58.7	498.0
2	Spectrogram 1	1	28.614473803	29.039349786	58.7	498.0
3	Waveform 1	1	31.507379992	32.098511795	145.7	485.8
3	Spectrogram 1	1	31.507379992	32.098511795	145.7	485.8
4	Waveform 1	1	34.740132036	35.238899494	107.3	629.6
4	Spectrogram 1	1	34.740132036	35.238899494	107.3	629.6
5	Waveform 1	1	47.467938653	47.948233243	125.5	589.1
5	Spectrogram 1	1	47.467938653	47.948233243	125.5	589.1
6	Waveform 1	1	71.013512184	71.623116855	76.9	666.0
6	Spectrogram 1	1	71.013512184	71.623116855	76.9	666.0
7	Waveform 1	1	77.405124796	77.793055041	111.3	564.8
7	Spectrogram 1	1	77.405124796	77.793055041	111.3	564.8
8	Waveform 1	1	91.160077851	91.455643753	58.7	591.1
8	Spectrogram 1	1	91.160077851	91.455643753	58.7	591.1
9	Waveform 1	1	138.084969093	138.620682289	70.9	629.6
9	Spectrogram 1	1	138.084969093	138.620682289	70.9	629.6
10	Waveform 1	1	144.254907279	144.901457688	52.6	664.0
10	Spectrogram 1	1	144.254907279	144.901457688	52.6	664.0
11	Waveform 1	1	172.049240638	172.621899572	97.2	562.8
11	Spectrogram 1	1	172.049240638	172.621899572	97.2	562.8
12	Waveform 1	1	175.245046944	175.743814403	164.0	562.8
12	Spectrogram 1	1	175.245046944	175.743814403	164.0	562.8
13	Waveform 1	1	187.529504710	188.046745037	135.6	570.9
13	Spectrogram 1	1	187.529504710	188.046745037	135.6	570.9
14	Waveform 1	1	245.770930323	246.214279175	44.5	469.6
14	Spectrogram 1	1	245.770930323	246.214279175	44.5	469.6
15	Waveform 1	1	251.996287116	252.550473180	58.7	587.0
15	Spectrogram 1	1	251.996287116	252.550473180	58.7	587.0
16	Waveform 1	1	260.974101363	261.546760296	196.4	609.3
16	Spectrogram 1	1	260.974101363	261.546760296	196.4	609.3
17	Waveform 1	1	308.231504243	308.878054652	123.5	481.8
17	Spectrogram 1	1	308.231504243	308.878054652	123.5	481.8
18	Waveform 1	1	351.081225691	351.487628805	192.3	512.1
18	Spectrogram 1	1	351.081225691	351.487628805	192.3	512.1
19	Waveform 1	1	390.044310471	390.635442273	30.4	417.0
19	Spectrogram 1	1	390.044310471	390.635442273	30.4	417.0
20	Waveform 1	1	396.066465707	396.805380459	72.9	522.3
20	Spectrogram 1	1	396.066465707	396.805380459	72.9	522.3
21	Waveform 1	1	423.306613001	423.713016115	56.7	352.2
21	Spectrogram 1	1	423.306613001	423.713016115	56.7	352.2
22	Waveform 1	1	436.433488517	437.043093188	50.6	406.9
22	Spectrogram 1	1	436.433488517	437.043093188	50.6	406.9
23	Waveform 1	1	461.456891553	461.863294667	121.5	364.4
23	Spectrogram 1	1	461.456891553	461.863294667	121.5	364.4
24	Waveform 1	1	471.690860880	472.171155469	111.3	447.4
24	Spectrogram 1	1	471.690860880	472.171155469	111.3	447.4
25	Waveform 1	1	481.777047256	482.405124796	40.5	445.3
25	Spectrogram 1	1	481.777047256	482.405124796	40.5	445.3
26	Waveform 1	1	478.156364967	478.747496769	38.5	374.5
26	Spectrogram 1	1	478.156364967	478.747496769	38.5	374.5
27	Waveform 1	1	516.251224912	516.823883846	135.6	702.4
27	Spectrogram 1	1	516.251224912	516.823883846	135.6	702.4
28	Waveform 1	1	563.405124796	564.088620942	50.6	453.4
28	Spectrogram 1	1	563.405124796	564.088620942	50.6	453.4
31	Waveform 1	1	591.421132581	591.956845777	64.8	334.0
31	Spectrogram 1	1	591.421132581	591.956845777	64.8	334.0
33	Waveform 1	1	653.907483068	654.461669133	52.6	635.6
33	Spectrogram 1	1	653.907483068	654.461669133	52.6	635.6
34	Waveform 1	1	663.328646167	663.771995018	113.4	443.3
34	Spectrogram 1	1	663.328646167	663.771995018	113.4	443.3
36	Waveform 1	1	718.307738732	718.769560452	89.1	518.2
36	Spectrogram 1	1	718.307738732	718.769560452	89.1	518.2
37	Waveform 1	1	724.477676918	725.050335851	56.7	479.8
37	Spectrogram 1	1	724.477676918	725.050335851	56.7	479.8
38	Waveform 1	1	730.795398054	731.294165513	101.2	415.0
38	Spectrogram 1	1	730.795398054	731.294165513	101.2	415.0
39	Waveform 1	1	734.009677229	734.489971819	68.8	400.8
39	Spectrogram 1	1	734.009677229	734.489971819	68.8	400.8
40	Waveform 1	1	740.833469522	741.664748619	64.8	536.4
40	Spectrogram 1	1	740.833469522	741.664748619	64.8	536.4
41	Waveform 1	1	781.754678397	782.290391593	81.0	568.8
41	Spectrogram 1	1	781.754678397	782.290391593	81.0	568.8
42	Waveform 1	1	788.146291009	788.571166992	46.6	313.8
42	Spectrogram 1	1	788.146291009	788.571166992	46.6	313.8
43	Waveform 1	1	794.390120671	794.851942391	141.7	512.1
43	Spectrogram 1	1	794.390120671	794.851942391	141.7	512.1
45	Waveform 1	1	821.002190425	821.593322228	48.6	413.0
45	Spectrogram 1	1	821.002190425	821.593322228	48.6	413.0
46	Waveform 1	1	829.518182952	830.109314754	70.9	730.8
46	Spectrogram 1	1	829.518182952	830.109314754	70.9	730.8
47	Waveform 1	1	836.183114677	836.811192217	66.8	463.6
47	Spectrogram 1	1	836.183114677	836.811192217	66.8	463.6
48	Waveform 1	1	852.771750878	853.270518336	81.0	498.0
48	Spectrogram 1	1	852.771750878	853.270518336	81.0	498.0
49	Waveform 1	1	859.802579682	860.208982797	58.7	524.3
49	Spectrogram 1	1	859.802579682	860.208982797	58.7	524.3
51	Waveform 1	1	898.828417285	899.382603349	62.8	459.5
51	Spectrogram 1	1	898.828417285	899.382603349	62.8	459.5
52	Waveform 1	1	904.887518258	905.441704323	60.7	617.4
52	Spectrogram 1	1	904.887518258	905.441704323	60.7	617.4
53	Waveform 1	1	910.651053330	911.057456444	109.3	463.6
53	Spectrogram 1	1	910.651053330	911.057456444	109.3	463.6
55	Waveform 1	1	920.766851228	921.321037292	93.1	556.7
55	Spectrogram 1	1	920.766851228	921.321037292	93.1	556.7
56	Waveform 1	1	926.752060726	927.250828184	147.8	542.5
56	Spectrogram 1	1	926.752060726	927.250828184	147.8	542.5
57	Waveform 1	1	929.984812769	930.557471703	133.6	376.5
57	Spectrogram 1	1	929.984812769	930.557471703	133.6	376.5
58	Waveform 1	1	933.217564813	933.716332271	78.9	578.9
58	Spectrogram 1	1	933.217564813	933.716332271	78.9	578.9
59	Waveform 1	1	939.380168783	939.915881979	40.5	548.6
59	Spectrogram 1	1	939.380168783	939.915881979	40.5	548.6
61	Waveform 1	1	1072.200370262	1072.680664852	131.6	617.4
61	Spectrogram 1	1	1072.200370262	1072.680664852	131.6	617.4
62	Waveform 1	1	1104.668339433	1105.185579760	182.2	463.6
62	Spectrogram 1	1	1104.668339433	1105.185579760	182.2	463.6
64	Waveform 1	1	1148.478650060	1149.032836125	113.4	388.7
64	Spectrogram 1	1	1148.478650060	1149.032836125	113.4	388.7
65	Waveform 1	1	1158.261936319	1158.834595253	186.2	502.0
65	Spectrogram 1	1	1158.261936319	1158.834595253	186.2	502.0
66	Waveform 1	1	1197.232355315	1197.786541380	52.6	410.9
66	Spectrogram 1	1	1197.232355315	1197.786541380	52.6	410.9
67	Waveform 1	1	1210.747161076	1211.153564190	105.3	461.5
67	Spectrogram 1	1	1210.747161076	1211.153564190	105.3	461.5
68	Waveform 1	1	1246.078424914	1246.669556716	62.8	459.5
68	Spectrogram 1	1	1246.078424914	1246.669556716	62.8	459.5
69	Waveform 1	1	1252.396146051	1252.931859247	56.7	463.6
69	Spectrogram 1	1	1252.396146051	1252.931859247	56.7	463.6
71	Waveform 1	1	1273.706502454	1274.297634256	107.3	441.3
71	Spectrogram 1	1	1273.706502454	1274.297634256	107.3	441.3
72	Waveform 1	1	1285.861650138	1286.323471859	176.1	534.4
72	Spectrogram 1	1	1285.861650138	1286.323471859	176.1	534.4
73	Waveform 1	1	1479.657261816	1480.174502143	72.9	236.8
73	Spectrogram 1	1	1479.657261816	1480.174502143	72.9	236.8
74	Waveform 1	1	1485.827200002	1486.510696148	52.6	228.7
74	Spectrogram 1	1	1485.827200002	1486.510696148	52.6	228.7
75	Waveform 1	1	1491.941719581	1492.514378515	56.7	259.1
75	Spectrogram 1	1	1491.941719581	1492.514378515	56.7	259.1
76	Waveform 1	1	1507.156029274	1507.599378125	74.9	321.9
76	Spectrogram 1	1	1507.156029274	1507.599378125	74.9	321.9
77	Waveform 1	1	1516.318572209	1516.817339667	111.3	433.2
77	Spectrogram 1	1	1516.318572209	1516.817339667	111.3	433.2
78	Waveform 1	1	1525.111657767	1525.684316701	91.1	323.9
78	Spectrogram 1	1	1525.111657767	1525.684316701	91.1	323.9
79	Waveform 1	1	1528.972487351	1529.452781940	105.3	295.5
79	Spectrogram 1	1	1528.972487351	1529.452781940	105.3	295.5
80	Waveform 1	1	1533.823517635	1534.451595175	58.7	500.0
80	Spectrogram 1	1	1533.823517635	1534.451595175	58.7	500.0
81	Waveform 1	1	1537.721292956	1538.109223201	168.0	311.7
81	Spectrogram 1	1	1537.721292956	1538.109223201	168.0	311.7
82	Waveform 1	1	1542.579657456	1543.355517946	60.7	487.9
82	Spectrogram 1	1	1542.579657456	1543.355517946	60.7	487.9
83	Waveform 1	1	1546.385068433	1546.920781629	95.1	400.8
83	Spectrogram 1	1	1546.385068433	1546.920781629	95.1	400.8
84	Waveform 1	1	1551.132595720	1551.945401948	87.0	421.1
84	Spectrogram 1	1	1551.132595720	1551.945401948	87.0	421.1
85	Waveform 1	1	1559.548889686	1560.213912964	135.6	443.3
85	Spectrogram 1	1	1559.548889686	1560.213912964	135.6	443.3
86	Waveform 1	1	1568.323502376	1568.933107047	83.0	354.3
86	Spectrogram 1	1	1568.323502376	1568.933107047	83.0	354.3
87	Waveform 1	1	1572.165859091	1572.683099418	105.3	429.1
87	Spectrogram 1	1	1572.165859091	1572.683099418	105.3	429.1
88	Waveform 1	1	1585.743417674	1586.149820788	141.7	321.9
88	Spectrogram 1	1	1585.743417674	1586.149820788	141.7	321.9
89	Waveform 1	1	1594.492223279	1595.083355081	81.0	400.8
89	Spectrogram 1	1	1594.492223279	1595.083355081	81.0	400.8
90	Waveform 1	1	1619.220060414	1619.903556561	101.2	465.6
90	Spectrogram 1	1	1619.220060414	1619.903556561	101.2	465.6
91	Waveform 1	1	1777.580905257	1778.282874272	48.6	378.5
91	Spectrogram 1	1	1777.580905257	1778.282874272	48.6	378.5
92	Waveform 1	1	1783.473750410	1784.046409344	70.9	267.2
92	Spectrogram 1	1	1783.473750410	1784.046409344	70.9	267.2
93	Waveform 1	1	1785.782859013	1786.170789258	141.7	265.2
93	Spectrogram 1	1	1785.782859013	1786.170789258	141.7	265.2
94	Waveform 1	1	1793.005750722	1793.486045311	131.6	348.2
94	Spectrogram 1	1	1793.005750722	1793.486045311	131.6	348.2
95	Waveform 1	1	1941.169571975	1941.742230909	113.4	451.4
95	Spectrogram 1	1	1941.169571975	1941.742230909	113.4	451.4
96	Waveform 1	1	1973.526703933	1973.970052785	91.1	364.4
96	Spectrogram 1	1	1973.526703933	1973.970052785	91.1	364.4
97	Waveform 1	1	1979.992208020	1980.620285560	78.9	380.6
97	Spectrogram 1	1	1979.992208020	1980.620285560	78.9	380.6
98	Waveform 1	1	2127.479745273	2127.886148387	81.0	261.1
98	Spectrogram 1	1	2127.479745273	2127.886148387	81.0	261.1
99	Waveform 1	1	2133.409536164	2134.019140835	85.0	346.2
99	Spectrogram 1	1	2133.409536164	2134.019140835	85.0	346.2
100	Waveform 1	1	2155.096684160	2155.613924487	60.7	257.1
100	Spectrogram 1	1	2155.096684160	2155.613924487	60.7	257.1
101	Waveform 1	1	2164.362730092	2164.916916157	58.7	277.3
101	Spectrogram 1	1	2164.362730092	2164.916916157	58.7	277.3
102	Waveform 1	1	2243.127512965	2243.533916079	70.9	613.4
102	Spectrogram 1	1	2243.127512965	2243.533916079	70.9	613.4
103	Waveform 1	1	2247.376272793	2247.838094514	50.6	489.9
103	Spectrogram 1	1	2247.376272793	2247.838094514	50.6	489.9
104	Waveform 1	1	2252.437838850	2252.899660571	52.6	546.6
104	Spectrogram 1	1	2252.437838850	2252.899660571	52.6	546.6
105	Waveform 1	1	2270.977264930	2271.494505257	121.5	445.3
105	Spectrogram 1	1	2270.977264930	2271.494505257	121.5	445.3
106	Waveform 1	1	2334.675521061	2335.395962945	30.4	283.4
106	Spectrogram 1	1	2334.675521061	2335.395962945	30.4	283.4
107	Waveform 1	1	2341.141025149	2341.953831377	56.7	402.8
107	Spectrogram 1	1	2341.141025149	2341.953831377	56.7	402.8
108	Waveform 1	1	2349.594264853	2350.111505180	34.4	678.1
108	Spectrogram 1	1	2349.594264853	2350.111505180	34.4	678.1
109	Waveform 1	1	2355.893513120	2356.410753447	85.0	540.5
109	Spectrogram 1	1	2355.893513120	2356.410753447	85.0	540.5
110	Waveform 1	1	2362.377490077	2362.857784666	42.5	661.9
110	Spectrogram 1	1	2362.377490077	2362.857784666	42.5	661.9
111	Waveform 1	1	2358.996955082	2359.440303934	60.7	439.3
111	Spectrogram 1	1	2358.996955082	2359.440303934	60.7	439.3
112	Waveform 1	1	2371.650870225	2372.205056289	50.6	627.5
112	Spectrogram 1	1	2371.650870225	2372.205056289	50.6	627.5
113	Waveform 1	1	2378.774063373	2379.494505257	28.3	536.4
113	Spectrogram 1	1	2378.774063373	2379.494505257	28.3	536.4
114	Waveform 1	1	2385.294986067	2385.830699263	64.8	714.6
114	Spectrogram 1	1	2385.294986067	2385.830699263	64.8	714.6
115	Waveform 1	1	2388.657048193	2389.155815651	44.5	627.5
115	Spectrogram 1	1	2388.657048193	2389.155815651	44.5	627.5
116	Waveform 1	1	2392.000637449	2392.388567694	78.9	599.2
116	Spectrogram 1	1	2392.000637449	2392.388567694	78.9	599.2
117	Waveform 1	1	2395.048660804	2395.528955394	58.7	704.5
117	Spectrogram 1	1	2395.048660804	2395.528955394	58.7	704.5
118	Waveform 1	1	2398.115157029	2398.650870225	131.6	704.5
118	Spectrogram 1	1	2398.115157029	2398.650870225	131.6	704.5
119	Waveform 1	1	2402.818404362	2403.317171820	72.9	747.0
119	Spectrogram 1	1	2402.818404362	2403.317171820	72.9	747.0
120	Waveform 1	1	2405.515443210	2406.069629275	83.0	372.5
120	Spectrogram 1	1	2405.515443210	2406.069629275	83.0	372.5
121	Waveform 1	1	2415.195226472	2415.546210980	78.9	585.0
121	Spectrogram 1	1	2415.195226472	2415.546210980	78.9	585.0
122	Waveform 1	1	2417.652118025	2418.076994008	76.9	295.5
122	Spectrogram 1	1	2417.652118025	2418.076994008	76.9	295.5
123	Waveform 1	1	2427.786388792	2428.192791906	62.8	595.1
123	Spectrogram 1	1	2427.786388792	2428.192791906	62.8	595.1
124	Waveform 1	1	2473.296203350	2473.942753759	46.6	615.4
124	Spectrogram 1	1	2473.296203350	2473.942753759	46.6	615.4
125	Waveform 1	1	2479.484614405	2480.001854732	66.8	635.6
125	Spectrogram 1	1	2479.484614405	2480.001854732	66.8	635.6
126	Waveform 1	1	2482.617667889	2483.190326822	87.0	659.9
126	Spectrogram 1	1	2482.617667889	2483.190326822	87.0	659.9
127	Waveform 1	1	2486.238350178	2486.884900586	56.7	710.5
127	Spectrogram 1	1	2486.238350178	2486.884900586	56.7	710.5
128	Waveform 1	1	2489.323319271	2489.785140991	66.8	647.8
128	Spectrogram 1	1	2489.323319271	2489.785140991	66.8	647.8
129	Waveform 1	1	2492.519125577	2493.036365904	91.1	641.7
129	Spectrogram 1	1	2492.519125577	2493.036365904	91.1	641.7
130	Waveform 1	1	2495.437838850	2495.881187702	36.4	651.8
130	Spectrogram 1	1	2495.437838850	2495.881187702	36.4	651.8
131	Waveform 1	1	2498.633645156	2499.076994008	42.5	672.1
131	Spectrogram 1	1	2498.633645156	2499.076994008	42.5	672.1
132	Waveform 1	1	2501.792505725	2502.291273183	89.1	666.0
132	Spectrogram 1	1	2501.792505725	2502.291273183	89.1	666.0
133	Waveform 1	1	2504.877474818	2505.339296538	42.5	651.8
133	Spectrogram 1	1	2504.877474818	2505.339296538	42.5	651.8
134	Waveform 1	1	2521.532668278	2521.957544261	123.5	688.3
134	Spectrogram 1	1	2521.532668278	2521.957544261	123.5	688.3
135	Waveform 1	1	2525.726009500	2526.187831221	64.8	398.8
135	Spectrogram 1	1	2525.726009500	2526.187831221	64.8	398.8
136	Waveform 1	1	2531.452598835	2531.840529080	139.7	597.2
136	Spectrogram 1	1	2531.452598835	2531.840529080	139.7	597.2
137	Waveform 1	1	2544.856567383	2545.392280579	42.5	629.6
137	Spectrogram 1	1	2544.856567383	2545.392280579	42.5	629.6
139	Waveform 1	1	2574.609024837	2575.089319426	40.5	635.6
139	Spectrogram 1	1	2574.609024837	2575.089319426	40.5	635.6
140	Waveform 1	1	2581.425513432	2581.813443677	38.5	623.5
140	Spectrogram 1	1	2581.425513432	2581.813443677	38.5	623.5
141	Waveform 1	1	2584.621319738	2585.064668590	52.6	631.6
141	Spectrogram 1	1	2584.621319738	2585.064668590	52.6	631.6
142	Waveform 1	1	2587.909490388	2588.408257846	70.9	718.6
142	Spectrogram 1	1	2587.909490388	2588.408257846	70.9	718.6
143	Waveform 1	1	2591.836877231	2592.298698951	78.9	742.9
143	Spectrogram 1	1	2591.836877231	2592.298698951	78.9	742.9
144	Waveform 1	1	2595.568396733	2595.993272716	93.1	621.5
144	Spectrogram 1	1	2595.568396733	2595.993272716	93.1	621.5
145	Waveform 1	1	2599.078241809	2599.577009267	50.6	585.0
145	Spectrogram 1	1	2599.078241809	2599.577009267	50.6	585.0
146	Waveform 1	1	2602.514195409	2602.902125655	85.0	615.4
146	Spectrogram 1	1	2602.514195409	2602.902125655	85.0	615.4
147	Waveform 1	1	2606.024040485	2606.467389337	42.5	619.4
147	Spectrogram 1	1	2606.024040485	2606.467389337	42.5	619.4
148	Waveform 1	1	2661.169358352	2661.723544417	30.4	637.7
148	Spectrogram 1	1	2661.169358352	2661.723544417	30.4	637.7
149	Waveform 1	1	2667.450133751	2667.819591128	91.1	603.2
149	Spectrogram 1	1	2667.450133751	2667.819591128	91.1	603.2
150	Waveform 1	1	2670.398458547	2670.952644611	54.7	605.3
150	Spectrogram 1	1	2670.398458547	2670.952644611	54.7	605.3
151	Waveform 1	1	2673.520373377	2674.148450917	54.7	647.8
151	Spectrogram 1	1	2673.520373377	2674.148450917	54.7	647.8
152	Waveform 1	1	2676.716179683	2677.122582797	127.5	668.0
152	Spectrogram 1	1	2676.716179683	2677.122582797	127.5	668.0
153	Waveform 1	1	2675.423078866	2676.032683537	97.2	364.4
153	Spectrogram 1	1	2675.423078866	2676.032683537	97.2	364.4
154	Waveform 1	1	2679.801148776	2680.318389103	68.8	502.0
154	Spectrogram 1	1	2679.801148776	2680.318389103	68.8	502.0
155	Waveform 1	1	2682.165675985	2682.886117869	89.1	423.1
155	Spectrogram 1	1	2682.165675985	2682.886117869	89.1	423.1
156	Waveform 1	1	2683.421831065	2683.957544261	70.9	581.0
156	Spectrogram 1	1	2683.421831065	2683.957544261	70.9	581.0
157	Waveform 1	1	2686.894730404	2687.319606386	117.4	595.1
157	Spectrogram 1	1	2686.894730404	2687.319606386	117.4	595.1
158	Waveform 1	1	2697.823334529	2698.192791906	52.6	655.9
158	Spectrogram 1	1	2697.823334529	2698.192791906	52.6	655.9
159	Waveform 1	1	2705.286373533	2705.692776647	99.2	633.6
159	Spectrogram 1	1	2705.286373533	2705.692776647	99.2	633.6
160	Waveform 1	1	2710.920598523	2711.585621801	76.9	607.3
160	Spectrogram 1	1	2710.920598523	2711.585621801	76.9	607.3
161	Waveform 1	1	2717.404575479	2717.903342938	93.1	554.7
161	Spectrogram 1	1	2717.404575479	2717.903342938	93.1	554.7
162	Waveform 1	1	2721.025257768	2721.505552358	68.8	574.9
162	Spectrogram 1	1	2721.025257768	2721.505552358	68.8	574.9
163	Waveform 1	1	2724.084419777	2724.546241497	119.4	655.9
163	Spectrogram 1	1	2724.084419777	2724.546241497	119.4	655.9
164	Waveform 1	1	2728.093032311	2728.721109851	117.4	819.8
164	Spectrogram 1	1	2728.093032311	2728.721109851	117.4	819.8
165	Waveform 1	1	2731.528985911	2731.916916157	58.7	785.4
165	Spectrogram 1	1	2731.528985911	2731.916916157	58.7	785.4
166	Waveform 1	1	2737.551141147	2738.031435736	56.7	736.8
166	Spectrogram 1	1	2737.551141147	2738.031435736	56.7	736.8
167	Waveform 1	1	2741.060986223	2741.504335075	95.1	716.6
167	Spectrogram 1	1	2741.060986223	2741.504335075	95.1	716.6
168	Waveform 1	1	2744.182901054	2744.663195643	87.0	664.0
168	Spectrogram 1	1	2744.182901054	2744.663195643	87.0	664.0
169	Waveform 1	1	2746.953831377	2747.434125966	58.7	619.4
169	Spectrogram 1	1	2746.953831377	2747.434125966	58.7	619.4
170	Waveform 1	1	2751.269148465	2751.823334529	87.0	382.6
170	Spectrogram 1	1	2751.269148465	2751.823334529	87.0	382.6
171	Waveform 1	1	2751.971117480	2752.340574856	93.1	305.7
171	Spectrogram 1	1	2751.971117480	2752.340574856	93.1	305.7
172	Waveform 1	1	2753.504365592	2754.058551657	81.0	753.0
172	Spectrogram 1	1	2753.504365592	2754.058551657	81.0	753.0
173	Waveform 1	1	2761.964939512	2762.426761233	83.0	840.1
173	Spectrogram 1	1	2761.964939512	2762.426761233	83.0	840.1
174	Waveform 1	1	2765.437838850	2765.992024915	52.6	781.4
174	Spectrogram 1	1	2765.437838850	2765.992024915	52.6	781.4
175	Waveform 1	1	2771.182901054	2771.626249905	83.0	783.4
175	Spectrogram 1	1	2771.182901054	2771.626249905	83.0	783.4
176	Waveform 1	1	2828.341761622	2828.840529080	76.9	886.6
176	Spectrogram 1	1	2828.341761622	2828.840529080	76.9	886.6
177	Waveform 1	1	2834.670621412	2835.077024526	38.5	771.3
177	Spectrogram 1	1	2834.670621412	2835.077024526	38.5	771.3
178	Waveform 1	1	2837.755590505	2838.180466487	66.8	832.0
178	Spectrogram 1	1	2837.755590505	2838.180466487	66.8	832.0
179	Waveform 1	1	2840.914451073	2841.597947219	70.9	809.7
179	Spectrogram 1	1	2840.914451073	2841.597947219	70.9	809.7
180	Waveform 1	1	2844.073311641	2844.516660493	66.8	728.7
180	Spectrogram 1	1	2844.073311641	2844.516660493	66.8	728.7
181	Waveform 1	1	2847.176753603	2847.675521061	81.0	763.2
181	Spectrogram 1	1	2847.176753603	2847.675521061	81.0	763.2
182	Waveform 1	1	2851.259257613	2851.794970808	46.6	742.9
182	Spectrogram 1	1	2851.259257613	2851.794970808	46.6	742.9
183	Waveform 1	1	2854.492009656	2854.990777114	48.6	708.5
183	Spectrogram 1	1	2854.492009656	2854.990777114	48.6	708.5
184	Waveform 1	1	2861.947714444	2862.575791984	42.5	692.3
184	Spectrogram 1	1	2861.947714444	2862.575791984	42.5	692.3
185	Waveform 1	1	2866.713714600	2867.212482058	93.1	651.8
185	Spectrogram 1	1	2866.713714600	2867.212482058	93.1	651.8
186	Waveform 1	1	2870.168141069	2870.648435658	81.0	714.6
186	Spectrogram 1	1	2870.168141069	2870.648435658	81.0	714.6
187	Waveform 1	1	2873.530203194	2874.084389259	70.9	712.6
187	Spectrogram 1	1	2873.530203194	2874.084389259	70.9	712.6
188	Waveform 1	1	2876.652118025	2877.058521139	145.7	757.1
188	Spectrogram 1	1	2876.652118025	2877.058521139	145.7	757.1
189	Waveform 1	1	2879.958761544	2880.402110396	115.4	730.8
189	Spectrogram 1	1	2879.958761544	2880.402110396	115.4	730.8
190	Waveform 1	1	2883.708753915	2884.133629898	131.6	805.7
190	Spectrogram 1	1	2883.708753915	2884.133629898	131.6	805.7
191	Waveform 1	1	2887.229737644	2887.728505102	119.4	755.1
191	Spectrogram 1	1	2887.229737644	2887.728505102	119.4	755.1
192	Waveform 1	1	2890.333179605	2890.813474195	81.0	629.6
192	Spectrogram 1	1	2890.333179605	2890.813474195	81.0	629.6
193	Waveform 1	1	2893.399675830	2893.787606075	60.7	657.9
193	Spectrogram 1	1	2893.399675830	2893.787606075	60.7	657.9
194	Waveform 1	1	2934.402110396	2934.993242198	4.0	641.7
194	Spectrogram 1	1	2934.402110396	2934.993242198	4.0	641.7
195	Waveform 1	1	2940.715935543	2941.214703001	36.4	712.6
195	Spectrogram 1	1	2940.715935543	2941.214703001	36.4	712.6
196	Waveform 1	1	2943.616175948	2944.022579062	46.6	736.8
196	Spectrogram 1	1	2943.616175948	2944.022579062	46.6	736.8
197	Waveform 1	1	2946.664199303	2947.162966761	93.1	641.7
197	Spectrogram 1	1	2946.664199303	2947.162966761	93.1	641.7
198	Waveform 1	1	2949.786114134	2950.284881592	62.8	653.8
198	Spectrogram 1	1	2949.786114134	2950.284881592	62.8	653.8
199	Waveform 1	1	2953.277486341	2953.720835192	60.7	635.6
199	Spectrogram 1	1	2953.277486341	2953.720835192	60.7	635.6
200	Waveform 1	1	2963.688850140	2964.298454811	46.6	696.4
200	Spectrogram 1	1	2963.688850140	2964.298454811	46.6	696.4
201	Waveform 1	1	2965.074315301	2965.720865710	70.9	263.2
201	Spectrogram 1	1	2965.074315301	2965.720865710	70.9	263.2
202	Waveform 1	1	2969.969625539	2970.486865866	14.2	728.7
202	Spectrogram 1	1	2969.969625539	2970.486865866	14.2	728.7
203	Waveform 1	1	2970.597703079	2971.188834881	42.5	415.0
203	Spectrogram 1	1	2970.597703079	2971.188834881	42.5	415.0
204	Waveform 1	1	2976.693749790	2977.321827329	66.8	356.3
204	Spectrogram 1	1	2976.693749790	2977.321827329	66.8	356.3
205	Waveform 1	1	2977.765176181	2978.319362246	28.3	633.6
205	Spectrogram 1	1	2977.765176181	2978.319362246	28.3	633.6
206	Waveform 1	1	3001.809517170	3002.252866022	119.4	467.6
206	Spectrogram 1	1	3001.809517170	3002.252866022	119.4	467.6
207	Waveform 1	1	3033.002858392	3033.612463063	76.9	678.1
207	Spectrogram 1	1	3033.002858392	3033.612463063	76.9	678.1
208	Waveform 1	1	3037.343982565	3037.768858548	54.7	570.9
208	Spectrogram 1	1	3037.343982565	3037.768858548	54.7	570.9
209	Waveform 1	1	3039.080432234	3039.597672561	24.3	641.7
209	Spectrogram 1	1	3039.080432234	3039.597672561	24.3	641.7
210	Waveform 1	1	3042.002461664	3042.482756253	85.0	712.6
210	Spectrogram 1	1	3042.002461664	3042.482756253	85.0	712.6
211	Waveform 1	1	3045.142849363	3045.604671084	40.5	763.2
211	Spectrogram 1	1	3045.142849363	3045.604671084	40.5	763.2
212	Waveform 1	1	3048.449492882	3049.040624684	28.3	686.2
212	Spectrogram 1	1	3048.449492882	3049.040624684	28.3	686.2
213	Waveform 1	1	3052.107120909	3052.513524023	74.9	591.1
213	Spectrogram 1	1	3052.107120909	3052.513524023	74.9	591.1
214	Waveform 1	1	3055.265981477	3055.672384591	32.4	595.1
214	Spectrogram 1	1	3055.265981477	3055.672384591	32.4	595.1
215	Waveform 1	1	3058.480260652	3058.979028110	42.5	607.3
215	Spectrogram 1	1	3058.480260652	3058.979028110	42.5	607.3
216	Waveform 1	1	3061.343555319	3061.934687121	66.8	597.2
216	Spectrogram 1	1	3061.343555319	3061.934687121	66.8	597.2
217	Waveform 1	1	3064.410051543	3064.871873264	40.5	617.4
217	Spectrogram 1	1	3064.410051543	3064.871873264	40.5	617.4
218	Waveform 1	1	3067.450740683	3067.783252321	62.8	402.8
218	Spectrogram 1	1	3067.450740683	3067.783252321	62.8	402.8
219	Waveform 1	1	3070.517236907	3071.016004365	78.9	528.3
219	Spectrogram 1	1	3070.517236907	3071.016004365	78.9	528.3
220	Waveform 1	1	3073.325112968	3073.805407557	36.4	500.0
220	Spectrogram 1	1	3073.325112968	3073.805407557	36.4	500.0
221	Waveform 1	1	3079.587415498	3079.993818612	172.1	548.6
221	Spectrogram 1	1	3079.587415498	3079.993818612	172.1	548.6
222	Waveform 1	1	3088.602175482	3089.137888678	87.0	688.3
222	Spectrogram 1	1	3088.602175482	3089.137888678	87.0	688.3
223	Waveform 1	1	3091.613253100	3091.964237608	68.8	599.2
223	Spectrogram 1	1	3091.613253100	3091.964237608	68.8	599.2
224	Waveform 1	1	3094.672415109	3095.078818223	105.3	601.2
224	Spectrogram 1	1	3094.672415109	3095.078818223	105.3	601.2
225	Waveform 1	1	3097.720438464	3098.163787316	95.1	611.3
225	Spectrogram 1	1	3097.720438464	3098.163787316	95.1	611.3
226	Waveform 1	1	3100.768461819	3101.304175015	58.7	627.5
226	Spectrogram 1	1	3100.768461819	3101.304175015	58.7	627.5
227	Waveform 1	1	3109.653911722	3110.171152049	85.0	666.0
227	Spectrogram 1	1	3109.653911722	3110.171152049	85.0	666.0
228	Waveform 1	1	3113.274594011	3113.699469994	155.9	633.6
228	Spectrogram 1	1	3113.274594011	3113.699469994	155.9	633.6
229	Waveform 1	1	3123.999996580	3124.517236907	76.9	724.7
229	Spectrogram 1	1	3123.999996580	3124.517236907	76.9	724.7
230	Waveform 1	1	3129.745058783	3130.336190585	74.9	708.5
230	Spectrogram 1	1	3129.745058783	3130.336190585	74.9	708.5
231	Waveform 1	1	3136.746276066	3137.263516393	36.4	710.5
231	Spectrogram 1	1	3136.746276066	3137.263516393	36.4	710.5
232	Waveform 1	1	3142.805377039	3143.267198760	85.0	744.9
232	Spectrogram 1	1	3142.805377039	3143.267198760	85.0	744.9
233	Waveform 1	1	3151.591128382	3152.052950103	58.7	455.5
233	Spectrogram 1	1	3151.591128382	3152.052950103	58.7	455.5
234	Waveform 1	1	3155.064027720	3155.599740916	89.1	560.7
234	Spectrogram 1	1	3155.064027720	3155.599740916	89.1	560.7
235	Waveform 1	1	3158.148996814	3158.610818534	62.8	473.7
235	Spectrogram 1	1	3158.148996814	3158.610818534	62.8	473.7
236	Waveform 1	1	3161.270911644	3161.695787627	62.8	706.5
236	Spectrogram 1	1	3161.270911644	3161.695787627	62.8	706.5
237	Waveform 1	1	3164.559082294	3164.891593933	115.4	639.7
237	Spectrogram 1	1	3164.559082294	3164.891593933	115.4	639.7
238	Waveform 1	1	3169.897741384	3170.285671629	60.7	627.5
238	Spectrogram 1	1	3169.897741384	3170.285671629	60.7	627.5
239	Waveform 1	1	3175.543105027	3175.894089534	236.8	465.6
239	Spectrogram 1	1	3175.543105027	3175.894089534	236.8	465.6
240	Waveform 1	1	3194.644051387	3195.087400239	117.4	508.1
240	Spectrogram 1	1	3194.644051387	3195.087400239	117.4	508.1
241	Waveform 1	1	3196.990105728	3197.544291792	72.9	406.9
241	Spectrogram 1	1	3196.990105728	3197.544291792	72.9	406.9
242	Waveform 1	1	3205.424872563	3205.905167152	50.6	734.8
242	Spectrogram 1	1	3205.424872563	3205.905167152	50.6	734.8
243	Waveform 1	1	3208.472895918	3208.916244770	66.8	489.9
243	Spectrogram 1	1	3208.472895918	3208.916244770	66.8	489.9
244	Waveform 1	1	3211.668702224	3212.075105338	58.7	593.1
244	Spectrogram 1	1	3211.668702224	3212.075105338	58.7	593.1
245	Waveform 1	1	3214.919927137	3215.418694595	48.6	605.3
245	Spectrogram 1	1	3214.919927137	3215.418694595	48.6	605.3
246	Waveform 1	1	3218.078787705	3218.448245081	70.9	635.6
246	Spectrogram 1	1	3218.078787705	3218.448245081	70.9	635.6
247	Waveform 1	1	3221.145283929	3221.533214174	52.6	609.3
247	Spectrogram 1	1	3221.145283929	3221.533214174	52.6	609.3
248	Waveform 1	1	3224.193307285	3224.673601874	48.6	607.3
248	Spectrogram 1	1	3224.193307285	3224.673601874	48.6	607.3
249	Waveform 1	1	3230.762314369	3231.150244614	60.7	704.5
249	Spectrogram 1	1	3230.762314369	3231.150244614	60.7	704.5
250	Waveform 1	1	3236.082500589	3236.451957966	85.0	712.6
250	Spectrogram 1	1	3236.082500589	3236.451957966	85.0	712.6
251	Waveform 1	1	3244.746276066	3245.078787705	70.9	528.3
251	Spectrogram 1	1	3244.746276066	3245.078787705	70.9	528.3
252	Waveform 1	1	3252.098477857	3252.726555397	68.8	392.7
252	Spectrogram 1	1	3252.098477857	3252.726555397	68.8	392.7
253	Waveform 1	1	3258.390391909	3258.907632236	64.8	469.6
253	Spectrogram 1	1	3258.390391909	3258.907632236	64.8	469.6
254	Waveform 1	1	3260.625609036	3261.013539281	89.1	536.4
254	Spectrogram 1	1	3260.625609036	3261.013539281	89.1	536.4
255	Waveform 1	1	3266.407616977	3266.943330173	38.5	552.6
255	Spectrogram 1	1	3266.407616977	3266.943330173	38.5	552.6
256	Waveform 1	1	3269.621896152	3270.065245004	44.5	554.7
256	Spectrogram 1	1	3269.621896152	3270.065245004	44.5	554.7
257	Waveform 1	1	3282.878081749	3283.266011994	89.1	611.3
257	Spectrogram 1	1	3282.878081749	3283.266011994	89.1	611.3
258	Waveform 1	1	3291.578802964	3292.132989028	105.3	653.8
258	Spectrogram 1	1	3291.578802964	3292.132989028	105.3	653.8
259	Waveform 1	1	3296.695787627	3297.065245004	159.9	627.5
259	Spectrogram 1	1	3296.695787627	3297.065245004	159.9	627.5
260	Waveform 1	1	3300.205632703	3300.704400161	105.3	601.2
260	Spectrogram 1	1	3300.205632703	3300.704400161	105.3	601.2
262	Waveform 1	1	3308.917492571	3309.416260029	52.6	546.6
262	Spectrogram 1	1	3308.917492571	3309.416260029	52.6	546.6
263	Waveform 1	1	3315.807872641	3316.158857148	76.9	536.4
263	Spectrogram 1	1	3315.807872641	3316.158857148	76.9	536.4
264	Waveform 1	1	3318.855895996	3319.262299110	66.8	532.4
264	Spectrogram 1	1	3318.855895996	3319.262299110	66.8	532.4
265	Waveform 1	1	3322.882981399	3323.270911644	76.9	581.0
265	Spectrogram 1	1	3322.882981399	3323.270911644	76.9	581.0
266	Waveform 1	1	3330.290601796	3330.733950648	74.9	645.7
266	Spectrogram 1	1	3330.290601796	3330.733950648	74.9	645.7
267	Waveform 1	1	3354.371888522	3354.889128849	26.3	613.4
267	Spectrogram 1	1	3354.371888522	3354.889128849	26.3	613.4
268	Waveform 1	1	3357.364493271	3357.844787861	83.0	548.6
268	Spectrogram 1	1	3357.364493271	3357.844787861	83.0	548.6
269	Waveform 1	1	3360.338625152	3360.837392610	81.0	617.4
269	Spectrogram 1	1	3360.338625152	3360.837392610	81.0	617.4
270	Waveform 1	1	3364.321430601	3364.746306584	36.4	570.9
270	Spectrogram 1	1	3364.321430601	3364.746306584	36.4	570.9
271	Waveform 1	1	3370.805407557	3371.341120753	58.7	483.8
271	Spectrogram 1	1	3370.805407557	3371.341120753	58.7	483.8
272	Waveform 1	1	3413.525818923	3413.969167775	54.7	637.7
272	Spectrogram 1	1	3413.525818923	3413.969167775	54.7	637.7
273	Waveform 1	1	3419.725368631	3420.298027565	56.7	587.0
273	Spectrogram 1	1	3419.725368631	3420.298027565	56.7	587.0
274	Waveform 1	1	3422.847283462	3423.401469527	42.5	625.5
274	Spectrogram 1	1	3422.847283462	3423.401469527	42.5	625.5
275	Waveform 1	1	3426.061562637	3426.560330095	95.1	631.6
275	Spectrogram 1	1	3426.061562637	3426.560330095	95.1	631.6
276	Waveform 1	1	3429.035694517	3429.460570500	72.9	629.6
276	Spectrogram 1	1	3429.035694517	3429.460570500	72.9	629.6
277	Waveform 1	1	3432.157609348	3432.656376806	56.7	536.4
277	Spectrogram 1	1	3432.157609348	3432.656376806	56.7	536.4
278	Waveform 1	1	3435.297997047	3435.778291636	87.0	601.2
278	Spectrogram 1	1	3435.297997047	3435.778291636	87.0	601.2
279	Waveform 1	1	3438.198237452	3438.807842123	64.8	603.2
279	Spectrogram 1	1	3438.198237452	3438.807842123	64.8	603.2
280	Waveform 1	1	3441.264733676	3441.708082528	58.7	483.8
280	Spectrogram 1	1	3441.264733676	3441.708082528	58.7	483.8
281	Waveform 1	1	3463.498733521	3463.979028110	60.7	449.4
281	Spectrogram 1	1	3463.498733521	3463.979028110	60.7	449.4
282	Waveform 1	1	3468.671136790	3469.299214330	46.6	534.4
282	Spectrogram 1	1	3468.671136790	3469.299214330	46.6	534.4
283	Waveform 1	1	3471.600988717	3472.062810437	52.6	477.7
283	Spectrogram 1	1	3471.600988717	3472.062810437	52.6	477.7
284	Waveform 1	1	3474.759849285	3475.221671006	99.2	534.4
284	Spectrogram 1	1	3474.759849285	3475.221671006	99.2	534.4
285	Waveform 1	1	3477.863291247	3478.343585836	60.7	520.2
285	Spectrogram 1	1	3477.863291247	3478.343585836	60.7	520.2
286	Waveform 1	1	3481.132989028	3481.557865011	54.7	493.9
286	Spectrogram 1	1	3481.132989028	3481.557865011	54.7	493.9
287	Waveform 1	1	3484.070175171	3484.531996891	127.5	546.6
287	Spectrogram 1	1	3484.070175171	3484.531996891	127.5	546.6
288	Waveform 1	1	3496.668671707	3497.185912034	44.5	498.0
288	Spectrogram 1	1	3496.668671707	3497.185912034	44.5	498.0
289	Waveform 1	1	3514.229035739	3514.857113279	72.9	271.3
289	Spectrogram 1	1	3514.229035739	3514.857113279	72.9	271.3
290	Waveform 1	1	3522.227787939	3522.800446872	72.9	651.8
290	Spectrogram 1	1	3522.227787939	3522.800446872	72.9	651.8
291	Waveform 1	1	3528.796795023	3529.369453956	66.8	512.1
291	Spectrogram 1	1	3528.796795023	3529.369453956	66.8	512.1
292	Waveform 1	1	3531.992601329	3532.491368787	74.9	562.8
292	Spectrogram 1	1	3531.992601329	3532.491368787	74.9	562.8
293	Waveform 1	1	3535.262299110	3535.853430912	58.7	591.1
293	Spectrogram 1	1	3535.262299110	3535.853430912	58.7	591.1
294	Waveform 1	1	3539.030764350	3539.492586070	155.9	661.9
294	Spectrogram 1	1	3539.030764350	3539.492586070	155.9	661.9
295	Waveform 1	1	3544.812772290	3545.403904093	131.6	593.1
295	Spectrogram 1	1	3544.812772290	3545.403904093	131.6	593.1
296	Waveform 1	1	3549.737694050	3550.199515770	133.6	619.4
296	Spectrogram 1	1	3549.737694050	3550.199515770	133.6	619.4
297	Waveform 1	1	3556.073888055	3556.572655513	172.1	526.3
297	Spectrogram 1	1	3556.073888055	3556.572655513	172.1	526.3
298	Waveform 1	1	3559.214275755	3559.823880426	56.7	651.8
298	Spectrogram 1	1	3559.214275755	3559.823880426	56.7	651.8
299	Waveform 1	1	3562.354663454	3562.853430912	99.2	623.5
299	Spectrogram 1	1	3562.354663454	3562.853430912	99.2	623.5
300	Waveform 1	1	3565.476578285	3565.846035661	125.5	613.4
300	Spectrogram 1	1	3565.476578285	3565.846035661	125.5	613.4
301	Waveform 1	1	3571.166221882	3571.738880815	81.0	498.0
301	Spectrogram 1	1	3571.166221882	3571.738880815	81.0	498.0
303	Waveform 1	1	3610.923640021	3611.311570266	52.6	267.2
303	Spectrogram 1	1	3610.923640021	3611.311570266	52.6	267.2
304	Waveform 1	1	3611.662554774	3612.124376494	60.7	686.2
304	Spectrogram 1	1	3611.662554774	3612.124376494	60.7	686.2
305	Waveform 1	1	3614.876833949	3615.172399850	66.8	649.8
305	Spectrogram 1	1	3614.876833949	3615.172399850	66.8	649.8
306	Waveform 1	1	3617.943330173	3618.368206156	44.5	643.7
306	Spectrogram 1	1	3617.943330173	3618.368206156	44.5	643.7
307	Waveform 1	1	3620.917462053	3621.471648118	60.7	627.5
307	Spectrogram 1	1	3620.917462053	3621.471648118	60.7	627.5
308	Waveform 1	1	3624.187159834	3624.722873030	81.0	593.1
308	Spectrogram 1	1	3624.187159834	3624.722873030	81.0	593.1
309	Waveform 1	1	3627.253656058	3627.807842123	70.9	599.2
309	Spectrogram 1	1	3627.253656058	3627.807842123	70.9	599.2
310	Waveform 1	1	3632.222857771	3632.666206623	89.1	643.7
310	Spectrogram 1	1	3632.222857771	3632.666206623	89.1	643.7
311	Waveform 1	1	3646.070175171	3646.550469760	28.3	607.3
311	Spectrogram 1	1	3646.070175171	3646.550469760	28.3	607.3
312	Waveform 1	1	3652.277059095	3652.757353684	76.9	653.8
312	Spectrogram 1	1	3652.277059095	3652.757353684	76.9	653.8
313	Waveform 1	1	3655.472865401	3655.971632859	48.6	649.8
313	Spectrogram 1	1	3655.472865401	3655.971632859	48.6	649.8
314	Waveform 1	1	3658.613253100	3659.185912034	66.8	698.4
314	Spectrogram 1	1	3658.613253100	3659.185912034	66.8	698.4
315	Waveform 1	1	3661.949508141	3662.355911255	123.5	732.8
315	Spectrogram 1	1	3661.949508141	3662.355911255	123.5	732.8
316	Waveform 1	1	3665.237678791	3665.828810593	99.2	690.3
316	Spectrogram 1	1	3665.237678791	3665.828810593	99.2	690.3
317	Waveform 1	1	3668.470430835	3668.950725424	117.4	714.6
317	Spectrogram 1	1	3668.470430835	3668.950725424	117.4	714.6
318	Waveform 1	1	3670.502446405	3671.112051076	113.4	672.1
318	Spectrogram 1	1	3670.502446405	3671.112051076	113.4	672.1
319	Waveform 1	1	3671.740128616	3672.183477468	103.2	692.3
319	Spectrogram 1	1	3671.740128616	3672.183477468	103.2	692.3
320	Waveform 1	1	3674.954407791	3675.397756642	97.2	706.5
320	Spectrogram 1	1	3674.954407791	3675.397756642	97.2	706.5
321	Waveform 1	1	3682.602175482	3683.045524334	115.4	578.9
321	Spectrogram 1	1	3682.602175482	3683.045524334	115.4	578.9
322	Waveform 1	1	3685.816454657	3686.296749247	131.6	631.6
322	Spectrogram 1	1	3685.816454657	3686.296749247	131.6	631.6
323	Waveform 1	1	3695.045554852	3695.488903703	91.1	633.6
323	Spectrogram 1	1	3695.045554852	3695.488903703	91.1	633.6
324	Waveform 1	1	3703.395291559	3703.912531886	72.9	623.5
324	Spectrogram 1	1	3703.395291559	3703.912531886	72.9	623.5
325	Waveform 1	1	3706.406369176	3706.923609503	85.0	597.2
325	Spectrogram 1	1	3706.406369176	3706.923609503	85.0	597.2
326	Waveform 1	1	3709.823849908	3710.267198760	36.4	623.5
326	Spectrogram 1	1	3709.823849908	3710.267198760	36.4	623.5
327	Waveform 1	1	3713.075074821	3713.444532197	62.8	560.7
327	Spectrogram 1	1	3713.075074821	3713.444532197	62.8	560.7
328	Waveform 1	1	3716.374384124	3716.891624451	115.4	651.8
328	Spectrogram 1	1	3716.374384124	3716.891624451	115.4	651.8
329	Waveform 1	1	3719.607136167	3720.050485019	202.4	664.0
329	Spectrogram 1	1	3719.607136167	3720.050485019	202.4	664.0
330	Waveform 1	1	3724.188407635	3724.687175093	131.6	680.2
330	Spectrogram 1	1	3724.188407635	3724.687175093	131.6	680.2
331	Waveform 1	1	3733.387896308	3733.812772290	105.3	696.4
331	Spectrogram 1	1	3733.387896308	3733.812772290	105.3	696.4
332	Waveform 1	1	3738.948229823	3739.410051543	48.6	680.2
332	Spectrogram 1	1	3738.948229823	3739.410051543	48.6	680.2
333	Waveform 1	1	3746.958120675	3747.530779608	113.4	696.4
333	Spectrogram 1	1	3746.958120675	3747.530779608	113.4	696.4
334	Waveform 1	1	3760.129276144	3760.609570733	85.0	684.2
334	Spectrogram 1	1	3760.129276144	3760.609570733	85.0	684.2
335	Waveform 1	1	3767.075074821	3767.536896541	72.9	522.3
335	Spectrogram 1	1	3767.075074821	3767.536896541	72.9	522.3
336	Waveform 1	1	3770.355911255	3770.891624451	60.7	702.4
336	Spectrogram 1	1	3770.355911255	3770.891624451	60.7	702.4
337	Waveform 1	1	3777.671167308	3778.225353373	60.7	631.6
337	Spectrogram 1	1	3777.671167308	3778.225353373	60.7	631.6
338	Waveform 1	1	3781.107120909	3781.605888367	54.7	657.9
338	Spectrogram 1	1	3781.107120909	3781.605888367	54.7	657.9
339	Waveform 1	1	3797.651477156	3798.057880270	119.4	374.5
339	Spectrogram 1	1	3797.651477156	3798.057880270	119.4	374.5
340	Waveform 1	1	3811.949477623	3812.503663688	30.4	659.9
340	Spectrogram 1	1	3811.949477623	3812.503663688	30.4	659.9
341	Waveform 1	1	3814.258586226	3814.775826553	72.9	576.9
341	Spectrogram 1	1	3814.258586226	3814.775826553	72.9	576.9
342	Waveform 1	1	3815.200702536	3815.717942863	66.8	429.1
342	Spectrogram 1	1	3815.200702536	3815.717942863	66.8	429.1
343	Waveform 1	1	3818.544291792	3819.024586382	91.1	570.9
343	Spectrogram 1	1	3818.544291792	3819.024586382	91.1	570.9
344	Waveform 1	1	3821.566508063	3822.046802652	54.7	599.2
344	Spectrogram 1	1	3821.566508063	3822.046802652	54.7	599.2
345	Waveform 1	1	3824.854678713	3825.334973302	42.5	643.7
345	Spectrogram 1	1	3824.854678713	3825.334973302	42.5	643.7
346	Waveform 1	1	3828.124376494	3828.567725346	52.6	698.4
346	Spectrogram 1	1	3828.124376494	3828.567725346	52.6	698.4
347	Waveform 1	1	3831.338655669	3831.818950258	62.8	552.6
347	Spectrogram 1	1	3831.338655669	3831.818950258	62.8	552.6
348	Waveform 1	1	3835.144066646	3835.642834104	60.7	609.3
348	Spectrogram 1	1	3835.144066646	3835.642834104	60.7	609.3
349	Waveform 1	1	3838.136671395	3838.801694673	48.6	627.5
349	Spectrogram 1	1	3838.136671395	3838.801694673	48.6	627.5
350	Waveform 1	1	3841.498733521	3842.015973847	64.8	666.0
350	Spectrogram 1	1	3841.498733521	3842.015973847	64.8	666.0
351	Waveform 1	1	3844.639122272	3845.082471124	34.4	678.1
351	Spectrogram 1	1	3844.639122272	3845.082471124	34.4	678.1
352	Waveform 1	1	3847.742564234	3848.130494479	76.9	668.0
352	Spectrogram 1	1	3847.742564234	3848.130494479	76.9	668.0
353	Waveform 1	1	3864.194556138	3864.674850727	26.3	684.2
353	Spectrogram 1	1	3864.194556138	3864.674850727	26.3	684.2
354	Waveform 1	1	3898.879269567	3899.230254075	74.9	562.8
354	Spectrogram 1	1	3898.879269567	3899.230254075	74.9	562.8
355	Waveform 1	1	3930.940835624	3931.458075951	103.2	554.7
355	Spectrogram 1	1	3930.940835624	3931.458075951	103.2	554.7
356	Waveform 1	1	4039.938370540	4040.455610867	40.5	548.6
356	Spectrogram 1	1	4039.938370540	4040.455610867	40.5	548.6
357	Waveform 1	1	4045.805408609	4046.285703199	72.9	597.2
357	Spectrogram 1	1	4045.805408609	4046.285703199	72.9	597.2
358	Waveform 1	1	4048.871904834	4049.296780816	56.7	601.2
358	Spectrogram 1	1	4048.871904834	4049.296780816	56.7	601.2
359	Waveform 1	1	4052.067711140	4052.548005729	42.5	589.1
359	Spectrogram 1	1	4052.067711140	4052.548005729	42.5	589.1
360	Waveform 1	1	4055.041843020	4055.429773265	68.8	591.1
360	Spectrogram 1	1	4055.041843020	4055.429773265	68.8	591.1
361	Waveform 1	1	4058.145284982	4058.662525309	60.7	587.0
361	Spectrogram 1	1	4058.145284982	4058.662525309	60.7	587.0
362	Waveform 1	1	4061.082471124	4061.618184320	70.9	548.6
362	Spectrogram 1	1	4061.082471124	4061.618184320	70.9	548.6
363	Waveform 1	1	4064.056603004	4064.647734806	62.8	532.4
363	Spectrogram 1	1	4064.056603004	4064.647734806	62.8	532.4
364	Waveform 1	1	4067.547975211	4068.046742669	66.8	599.2
364	Spectrogram 1	1	4067.547975211	4068.046742669	66.8	599.2
365	Waveform 1	1	4070.385462794	4070.884230252	52.6	465.6
365	Spectrogram 1	1	4070.385462794	4070.884230252	52.6	465.6
366	Waveform 1	1	4073.747524919	4074.098509427	95.1	617.4
366	Spectrogram 1	1	4073.747524919	4074.098509427	95.1	617.4
367	Waveform 1	1	4077.275842864	4077.811556060	85.0	659.9
367	Spectrogram 1	1	4077.275842864	4077.811556060	85.0	659.9
368	Waveform 1	1	4080.508594908	4080.951943759	68.8	647.8
368	Spectrogram 1	1	4080.508594908	4080.951943759	68.8	647.8
369	Waveform 1	1	4083.722874082	4084.203168672	161.9	696.4
369	Spectrogram 1	1	4083.722874082	4084.203168672	161.9	696.4
370	Waveform 1	1	4087.602176535	4088.027052518	222.7	698.4
370	Spectrogram 1	1	4087.602176535	4088.027052518	222.7	698.4
371	Waveform 1	1	4098.113238894	4098.685897827	48.6	601.2
371	Spectrogram 1	1	4098.113238894	4098.685897827	48.6	601.2
372	Waveform 1	1	4101.929788524	4102.483974588	62.8	678.1
372	Spectrogram 1	1	4101.929788524	4102.483974588	62.8	678.1
373	Waveform 1	1	4102.964269178	4103.463036636	109.3	583.0
373	Spectrogram 1	1	4102.964269178	4103.463036636	109.3	583.0
374	Waveform 1	1	4111.018439983	4111.461788835	42.5	597.2
374	Spectrogram 1	1	4111.018439983	4111.461788835	42.5	597.2
375	Waveform 1	1	4114.103409077	4114.583703666	111.3	566.8
375	Spectrogram 1	1	4114.103409077	4114.583703666	111.3	566.8
376	Waveform 1	1	4117.225323907	4117.853401447	32.4	587.0
376	Spectrogram 1	1	4117.225323907	4117.853401447	32.4	587.0
377	Waveform 1	1	4124.355851272	4124.891564468	93.1	599.2
377	Spectrogram 1	1	4124.355851272	4124.891564468	93.1	599.2
378	Waveform 1	1	4127.655160575	4128.172400902	52.6	732.8
378	Spectrogram 1	1	4127.655160575	4128.172400902	52.6	732.8
379	Waveform 1	1	4134.988889497	4135.302928267	89.1	560.7
379	Spectrogram 1	1	4134.988889497	4135.302928267	89.1	560.7
380	Waveform 1	1	4141.472866453	4141.713013748	70.9	595.1
380	Spectrogram 1	1	4141.472866453	4141.713013748	70.9	595.1
381	Waveform 1	1	4163.817703510	4164.390362444	66.8	578.9
381	Spectrogram 1	1	4163.817703510	4164.390362444	66.8	578.9
382	Waveform 1	1	4167.050455554	4167.438385799	66.8	475.7
382	Spectrogram 1	1	4167.050455554	4167.438385799	66.8	475.7
383	Waveform 1	1	4169.932223090	4170.412517679	66.8	528.3
383	Spectrogram 1	1	4169.932223090	4170.412517679	66.8	528.3
384	Waveform 1	1	4173.017192183	4173.571378247	66.8	526.3
384	Spectrogram 1	1	4173.017192183	4173.571378247	66.8	526.3
385	Waveform 1	1	4176.379254308	4176.859548898	60.7	522.3
385	Spectrogram 1	1	4176.379254308	4176.859548898	60.7	522.3
386	Waveform 1	1	4184.222889341	4184.666238193	62.8	696.4
386	Spectrogram 1	1	4184.222889341	4184.666238193	62.8	696.4
387	Waveform 1	1	4195.713013748	4196.100943993	105.3	360.3
387	Spectrogram 1	1	4195.713013748	4196.100943993	105.3	360.3
388	Waveform 1	1	4200.405122428	4200.903889886	74.9	593.1
388	Spectrogram 1	1	4200.405122428	4200.903889886	74.9	593.1
389	Waveform 1	1	4201.882951934	4202.344773654	81.0	348.2
389	Spectrogram 1	1	4201.882951934	4202.344773654	81.0	348.2
390	Waveform 1	1	4210.114517212	4210.557866064	81.0	315.8
390	Spectrogram 1	1	4210.114517212	4210.557866064	81.0	315.8
391	Waveform 1	1	4222.288137765	4222.823850961	76.9	255.1
391	Spectrogram 1	1	4222.288137765	4222.823850961	76.9	255.1
392	Waveform 1	1	4224.985176613	4225.502416940	52.6	370.4
392	Spectrogram 1	1	4224.985176613	4225.502416940	52.6	370.4
393	Waveform 1	1	4254.940835624	4255.568913164	54.7	591.1
393	Spectrogram 1	1	4254.940835624	4255.568913164	54.7	591.1
394	Waveform 1	1	4258.007331848	4258.450680700	70.9	402.8
394	Spectrogram 1	1	4258.007331848	4258.450680700	70.9	402.8
395	Waveform 1	1	4261.472896971	4261.971664429	42.5	629.6
395	Spectrogram 1	1	4261.472896971	4261.971664429	42.5	629.6
396	Waveform 1	1	4264.576338932	4265.112052128	50.6	585.0
396	Spectrogram 1	1	4264.576338932	4265.112052128	50.6	585.0
397	Waveform 1	1	4267.698253763	4268.307858434	76.9	645.7
397	Spectrogram 1	1	4267.698253763	4268.307858434	76.9	645.7
398	Waveform 1	1	4270.838641463	4271.411300396	52.6	599.2
398	Spectrogram 1	1	4270.838641463	4271.411300396	52.6	599.2
399	Waveform 1	1	4274.126812113	4274.754889653	34.4	643.7
399	Spectrogram 1	1	4274.126812113	4274.754889653	34.4	643.7
400	Waveform 1	1	4277.248726943	4277.839858746	60.7	664.0
400	Spectrogram 1	1	4277.248726943	4277.839858746	60.7	664.0
401	Waveform 1	1	4283.511029474	4284.065215538	44.5	657.9
401	Spectrogram 1	1	4283.511029474	4284.065215538	44.5	657.9
402	Waveform 1	1	4290.652695491	4291.299245900	40.5	732.8
402	Spectrogram 1	1	4290.652695491	4291.299245900	40.5	732.8
403	Waveform 1	1	4297.653912774	4298.134207364	93.1	747.0
403	Spectrogram 1	1	4297.653912774	4298.134207364	93.1	747.0
404	Waveform 1	1	4301.052920637	4301.459323752	85.0	327.9
404	Spectrogram 1	1	4301.052920637	4301.459323752	85.0	327.9
405	Waveform 1	1	4310.215463573	4310.788122506	62.8	720.6
405	Spectrogram 1	1	4310.215463573	4310.788122506	62.8	720.6
406	Waveform 1	1	4313.263486928	4313.614471436	70.9	362.3
406	Spectrogram 1	1	4313.263486928	4313.614471436	70.9	362.3
407	Waveform 1	1	4316.470431887	4316.932253607	66.8	747.0
407	Spectrogram 1	1	4316.470431887	4316.932253607	66.8	747.0
408	Waveform 1	1	4319.647765324	4320.128059913	58.7	546.6
408	Spectrogram 1	1	4319.647765324	4320.128059913	58.7	546.6
409	Waveform 1	1	4322.714261548	4323.139137531	38.5	546.6
409	Spectrogram 1	1	4322.714261548	4323.139137531	38.5	546.6
410	Waveform 1	1	4325.947013592	4326.482726788	76.9	568.8
410	Spectrogram 1	1	4325.947013592	4326.482726788	76.9	568.8
411	Waveform 1	1	4329.124347029	4329.641587356	58.7	560.7
411	Spectrogram 1	1	4329.124347029	4329.641587356	58.7	560.7
412	Waveform 1	1	4332.301680466	4332.652664974	54.7	621.5
412	Spectrogram 1	1	4332.301680466	4332.652664974	54.7	621.5
413	Waveform 1	1	4337.363246523	4337.843541112	60.7	570.9
413	Spectrogram 1	1	4337.363246523	4337.843541112	60.7	570.9
414	Waveform 1	1	4344.043090820	4344.634222623	117.4	666.0
414	Spectrogram 1	1	4344.043090820	4344.634222623	117.4	666.0
415	Waveform 1	1	4400.185943604	4400.869439750	32.4	747.0
415	Spectrogram 1	1	4400.185943604	4400.869439750	32.4	747.0
416	Waveform 1	1	4406.632974822	4407.113269411	111.3	759.1
416	Spectrogram 1	1	4406.632974822	4407.113269411	111.3	759.1
417	Waveform 1	1	4409.828781128	4410.290602848	60.7	562.8
417	Spectrogram 1	1	4409.828781128	4410.290602848	60.7	562.8
418	Waveform 1	1	4413.061533172	4413.412517679	62.8	617.4
418	Spectrogram 1	1	4413.061533172	4413.412517679	62.8	617.4
419	Waveform 1	1	4416.164975133	4416.552905379	222.7	751.0
419	Spectrogram 1	1	4416.164975133	4416.552905379	222.7	751.0
420	Waveform 1	1	4423.066493856	4423.472896971	202.4	676.1
420	Spectrogram 1	1	4423.066493856	4423.472896971	202.4	676.1
421	Waveform 1	1	4436.274595063	4436.865726866	74.9	631.6
421	Spectrogram 1	1	4436.274595063	4436.865726866	74.9	631.6
422	Waveform 1	1	4439.267199812	4439.784440139	87.0	273.3
422	Spectrogram 1	1	4439.267199812	4439.784440139	87.0	273.3
423	Waveform 1	1	4442.426060381	4442.924827839	38.5	568.8
423	Spectrogram 1	1	4442.426060381	4442.924827839	38.5	568.8
424	Waveform 1	1	4445.547975211	4446.139107014	113.4	502.0
424	Spectrogram 1	1	4445.547975211	4446.139107014	113.4	502.0
425	Waveform 1	1	4448.946983074	4449.371859057	58.7	702.4
425	Spectrogram 1	1	4448.946983074	4449.371859057	58.7	702.4
426	Waveform 1	1	4452.024617951	4452.394075328	78.9	487.9
426	Spectrogram 1	1	4452.024617951	4452.394075328	78.9	487.9
427	Waveform 1	1	4455.035695569	4455.423625815	85.0	664.0
427	Spectrogram 1	1	4455.035695569	4455.423625815	85.0	664.0
428	Waveform 1	1	4462.092331459	4462.517207442	58.7	730.8
428	Spectrogram 1	1	4462.092331459	4462.517207442	58.7	730.8
429	Waveform 1	1	4475.669890042	4476.094766025	72.9	830.0
429	Spectrogram 1	1	4475.669890042	4476.094766025	72.9	830.0
430	Waveform 1	1	4479.560331147	4479.929788524	113.4	706.5
430	Spectrogram 1	1	4479.560331147	4479.929788524	113.4	706.5
431	Waveform 1	1	4485.637904989	4486.025835235	62.8	710.5
431	Spectrogram 1	1	4485.637904989	4486.025835235	62.8	710.5
432	Waveform 1	1	4488.815238426	4489.258587278	56.7	761.1
432	Spectrogram 1	1	4488.815238426	4489.258587278	56.7	761.1
433	Waveform 1	1	4495.410052595	4495.927292922	64.8	597.2
433	Spectrogram 1	1	4495.410052595	4495.927292922	64.8	597.2
434	Waveform 1	1	4499.658812424	4500.268417095	97.2	615.4
434	Spectrogram 1	1	4499.658812424	4500.268417095	97.2	615.4
436	Waveform 1	1	4505.341121805	4505.858362132	127.5	722.7
436	Spectrogram 1	1	4505.341121805	4505.858362132	127.5	722.7
437	Waveform 1	1	4511.677315811	4512.305393351	74.9	698.4
437	Spectrogram 1	1	4511.677315811	4512.305393351	74.9	698.4
438	Waveform 1	1	4515.926075639	4516.295533016	111.3	730.8
438	Spectrogram 1	1	4515.926075639	4516.295533016	111.3	730.8
439	Waveform 1	1	4526.233936441	4526.806595375	62.8	712.6
439	Spectrogram 1	1	4526.233936441	4526.806595375	62.8	712.6
440	Waveform 1	1	4574.913750221	4575.467936286	50.6	815.8
440	Spectrogram 1	1	4574.913750221	4575.467936286	50.6	815.8
441	Waveform 1	1	4577.777044888	4578.257339478	91.1	593.1
441	Spectrogram 1	1	4577.777044888	4578.257339478	91.1	593.1
442	Waveform 1	1	4580.935905457	4581.416200046	54.7	572.9
442	Spectrogram 1	1	4580.935905457	4581.416200046	54.7	572.9
443	Waveform 1	1	4583.762254386	4584.353386188	64.8	597.2
443	Spectrogram 1	1	4583.762254386	4584.353386188	64.8	597.2
444	Waveform 1	1	4586.673633444	4586.987672214	60.7	617.4
444	Spectrogram 1	1	4586.673633444	4586.987672214	60.7	617.4
445	Waveform 1	1	4589.850966881	4590.349734339	78.9	641.7
445	Spectrogram 1	1	4589.850966881	4590.349734339	78.9	641.7
446	Waveform 1	1	4593.009827449	4593.416230563	97.2	613.4
446	Spectrogram 1	1	4593.009827449	4593.416230563	97.2	613.4
447	Waveform 1	1	4597.295533016	4597.849719080	16.2	613.4
447	Spectrogram 1	1	4597.295533016	4597.849719080	16.2	613.4
448	Waveform 1	1	4603.816455710	4604.222858824	115.4	589.1
448	Spectrogram 1	1	4603.816455710	4604.222858824	115.4	589.1
449	Waveform 1	1	4609.857083814	4610.392797010	48.6	564.8
449	Spectrogram 1	1	4609.857083814	4610.392797010	48.6	564.8
450	Waveform 1	1	4670.610819586	4671.054168438	26.3	627.5
450	Spectrogram 1	1	4670.610819586	4671.054168438	26.3	627.5
451	Waveform 1	1	4676.965486461	4677.538145394	54.7	627.5
451	Spectrogram 1	1	4676.965486461	4677.538145394	54.7	627.5
452	Waveform 1	1	4680.179765636	4680.493804405	97.2	601.2
452	Spectrogram 1	1	4680.179765636	4680.493804405	97.2	601.2
453	Waveform 1	1	4683.412517679	4683.911285137	26.3	668.0
453	Spectrogram 1	1	4683.412517679	4683.911285137	26.3	668.0
454	Waveform 1	1	4686.571378247	4687.162510050	60.7	664.0
454	Spectrogram 1	1	4686.571378247	4687.162510050	60.7	664.0
455	Waveform 1	1	4689.785657422	4690.247479143	74.9	625.5
455	Spectrogram 1	1	4689.785657422	4690.247479143	74.9	625.5
456	Waveform 1	1	4693.103439594	4693.528315577	62.8	781.4
456	Spectrogram 1	1	4693.103439594	4693.528315577	62.8	781.4
457	Waveform 1	1	4699.882982451	4700.270912697	66.8	787.4
457	Spectrogram 1	1	4699.882982451	4700.270912697	66.8	787.4
458	Waveform 1	1	4706.607106702	4707.142819898	58.7	655.9
458	Spectrogram 1	1	4706.607106702	4707.142819898	58.7	655.9
459	Waveform 1	1	4712.001184398	4712.444533249	44.5	528.3
459	Spectrogram 1	1	4712.001184398	4712.444533249	44.5	528.3
460	Waveform 1	1	4715.658812424	4716.212998489	74.9	518.2
460	Spectrogram 1	1	4715.658812424	4716.212998489	74.9	518.2
461	Waveform 1	1	4719.205603238	4719.556587745	44.5	352.2
461	Spectrogram 1	1	4719.205603238	4719.556587745	44.5	352.2
462	Waveform 1	1	4724.019687784	4724.555400980	6.1	653.8
462	Spectrogram 1	1	4724.019687784	4724.555400980	6.1	653.8
463	Waveform 1	1	4727.400222778	4727.880517368	76.9	459.5
463	Spectrogram 1	1	4727.400222778	4727.880517368	76.9	459.5
464	Waveform 1	1	4735.251192027	4735.749959485	83.0	633.6
464	Spectrogram 1	1	4735.251192027	4735.749959485	83.0	633.6
465	Waveform 1	1	4741.790587590	4742.289355048	76.9	566.8
465	Spectrogram 1	1	4741.790587590	4742.289355048	76.9	566.8
466	Waveform 1	1	4755.841106546	4756.302928267	87.0	651.8
466	Spectrogram 1	1	4755.841106546	4756.302928267	87.0	651.8
467	Waveform 1	1	4760.293067932	4760.717943915	111.3	645.7
467	Spectrogram 1	1	4760.293067932	4760.717943915	111.3	645.7
468	Waveform 1	1	4764.837393662	4765.169905301	111.3	647.8
468	Spectrogram 1	1	4764.837393662	4765.169905301	111.3	647.8
469	Waveform 1	1	4768.088618574	4768.347238738	166.0	627.5
469	Spectrogram 1	1	4768.088618574	4768.347238738	166.0	627.5
470	Waveform 1	1	4788.290602848	4788.844788913	121.5	589.1
470	Spectrogram 1	1	4788.290602848	4788.844788913	121.5	589.1
471	Waveform 1	1	4796.067680622	4796.603393818	76.9	591.1
471	Spectrogram 1	1	4796.067680622	4796.603393818	76.9	591.1
472	Waveform 1	1	4802.174865986	4802.507377625	62.8	556.7
472	Spectrogram 1	1	4802.174865986	4802.507377625	62.8	556.7
473	Waveform 1	1	4806.626827372	4807.051703354	133.6	578.9
473	Spectrogram 1	1	4806.626827372	4807.051703354	133.6	578.9
474	Waveform 1	1	4816.232719158	4816.694540879	66.8	578.9
474	Spectrogram 1	1	4816.232719158	4816.694540879	66.8	578.9
475	Waveform 1	1	4822.624331770	4823.104626360	44.5	542.5
475	Spectrogram 1	1	4822.624331770	4823.104626360	44.5	542.5
476	Waveform 1	1	4825.967921027	4826.208068321	281.4	617.4
476	Spectrogram 1	1	4825.967921027	4826.208068321	281.4	617.4
477	Waveform 1	1	4829.119447379	4829.747524919	40.5	639.7
477	Spectrogram 1	1	4829.119447379	4829.747524919	40.5	639.7
478	Waveform 1	1	4832.167470735	4832.795548275	125.5	633.6
478	Spectrogram 1	1	4832.167470735	4832.795548275	125.5	633.6
479	Waveform 1	1	4835.381749909	4835.898990236	117.4	599.2
479	Spectrogram 1	1	4835.381749909	4835.898990236	117.4	599.2
480	Waveform 1	1	4872.634192105	4873.206851038	70.9	595.1
480	Spectrogram 1	1	4872.634192105	4873.206851038	70.9	595.1
481	Waveform 1	1	4879.210533405	4879.746246601	58.7	467.6
481	Spectrogram 1	1	4879.210533405	4879.746246601	58.7	467.6
482	Waveform 1	1	4882.842354347	4883.341121805	40.5	676.1
482	Spectrogram 1	1	4882.842354347	4883.341121805	40.5	676.1
483	Waveform 1	1	4885.982742046	4886.426090898	58.7	666.0
483	Spectrogram 1	1	4885.982742046	4886.426090898	58.7	666.0
484	Waveform 1	1	4889.400222778	4889.880517368	58.7	625.5
484	Spectrogram 1	1	4889.400222778	4889.880517368	58.7	625.5
485	Waveform 1	1	4894.443315966	4894.812773343	85.0	613.4
485	Spectrogram 1	1	4894.443315966	4894.812773343	85.0	613.4
486	Waveform 1	1	4901.019657267	4901.610789069	40.5	661.9
486	Spectrogram 1	1	4901.019657267	4901.610789069	40.5	661.9
487	Waveform 1	1	4910.359594674	4910.950726476	38.5	631.6
487	Spectrogram 1	1	4910.359594674	4910.950726476	38.5	631.6
488	Waveform 1	1	4916.658842942	4916.972881712	91.1	623.5
488	Spectrogram 1	1	4916.658842942	4916.972881712	91.1	623.5
489	Waveform 1	1	4919.743812035	4920.279525231	60.7	619.4
489	Spectrogram 1	1	4919.743812035	4920.279525231	60.7	619.4
490	Waveform 1	1	4922.995036947	4923.475331537	36.4	623.5
490	Spectrogram 1	1	4922.995036947	4923.475331537	36.4	623.5
491	Waveform 1	1	4925.987641696	4926.412517679	111.3	623.5
491	Spectrogram 1	1	4925.987641696	4926.412517679	111.3	623.5
492	Waveform 1	1	4929.091083658	4929.515959641	81.0	585.0
492	Spectrogram 1	1	4929.091083658	4929.515959641	81.0	585.0
493	Waveform 1	1	4933.339843487	4933.912502420	109.3	661.9
493	Spectrogram 1	1	4933.339843487	4933.912502420	109.3	661.9
494	Waveform 1	1	4937.886931508	4938.342396169	54.9	619.6
494	Spectrogram 1	1	4937.886931508	4938.342396169	54.9	619.6
495	Waveform 1	1	4945.265459007	4946.024566774	137.3	680.4
495	Spectrogram 1	1	4945.265459007	4946.024566774	137.3	680.4
496	Waveform 1	1	4951.429414077	4952.340343398	58.8	423.5
496	Spectrogram 1	1	4951.429414077	4952.340343398	58.8	423.5
497	Waveform 1	1	4962.026558509	4962.573116102	92.2	417.6
497	Spectrogram 1	1	4962.026558509	4962.573116102	92.2	417.6
498	Waveform 1	1	4967.224983432	4967.892998267	72.5	352.9
498	Spectrogram 1	1	4967.224983432	4967.892998267	72.5	352.9
499	Waveform 1	1	4979.340343398	4980.129815476	47.1	717.6
499	Spectrogram 1	1	4979.340343398	4980.129815476	47.1	717.6
500	Waveform 1	1	4983.378796720	4983.986082934	62.7	717.6
500	Spectrogram 1	1	4983.378796720	4983.986082934	62.7	717.6
501	Waveform 1	1	4986.840328139	4987.417250043	72.5	745.1
501	Spectrogram 1	1	4986.840328139	4987.417250043	72.5	745.1
502	Waveform 1	1	4987.994171946	4988.753279713	37.3	800.0
502	Spectrogram 1	1	4987.994171946	4988.753279713	37.3	800.0
503	Waveform 1	1	4991.917295819	4992.554946343	45.1	858.8
503	Spectrogram 1	1	4991.917295819	4992.554946343	45.1	858.8
504	Waveform 1	1	4995.318098617	4995.895020520	74.5	707.8
504	Spectrogram 1	1	4995.318098617	4995.895020520	74.5	707.8
505	Waveform 1	1	4996.684492598	4997.291778812	64.7	731.4
505	Spectrogram 1	1	4996.684492598	4997.291778812	64.7	731.4
506	Waveform 1	1	5000.388938502	5001.148046270	52.9	609.8
506	Spectrogram 1	1	5000.388938502	5001.148046270	52.9	609.8
507	Waveform 1	1	5004.397027514	5004.913220796	58.8	686.3
507	Spectrogram 1	1	5004.397027514	5004.913220796	58.8	686.3
508	Waveform 1	1	5015.176357810	5015.692551092	98.0	386.3
508	Spectrogram 1	1	5015.176357810	5015.692551092	98.0	386.3
509	Waveform 1	1	5029.544804561	5030.091362154	70.6	445.1
509	Spectrogram 1	1	5029.544804561	5030.091362154	70.6	445.1
510	Waveform 1	1	5038.411183284	5039.109562430	49.0	570.6
510	Spectrogram 1	1	5038.411183284	5039.109562430	49.0	570.6
511	Waveform 1	1	5042.388907985	5042.844372645	102.0	549.0
511	Spectrogram 1	1	5042.388907985	5042.844372645	102.0	549.0
512	Waveform 1	1	5047.131868247	5048.012433257	78.4	588.2
512	Spectrogram 1	1	5047.131868247	5048.012433257	78.4	588.2
513	Waveform 1	1	5051.322143122	5051.777607783	54.9	639.2
513	Spectrogram 1	1	5051.322143122	5051.777607783	54.9	639.2
514	Waveform 1	1	5055.178410580	5055.573146619	64.7	672.5
514	Spectrogram 1	1	5055.178410580	5055.573146619	64.7	672.5
515	Waveform 1	1	5075.680448092	5076.166277063	84.3	313.7
515	Spectrogram 1	1	5075.680448092	5076.166277063	84.3	313.7
516	Waveform 1	1	5122.174335557	5122.781621771	74.5	666.7
516	Spectrogram 1	1	5122.174335557	5122.781621771	74.5	666.7
517	Waveform 1	1	5138.243183707	5138.971927164	90.2	656.9
517	Spectrogram 1	1	5138.243183707	5138.971927164	90.2	656.9
518	Waveform 1	1	5148.233041925	5148.809963829	51.0	676.5
518	Spectrogram 1	1	5148.233041925	5148.809963829	51.0	676.5
519	Waveform 1	1	5159.595421918	5160.324165375	78.4	735.3
519	Spectrogram 1	1	5159.595421918	5160.324165375	78.4	735.3
520	Waveform 1	1	5163.816061105	5164.392983008	70.6	658.8
520	Spectrogram 1	1	5163.816061105	5164.392983008	70.6	658.8
521	Waveform 1	1	5169.129815476	5169.828194622	111.8	725.5
521	Spectrogram 1	1	5169.129815476	5169.828194622	111.8	725.5
522	Waveform 1	1	5172.986082934	5173.502276216	272.5	531.4
522	Spectrogram 1	1	5172.986082934	5173.502276216	272.5	531.4
523	Waveform 1	1	5187.506351239	5188.265459007	58.8	741.2
523	Spectrogram 1	1	5187.506351239	5188.265459007	58.8	741.2
524	Waveform 1	1	5231.449636606	5232.056922820	45.1	403.9
524	Spectrogram 1	1	5231.449636606	5232.056922820	45.1	403.9
525	Waveform 1	1	5236.678425839	5237.407169296	82.4	454.9
525	Spectrogram 1	1	5236.678425839	5237.407169296	82.4	454.9
526	Waveform 1	1	5250.433458583	5251.040744797	82.4	556.9
526	Spectrogram 1	1	5250.433458583	5251.040744797	82.4	556.9
527	Waveform 1	1	5252.133859982	5252.528596021	68.6	519.6
527	Spectrogram 1	1	5252.133859982	5252.528596021	68.6	519.6
528	Waveform 1	1	5295.141979511	5295.658172793	102.0	247.1
528	Spectrogram 1	1	5295.141979511	5295.658172793	102.0	247.1
529	Waveform 1	1	5300.273548018	5300.911198543	131.4	347.1
529	Spectrogram 1	1	5300.273548018	5300.911198543	131.4	347.1
530	Waveform 1	1	5340.913251313	5341.490173216	88.2	333.3
530	Spectrogram 1	1	5340.913251313	5341.490173216	88.2	333.3
531	Waveform 1	1	5373.743198966	5374.441578112	135.3	388.2
531	Spectrogram 1	1	5373.743198966	5374.441578112	135.3	388.2
532	Waveform 1	1	5390.747212954	5391.293770547	86.3	494.1
532	Spectrogram 1	1	5390.747212954	5391.293770547	86.3	494.1
533	Waveform 1	1	5393.631822470	5394.482023170	123.5	402.0
533	Spectrogram 1	1	5393.631822470	5394.482023170	123.5	402.0
534	Waveform 1	1	5399.892998267	5400.682470345	37.3	570.6
534	Spectrogram 1	1	5399.892998267	5400.682470345	37.3	570.6
535	Waveform 1	1	5403.870722968	5404.447644871	70.6	531.4
535	Spectrogram 1	1	5403.870722968	5404.447644871	70.6	531.4
536	Waveform 1	1	5404.751287978	5405.419302813	60.8	231.4
536	Spectrogram 1	1	5404.751287978	5405.419302813	60.8	231.4
537	Waveform 1	1	5407.544804561	5408.060997843	105.9	705.9
537	Spectrogram 1	1	5407.544804561	5408.060997843	105.9	705.9
538	Waveform 1	1	5408.729012679	5409.275570271	54.9	745.1
538	Spectrogram 1	1	5408.729012679	5409.275570271	54.9	745.1
539	Waveform 1	1	5409.761399242	5410.429414077	115.7	296.1
539	Spectrogram 1	1	5409.761399242	5410.429414077	115.7	296.1
540	Waveform 1	1	5412.737101690	5413.465845147	23.5	662.7
540	Spectrogram 1	1	5412.737101690	5413.465845147	23.5	662.7
541	Waveform 1	1	5417.595391401	5418.172313304	58.8	629.4
541	Spectrogram 1	1	5417.595391401	5418.172313304	58.8	629.4
542	Waveform 1	1	5419.933443324	5420.571093849	70.6	421.6
542	Spectrogram 1	1	5419.933443324	5420.571093849	70.6	421.6
543	Waveform 1	1	5421.542751791	5422.210766626	68.6	707.8
543	Spectrogram 1	1	5421.542751791	5422.210766626	68.6	707.8
544	Waveform 1	1	5425.162232557	5425.739154460	52.9	352.9
544	Spectrogram 1	1	5425.162232557	5425.739154460	52.9	352.9
545	Waveform 1	1	5426.437533606	5427.227005684	27.5	694.1
545	Spectrogram 1	1	5426.437533606	5427.227005684	27.5	694.1
546	Waveform 1	1	5430.597444171	5431.326187628	49.0	684.3
546	Spectrogram 1	1	5430.597444171	5431.326187628	49.0	684.3
547	Waveform 1	1	5434.453711629	5435.030633533	62.7	441.2
547	Spectrogram 1	1	5434.453711629	5435.030633533	62.7	441.2
548	Waveform 1	1	5438.795808059	5439.281637030	113.7	478.4
548	Spectrogram 1	1	5438.795808059	5439.281637030	113.7	478.4
549	Waveform 1	1	5513.328209881	5514.148046270	84.3	674.5
549	Spectrogram 1	1	5513.328209881	5514.148046270	84.3	674.5
550	Waveform 1	1	5532.615674965	5533.010411004	37.3	347.1
550	Spectrogram 1	1	5532.615674965	5533.010411004	37.3	347.1
551	Waveform 1	1	5542.696626115	5543.425369572	60.8	374.5
551	Spectrogram 1	1	5542.696626115	5543.425369572	60.8	374.5
552	Waveform 1	1	5547.646008758	5548.314023593	74.5	366.7
552	Spectrogram 1	1	5547.646008758	5548.314023593	74.5	366.7
553	Waveform 1	1	5557.793816323	5558.249280984	164.7	335.3
553	Spectrogram 1	1	5557.793816323	5558.249280984	164.7	335.3
554	Waveform 1	1	5561.255347742	5562.014455510	92.2	282.4
554	Spectrogram 1	1	5561.255347742	5562.014455510	92.2	282.4
555	Waveform 1	1	5567.783674541	5568.573146619	49.0	370.6
555	Spectrogram 1	1	5567.783674541	5568.573146619	49.0	370.6
556	Waveform 1	1	5598.913220796	5599.915243048	52.9	600.0
556	Spectrogram 1	1	5598.913220796	5599.915243048	52.9	600.0
557	Waveform 1	1	5607.870692450	5608.599435907	27.5	560.8
557	Spectrogram 1	1	5607.870692450	5608.599435907	27.5	560.8
558	Waveform 1	1	5612.067095119	5612.704745644	84.3	694.1
558	Spectrogram 1	1	5612.067095119	5612.704745644	84.3	694.1
559	Waveform 1	1	5678.030633533	5678.850469921	64.7	335.3
559	Spectrogram 1	1	5678.030633533	5678.850469921	64.7	335.3
560	Waveform 1	1	5709.949651865	5710.344387904	52.9	325.5
560	Spectrogram 1	1	5709.949651865	5710.344387904	52.9	325.5
561	Waveform 1	1	5710.617666700	5711.194588603	70.6	329.4
561	Spectrogram 1	1	5710.617666700	5711.194588603	70.6	329.4
562	Waveform 1	1	5738.862603439	5739.591346895	47.1	543.1
562	Spectrogram 1	1	5738.862603439	5739.591346895	47.1	543.1
563	Waveform 1	1	5742.840328139	5743.569071596	45.1	619.6
563	Spectrogram 1	1	5742.840328139	5743.569071596	45.1	619.6
564	Waveform 1	1	5747.735109955	5748.494217722	21.6	725.5
564	Spectrogram 1	1	5747.735109955	5748.494217722	21.6	725.5
565	Waveform 1	1	5751.803927588	5752.289756559	84.3	552.9
565	Spectrogram 1	1	5751.803927588	5752.289756559	84.3	552.9
566	Waveform 1	1	5756.662217298	5757.330232134	49.0	705.9
566	Spectrogram 1	1	5756.662217298	5757.330232134	49.0	705.9
567	Waveform 1	1	5760.670306310	5761.186499592	70.6	631.4
567	Spectrogram 1	1	5760.670306310	5761.186499592	70.6	631.4
568	Waveform 1	1	5765.498231710	5766.105517924	56.9	568.6
568	Spectrogram 1	1	5765.498231710	5766.105517924	56.9	568.6
569	Waveform 1	1	5769.324134858	5769.931421071	66.7	602.0
569	Spectrogram 1	1	5769.324134858	5769.931421071	66.7	602.0
570	Waveform 1	1	5774.218916673	5774.886931508	39.2	751.0
570	Spectrogram 1	1	5774.218916673	5774.886931508	39.2	751.0
571	Waveform 1	1	5778.196641374	5778.925384830	74.5	725.5
571	Spectrogram 1	1	5778.196641374	5778.925384830	74.5	725.5
572	Waveform 1	1	5782.933473842	5783.571124366	41.2	602.0
572	Spectrogram 1	1	5782.933473842	5783.571124366	41.2	602.0
573	Waveform 1	1	5786.698648368	5787.366663203	60.8	694.1
573	Spectrogram 1	1	5786.698648368	5787.366663203	60.8	694.1
574	Waveform 1	1	5791.314023593	5792.164224293	64.7	639.2
574	Spectrogram 1	1	5791.314023593	5792.164224293	64.7	639.2
575	Waveform 1	1	5795.200655362	5795.899034508	68.6	617.6
575	Spectrogram 1	1	5795.200655362	5795.899034508	68.6	617.6
576	Waveform 1	1	5799.876759209	5800.575138355	54.9	698.0
576	Spectrogram 1	1	5799.876759209	5800.575138355	54.9	698.0
577	Waveform 1	1	5803.739154460	5804.467897917	82.4	731.4
577	Spectrogram 1	1	5803.739154460	5804.467897917	82.4	731.4
578	Waveform 1	1	5807.747243472	5808.233072443	72.5	731.4
578	Spectrogram 1	1	5807.747243472	5808.233072443	72.5	731.4
579	Waveform 1	1	5814.761399242	5815.368685456	52.9	241.2
579	Spectrogram 1	1	5814.761399242	5815.368685456	52.9	241.2
580	Waveform 1	1	5825.328179363	5826.087287131	29.4	164.7
580	Spectrogram 1	1	5825.328179363	5826.087287131	29.4	164.7
581	Waveform 1	1	5846.589324642	5847.196610856	49.0	923.5
581	Spectrogram 1	1	5846.589324642	5847.196610856	49.0	923.5
582	Waveform 1	1	5848.107540177	5848.714826391	133.3	249.0
582	Spectrogram 1	1	5848.107540177	5848.714826391	133.3	249.0
583	Waveform 1	1	5836.326187628	5837.297845570	78.4	251.0
583	Spectrogram 1	1	5836.326187628	5837.297845570	78.4	251.0
585	Waveform 1	1	5878.022514003	5878.811986082	70.6	602.0
585	Spectrogram 1	1	5878.022514003	5878.811986082	70.6	602.0
586	Waveform 1	1	5884.283689800	5885.042797567	29.4	619.6
586	Spectrogram 1	1	5884.283689800	5885.042797567	29.4	619.6
587	Waveform 1	1	5893.362618697	5894.152090775	68.6	625.5
587	Spectrogram 1	1	5893.362618697	5894.152090775	68.6	625.5
588	Waveform 1	1	5887.927407083	5888.565057608	64.7	407.8
588	Spectrogram 1	1	5887.927407083	5888.565057608	64.7	407.8
589	Waveform 1	1	5907.700701138	5908.550901838	129.4	415.7
589	Spectrogram 1	1	5907.700701138	5908.550901838	129.4	415.7
590	Waveform 1	1	5960.814008334	5961.360565927	129.4	490.2
590	Spectrogram 1	1	5960.814008334	5961.360565927	129.4	490.2
591	Waveform 1	1	6005.583257884	6006.312001340	96.1	484.3
591	Spectrogram 1	1	6005.583257884	6006.312001340	96.1	484.3
592	Waveform 1	1	6017.674381333	6018.463853411	74.5	547.1
592	Spectrogram 1	1	6017.674381333	6018.463853411	74.5	547.1
593	Waveform 1	1	6086.765443748	6087.403094272	141.2	356.9
593	Spectrogram 1	1	6086.765443748	6087.403094272	141.2	356.9
594	Waveform 1	1	6093.233041925	6093.961785382	127.5	407.8
594	Spectrogram 1	1	6093.233041925	6093.961785382	127.5	407.8
595	Waveform 1	1	6098.492195469	6099.099481683	164.7	372.5
595	Spectrogram 1	1	6098.492195469	6099.099481683	164.7	372.5
596	Waveform 1	1	6138.639941999	6139.277592524	160.8	400.0
596	Spectrogram 1	1	6138.639941999	6139.277592524	160.8	400.0
597	Waveform 1	1	6145.775555012	6146.473934158	68.6	560.8
597	Spectrogram 1	1	6145.775555012	6146.473934158	68.6	560.8
598	Waveform 1	1	6244.818083358	6245.516462504	62.7	264.7
598	Spectrogram 1	1	6244.818083358	6245.516462504	62.7	264.7
599	Waveform 1	1	6260.158188052	6260.947660130	74.5	490.2
599	Spectrogram 1	1	6260.158188052	6260.947660130	74.5	490.2
600	Waveform 1	1	6285.026558509	6285.390930238	82.4	439.2
600	Spectrogram 1	1	6285.026558509	6285.390930238	82.4	439.2
601	Waveform 1	1	6285.512387480	6285.967852141	78.4	437.3
601	Spectrogram 1	1	6285.512387480	6285.967852141	78.4	437.3
602	Waveform 1	1	6455.079228637	6455.656150540	35.3	288.2
602	Spectrogram 1	1	6455.079228637	6455.656150540	35.3	288.2
603	Waveform 1	1	6473.400858396	6474.099237542	143.1	382.4
603	Spectrogram 1	1	6473.400858396	6474.099237542	143.1	382.4
604	Waveform 1	1	6535.113393313	6535.781408148	80.4	368.6
604	Spectrogram 1	1	6535.113393313	6535.781408148	80.4	368.6
605	Waveform 1	1	6541.702448733	6542.370463568	41.2	268.6
605	Spectrogram 1	1	6541.702448733	6542.370463568	41.2	268.6
606	Waveform 1	1	6569.552649432	6570.159935646	133.3	303.9
606	Spectrogram 1	1	6569.552649432	6570.159935646	133.3	303.9
607	Waveform 1	1	6636.311787717	6636.979802553	72.5	217.6
607	Spectrogram 1	1	6636.311787717	6636.979802553	72.5	217.6
608	Waveform 1	1	6642.718657274	6643.447400730	103.9	245.1
608	Spectrogram 1	1	6642.718657274	6643.447400730	103.9	245.1
609	Waveform 1	1	6697.781408148	6698.540515915	115.7	354.9
609	Spectrogram 1	1	6697.781408148	6698.540515915	115.7	354.9
610	Waveform 1	1	6730.368441315	6731.157913393	98.0	356.9
610	Spectrogram 1	1	6730.368441315	6731.157913393	98.0	356.9
611	Waveform 1	1	6769.581022008	6770.127579600	35.3	323.5
611	Spectrogram 1	1	6769.581022008	6770.127579600	35.3	323.5
612	Waveform 1	1	6812.795563918	6813.463578753	103.9	427.5
612	Spectrogram 1	1	6812.795563918	6813.463578753	103.9	427.5
613	Waveform 1	1	6813.554671685	6814.192322210	90.2	415.7
613	Spectrogram 1	1	6813.554671685	6814.192322210	90.2	415.7
614	Waveform 1	1	6910.568644350	6911.054473321	72.5	386.3
614	Spectrogram 1	1	6910.568644350	6911.054473321	72.5	386.3
615	Waveform 1	1	6911.175930564	6911.874309710	82.4	460.8
615	Spectrogram 1	1	6911.175930564	6911.874309710	82.4	460.8
616	Waveform 1	1	6922.386489003	6922.902682285	70.6	464.7
616	Spectrogram 1	1	6922.386489003	6922.902682285	70.6	464.7
617	Waveform 1	1	6923.175961081	6923.692154363	80.4	349.0
617	Spectrogram 1	1	6923.175961081	6923.692154363	80.4	349.0
618	Waveform 1	1	6938.175930564	6939.117224195	70.6	358.8
618	Spectrogram 1	1	6938.175930564	6939.117224195	70.6	358.8
619	Waveform 1	1	6944.437106360	6945.105121196	68.6	368.6
619	Spectrogram 1	1	6944.437106360	6945.105121196	68.6	368.6
620	Waveform 1	1	6950.722518674	6951.785269548	80.4	354.9
620	Spectrogram 1	1	6950.722518674	6951.785269548	80.4	354.9
622	Waveform 1	1	6997.465448418	6998.072734632	76.5	370.6
622	Spectrogram 1	1	6997.465448418	6998.072734632	76.5	370.6
623	Waveform 1	1	7001.291351565	7002.141552265	88.2	268.6
623	Spectrogram 1	1	7001.291351565	7002.141552265	88.2	268.6
624	Waveform 1	1	7005.238711956	7005.694176616	62.7	382.4
624	Spectrogram 1	1	7005.238711956	7005.694176616	62.7	382.4
625	Waveform 1	1	7005.754905237	7006.210369898	60.8	374.5
625	Spectrogram 1	1	7005.754905237	7006.210369898	60.8	374.5
626	Waveform 1	1	7009.246800967	7009.732629938	76.5	284.3
626	Spectrogram 1	1	7009.246800967	7009.732629938	76.5	284.3
627	Waveform 1	1	7013.042339804	7013.558533086	86.3	331.4
627	Spectrogram 1	1	7013.042339804	7013.558533086	86.3	331.4
628	Waveform 1	1	7016.959335883	7017.475529165	90.2	268.6
628	Spectrogram 1	1	7016.959335883	7017.475529165	90.2	268.6
629	Waveform 1	1	7020.845967652	7021.392525244	74.5	272.5
629	Spectrogram 1	1	7020.845967652	7021.392525244	74.5	272.5
630	Waveform 1	1	7024.586905661	7025.194191875	76.5	303.9
630	Spectrogram 1	1	7024.586905661	7025.194191875	76.5	303.9
631	Waveform 1	1	7028.564630362	7029.050459333	98.0	315.7
631	Spectrogram 1	1	7028.564630362	7029.050459333	98.0	315.7
632	Waveform 1	1	7032.208347645	7032.845998169	86.3	417.6
632	Spectrogram 1	1	7032.208347645	7032.845998169	86.3	417.6
633	Waveform 1	1	7036.094979414	7036.823722870	129.4	333.3
633	Spectrogram 1	1	7036.094979414	7036.823722870	129.4	333.3
634	Waveform 1	1	7039.920882561	7040.558533086	94.1	462.7
634	Spectrogram 1	1	7039.920882561	7040.558533086	94.1	462.7
635	Waveform 1	1	7047.724510409	7048.483618176	141.2	482.4
635	Spectrogram 1	1	7047.724510409	7048.483618176	141.2	482.4
636	Waveform 1	1	7051.677998593	7052.497834982	70.6	476.5
636	Spectrogram 1	1	7051.677998593	7052.497834982	70.6	476.5
637	Waveform 1	1	7055.837909158	7056.536288304	121.6	333.3
637	Spectrogram 1	1	7055.837909158	7056.536288304	121.6	333.3
638	Waveform 1	1	7059.511990752	7060.149641276	125.5	321.6
638	Spectrogram 1	1	7059.511990752	7060.149641276	125.5	321.6
639	Waveform 1	1	7082.291351565	7082.989730711	127.5	443.1
639	Spectrogram 1	1	7082.291351565	7082.989730711	127.5	443.1
640	Waveform 1	1	7083.627381236	7084.204303139	111.8	417.6
640	Spectrogram 1	1	7083.627381236	7084.204303139	111.8	417.6
641	Waveform 1	1	7089.001864229	7089.609150443	105.9	419.6
641	Spectrogram 1	1	7089.001864229	7089.609150443	105.9	419.6
643	Waveform 1	1	7196.193947734	7196.770869637	109.8	498.0
643	Spectrogram 1	1	7196.193947734	7196.770869637	109.8	498.0
644	Waveform 1	1	7229.995553329	7231.027939893	100.0	337.3
644	Spectrogram 1	1	7229.995553329	7231.027939893	100.0	337.3
645	Waveform 1	1	7235.066393215	7235.795136672	129.4	370.6
645	Spectrogram 1	1	7235.066393215	7235.795136672	129.4	370.6
646	Waveform 1	1	7237.586631003	7238.254645838	115.7	296.1
646	Spectrogram 1	1	7237.586631003	7238.254645838	115.7	296.1
647	Waveform 1	1	7239.894318615	7240.865976558	103.9	341.2
647	Spectrogram 1	1	7239.894318615	7240.865976558	103.9	341.2
648	Waveform 1	1	7242.505649335	7243.082571238	103.9	500.0
648	Spectrogram 1	1	7242.505649335	7243.082571238	103.9	500.0
649	Waveform 1	1	7249.708118763	7250.285040666	105.9	515.7
649	Spectrogram 1	1	7249.708118763	7250.285040666	105.9	515.7
650	Waveform 1	1	7254.019850881	7254.627137095	60.8	352.9
650	Spectrogram 1	1	7254.019850881	7254.627137095	60.8	352.9
651	Waveform 1	1	7254.748594338	7255.477337795	90.2	290.2
651	Spectrogram 1	1	7254.748594338	7255.477337795	90.2	290.2
652	Waveform 1	1	7257.633203854	7258.179761446	160.8	364.7
652	Spectrogram 1	1	7257.633203854	7258.179761446	160.8	364.7
653	Waveform 1	1	7259.090690767	7259.758705602	84.3	411.8
653	Spectrogram 1	1	7259.090690767	7259.758705602	84.3	411.8
654	Waveform 1	1	7264.009709100	7264.495538071	98.0	409.8
654	Spectrogram 1	1	7264.009709100	7264.495538071	98.0	409.8
655	Waveform 1	1	7268.625084325	7269.353827782	94.1	386.3
655	Spectrogram 1	1	7268.625084325	7269.353827782	94.1	386.3
656	Waveform 1	1	7269.839656753	7270.507671588	109.8	388.2
656	Spectrogram 1	1	7269.839656753	7270.507671588	109.8	388.2
657	Waveform 1	1	7275.736460821	7276.161561171	121.6	474.5
657	Spectrogram 1	1	7275.736460821	7276.161561171	121.6	474.5
658	Waveform 1	1	7276.222289792	7276.890304627	129.4	460.8
658	Spectrogram 1	1	7276.222289792	7276.890304627	129.4	460.8
659	Waveform 1	1	7361.928757949	7362.596772785	66.7	335.3
659	Spectrogram 1	1	7361.928757949	7362.596772785	66.7	335.3
660	Waveform 1	1	7366.878140592	7367.971255777	70.6	243.1
660	Spectrogram 1	1	7366.878140592	7367.971255777	70.6	243.1
662	Waveform 1	1	7387.410542415	7388.200014493	56.9	202.0
662	Spectrogram 1	1	7387.410542415	7388.200014493	56.9	202.0
663	Waveform 1	1	7413.226334298	7414.046170686	64.7	413.7
663	Spectrogram 1	1	7413.226334298	7414.046170686	64.7	413.7
664	Waveform 1	1	7418.418631426	7419.511746611	78.4	437.3
664	Spectrogram 1	1	7418.418631426	7419.511746611	78.4	437.3
665	Waveform 1	1	7443.019850881	7443.778958649	84.3	288.2
665	Spectrogram 1	1	7443.019850881	7443.778958649	84.3	288.2
666	Waveform 1	1	7580.114988319	7580.600817290	76.5	364.7
666	Spectrogram 1	1	7580.114988319	7580.600817290	76.5	364.7
667	Waveform 1	1	7580.783003155	7581.238467815	78.4	358.8
667	Spectrogram 1	1	7580.783003155	7581.238467815	78.4	358.8
668	Waveform 1	1	7592.199983975	7592.594720014	62.7	419.6
668	Spectrogram 1	1	7592.199983975	7592.594720014	62.7	419.6
669	Waveform 1	1	7592.807270189	7593.505649335	88.2	478.4
669	Spectrogram 1	1	7592.807270189	7593.505649335	88.2	478.4
670	Waveform 1	1	7603.319449483	7604.017828629	121.6	396.1
670	Spectrogram 1	1	7603.319449483	7604.017828629	121.6	396.1
671	Waveform 1	1	7607.752638844	7608.390289368	72.5	384.3
671	Spectrogram 1	1	7607.752638844	7608.390289368	72.5	384.3
672	Waveform 1	1	7613.764772361	7614.584608750	68.6	431.4
672	Spectrogram 1	1	7613.764772361	7614.584608750	68.6	431.4
673	Waveform 1	1	7785.335658023	7785.912579926	52.9	243.1
673	Spectrogram 1	1	7785.335658023	7785.912579926	52.9	243.1
674	Waveform 1	1	7784.485457324	7785.305293713	64.7	205.9
674	Spectrogram 1	1	7784.485457324	7785.305293713	64.7	205.9
675	Waveform 1	1	7816.283018413	7817.224312045	149.0	433.3
675	Spectrogram 1	1	7816.283018413	7817.224312045	149.0	433.3
676	Waveform 1	1	7821.596772785	7822.507702105	103.9	358.8
676	Spectrogram 1	1	7821.596772785	7822.507702105	103.9	358.8
677	Waveform 1	1	7886.436831702	7887.104846537	94.1	411.8
677	Spectrogram 1	1	7886.436831702	7887.104846537	94.1	411.8
678	Waveform 1	1	7887.195939469	7887.712132751	103.9	400.0
678	Spectrogram 1	1	7887.195939469	7887.712132751	103.9	400.0
679	Waveform 1	1	7898.467226530	7899.013784123	117.6	411.8
679	Spectrogram 1	1	7898.467226530	7899.013784123	117.6	411.8
680	Waveform 1	1	7899.256698608	7899.742527579	123.5	456.9
680	Spectrogram 1	1	7899.256698608	7899.742527579	123.5	456.9
681	Waveform 1	1	7911.584608750	7912.252623585	82.4	337.3
681	Spectrogram 1	1	7911.584608750	7912.252623585	82.4	337.3
682	Waveform 1	1	7916.473262771	7917.171641917	119.6	345.1
682	Spectrogram 1	1	7916.473262771	7917.171641917	119.6	345.1
683	Waveform 1	1	7918.811314695	7919.418600909	76.5	309.8
683	Spectrogram 1	1	7918.811314695	7919.418600909	76.5	309.8
684	Waveform 1	1	7929.323153390	7929.844745150	98.0	343.1
684	Spectrogram 1	1	7929.323153390	7929.844745150	98.0	343.1
685	Waveform 1	1	7929.979349475	7930.433639073	123.4	342.1
685	Spectrogram 1	1	7929.979349475	7930.433639073	123.4	342.1
686	Waveform 1	1	7936.103846269	7936.776867895	91.6	267.3
686	Spectrogram 1	1	7936.103846269	7936.776867895	91.6	267.3
687	Waveform 1	1	7995.651404130	7996.228326033	151.0	423.5
687	Spectrogram 1	1	7995.651404130	7996.228326033	151.0	423.5
688	Waveform 1	1	8008.926735697	8009.685843464	68.6	370.6
688	Spectrogram 1	1	8008.926735697	8009.685843464	68.6	370.6
690	Waveform 1	1	8083.853873558	8084.764802879	66.7	266.7
690	Spectrogram 1	1	8083.853873558	8084.764802879	66.7	266.7
691	Waveform 1	1	8166.372089093	8167.343747035	121.6	351.0
691	Spectrogram 1	1	8166.372089093	8167.343747035	121.6	351.0
692	Waveform 1	1	8171.503657600	8172.202036746	80.4	347.1
692	Spectrogram 1	1	8171.503657600	8172.202036746	80.4	347.1
693	Waveform 1	1	8220.706096510	8221.343747035	98.0	400.0
693	Spectrogram 1	1	8220.706096510	8221.343747035	98.0	400.0
694	Waveform 1	1	8221.465204278	8222.224312045	96.1	547.1
694	Spectrogram 1	1	8221.465204278	8222.224312045	96.1	547.1
695	Waveform 1	1	8232.730363545	8233.185828205	72.5	400.0
695	Spectrogram 1	1	8232.730363545	8233.185828205	72.5	400.0
696	Waveform 1	1	8233.307285448	8233.853843040	94.1	384.3
696	Spectrogram 1	1	8233.307285448	8233.853843040	94.1	384.3
697	Waveform 1	1	8248.009739617	8248.920668938	74.5	288.2
697	Spectrogram 1	1	8248.009739617	8248.920668938	74.5	288.2
698	Waveform 1	1	8330.133219113	8330.983419812	103.9	431.4
698	Spectrogram 1	1	8330.133219113	8330.983419812	103.9	431.4
699	Waveform 1	1	8335.416609173	8336.327538494	56.9	352.9
699	Spectrogram 1	1	8335.416609173	8336.327538494	56.9	352.9
700	Waveform 1	1	8354.461159772	8355.129174607	82.4	270.6
700	Spectrogram 1	1	8354.461159772	8355.129174607	82.4	270.6
701	Waveform 1	1	8365.999597835	8366.849798535	78.4	282.4
701	Spectrogram 1	1	8365.999597835	8366.849798535	78.4	282.4
702	Waveform 1	1	8415.809322959	8416.477337795	94.1	298.0
702	Spectrogram 1	1	8415.809322959	8416.477337795	94.1	298.0
703	Waveform 1	1	8448.791092166	8449.459107001	70.6	243.1
703	Spectrogram 1	1	8448.791092166	8449.459107001	70.6	243.1
704	Waveform 1	1	8537.382169839	8538.232370539	64.7	384.3
704	Spectrogram 1	1	8537.382169839	8538.232370539	64.7	384.3
705	Waveform 1	1	8543.096788043	8543.977353054	90.2	417.6
705	Spectrogram 1	1	8543.096788043	8543.977353054	90.2	417.6
706	Waveform 1	1	8548.744549832	8549.260743114	39.2	403.9
706	Spectrogram 1	1	8548.744549832	8549.260743114	39.2	403.9
707	Waveform 1	1	8549.503657600	8550.080579503	92.2	431.4
707	Spectrogram 1	1	8549.503657600	8550.080579503	92.2	431.4
708	Waveform 1	1	8564.867998810	8565.505649335	100.0	403.9
708	Spectrogram 1	1	8564.867998810	8565.505649335	100.0	403.9
709	Waveform 1	1	8570.977353054	8571.554274957	82.4	443.1
709	Spectrogram 1	1	8570.977353054	8571.554274957	82.4	443.1
710	Waveform 1	1	8752.744427762	8753.321349665	137.3	374.5
710	Spectrogram 1	1	8752.744427762	8753.321349665	137.3	374.5
711	Waveform 1	1	8765.436709632	8766.469096195	92.2	407.8
711	Spectrogram 1	1	8765.436709632	8766.469096195	92.2	407.8
712	Waveform 1	1	8787.214048193	8787.973155960	90.2	252.9
712	Spectrogram 1	1	8787.214048193	8787.973155960	90.2	252.9
713	Waveform 1	1	8971.731990521	8972.466745824	82.8	478.3
713	Spectrogram 1	1	8971.731990521	8972.466745824	82.8	478.3
714	Waveform 1	1	8924.490360999	8925.531264345	45.4	165.2
714	Spectrogram 1	1	8924.490360999	8925.531264345	45.4	165.2
715	Waveform 1	1	8930.858240293	8931.837914030	63.3	166.7
715	Spectrogram 1	1	8930.858240293	8931.837914030	63.3	166.7
716	Waveform 1	1	8984.705624873	8985.685298610	67.8	226.6
716	Spectrogram 1	1	8984.705624873	8985.685298610	67.8	226.6
