Selection	View	Channel	Begin Time (s)	End Time (s)	Low Freq (Hz)	High Freq (Hz)
1	Waveform 1	1	228.542372881	235.025423729	30.5	40.6
1	Spectrogram 1	1	228.542372881	235.025423729	30.5	40.6
2	Waveform 1	1	372.050847458	378.449152542	23.8	36.1
2	Spectrogram 1	1	372.050847458	378.449152542	23.8	36.1
3	Waveform 1	1	394.466101695	404.211864407	32.0	38.0
3	Spectrogram 1	1	394.466101695	404.211864407	32.0	38.0
5	Waveform 1	1	1192.108845339	1196.515625000	35.7	42.8
5	Spectrogram 1	1	1192.108845339	1196.515625000	35.7	42.8
6	Waveform 1	1	1329.829184322	1337.922404661	30.6	39.2
6	Spectrogram 1	1	1329.829184322	1337.922404661	30.6	39.2
7	Waveform 1	1	1438.210540254	1441.642743644	29.2	39.6
7	Spectrogram 1	1	1438.210540254	1441.642743644	29.2	39.6
8	Waveform 1	1	1480.668167373	1486.812235169	25.4	39.6
8	Spectrogram 1	1	1480.668167373	1486.812235169	25.4	39.6
9	Waveform 1	1	1499.922404661	1506.066472458	32.4	41.7
9	Spectrogram 1	1	1499.922404661	1506.066472458	32.4	41.7
10	Waveform 1	1	1520.515625000	1525.049523305	28.7	43.1
10	Spectrogram 1	1	1520.515625000	1525.049523305	28.7	43.1
11	Waveform 1	1	1613.896980932	1618.896980932	31.4	43.2
11	Spectrogram 1	1	1613.896980932	1618.896980932	31.4	43.2
12	Waveform 1	1	1750.922404661	1756.219014831	31.6	42.1
12	Spectrogram 1	1	1750.922404661	1756.219014831	31.6	42.1
14	Waveform 1	1	2596.176641949	2603.888506356	25.7	37.2
14	Spectrogram 1	1	2596.176641949	2603.888506356	25.7	37.2
18	Waveform 1	1	5018.770656780	5023.516419492	24.3	40.0
18	Spectrogram 1	1	5018.770656780	5023.516419492	24.3	40.0
19	Waveform 1	1	5129.821504237	5134.524894068	30.3	43.3
19	Spectrogram 1	1	5129.821504237	5134.524894068	30.3	43.3
20	Waveform 1	1	5221.465572034	5225.279131356	30.2	45.0
20	Spectrogram 1	1	5221.465572034	5225.279131356	30.2	45.0
21	Waveform 1	1	5316.228283898	5320.762182203	31.2	45.2
21	Spectrogram 1	1	5316.228283898	5320.762182203	31.2	45.2
22	Waveform 1	1	5338.914724576	5353.363877119	28.8	39.2
22	Spectrogram 1	1	5338.914724576	5353.363877119	28.8	39.2
23	Waveform 1	1	5417.677436441	5421.448622881	28.8	39.8
23	Spectrogram 1	1	5417.677436441	5421.448622881	28.8	39.8
24	Waveform 1	1	5436.829978814	5442.211334746	32.5	41.1
24	Spectrogram 1	1	5436.829978814	5442.211334746	32.5	41.1
25	Waveform 1	1	5506.338453390	5510.914724576	31.3	41.7
25	Spectrogram 1	1	5506.338453390	5510.914724576	31.3	41.7
26	Waveform 1	1	5513.813029661	5521.906250000	30.5	39.4
26	Spectrogram 1	1	5513.813029661	5521.906250000	30.5	39.4
27	Waveform 1	1	5608.497219280	5616.209083686	29.7	45.5
27	Spectrogram 1	1	5608.497219280	5616.209083686	29.7	45.5
28	Waveform 1	1	5706.285354873	5709.632812500	27.9	36.9
28	Spectrogram 1	1	5706.285354873	5709.632812500	27.9	36.9
29	Waveform 1	1	5709.929422669	5717.514168432	25.8	40.7
29	Spectrogram 1	1	5709.929422669	5717.514168432	25.8	40.7
30	Waveform 1	1	5793.675185381	5801.471795551	28.3	35.9
30	Spectrogram 1	1	5793.675185381	5801.471795551	28.3	35.9
32	Waveform 1	1	6016.200609110	6023.615863347	27.7	35.7
32	Spectrogram 1	1	6016.200609110	6023.615863347	27.7	35.7
33	Waveform 1	1	6139.629104873	6143.781647246	28.3	44.3
33	Spectrogram 1	1	6139.629104873	6143.781647246	28.3	44.3
34	Waveform 1	1	6255.679952331	6258.985037076	30.2	42.2
34	Spectrogram 1	1	6255.679952331	6258.985037076	30.2	42.2
35	Waveform 1	1	6268.010460805	6271.230799788	28.4	41.4
35	Spectrogram 1	1	6268.010460805	6271.230799788	28.4	41.4
36	Waveform 1	1	6339.103681144	6342.705376059	29.0	45.2
36	Spectrogram 1	1	6339.103681144	6342.705376059	29.0	45.2
37	Waveform 1	1	6361.137579449	6373.934189619	25.1	43.5
37	Spectrogram 1	1	6361.137579449	6373.934189619	25.1	43.5
38	Waveform 1	1	6420.222325212	6424.629104873	27.6	44.1
38	Spectrogram 1	1	6420.222325212	6424.629104873	27.6	44.1
39	Waveform 1	1	6463.035884534	6473.163003178	27.9	40.0
39	Spectrogram 1	1	6463.035884534	6473.163003178	27.9	40.0
40	Waveform 1	1	6566.247748941	6574.934189619	27.3	39.6
40	Spectrogram 1	1	6566.247748941	6574.934189619	27.3	39.6
41	Waveform 1	1	6686.069782839	6697.129104873	28.6	41.8
41	Spectrogram 1	1	6686.069782839	6697.129104873	28.6	41.8
42	Waveform 1	1	6835.739274364	6844.807070975	29.8	43.9
42	Spectrogram 1	1	6835.739274364	6844.807070975	29.8	43.9
43	Waveform 1	1	6931.239274364	6940.688426907	25.8	42.5
43	Spectrogram 1	1	6931.239274364	6940.688426907	25.8	42.5
44	Waveform 1	1	6962.230799788	6971.383342161	28.6	44.1
44	Spectrogram 1	1	6962.230799788	6971.383342161	28.6	44.1
45	Waveform 1	1	7030.468087924	7042.544359110	25.8	41.1
45	Spectrogram 1	1	7030.468087924	7042.544359110	25.8	41.1
47	Waveform 1	1	7577.035884534	7588.391816737	27.1	43.9
47	Spectrogram 1	1	7577.035884534	7588.391816737	27.1	43.9
48	Waveform 1	1	7687.663003178	7693.807070975	28.2	45.2
48	Spectrogram 1	1	7687.663003178	7693.807070975	28.2	45.2
49	Waveform 1	1	7774.561308263	7786.044359110	26.4	39.4
49	Spectrogram 1	1	7774.561308263	7786.044359110	26.4	39.4
50	Waveform 1	1	7875.061308263	7883.069782839	23.5	42.6
50	Spectrogram 1	1	7875.061308263	7883.069782839	23.5	42.6
51	Waveform 1	1	7986.578257415	7996.535884534	25.4	41.5
51	Spectrogram 1	1	7986.578257415	7996.535884534	25.4	41.5
52	Waveform 1	1	7997.256223517	8000.222325212	26.4	41.1
52	Spectrogram 1	1	7997.256223517	8000.222325212	26.4	41.1
53	Waveform 1	1	8080.154528602	8089.561308263	27.3	40.2
53	Spectrogram 1	1	8080.154528602	8089.561308263	27.3	40.2
54	Waveform 1	1	8180.103681144	8190.018935381	28.0	43.2
54	Spectrogram 1	1	8180.103681144	8190.018935381	28.0	43.2
55	Waveform 1	1	8191.586731992	8198.620630297	26.8	45.9
55	Spectrogram 1	1	8191.586731992	8198.620630297	26.8	45.9
56	Waveform 1	1	8209.866393008	8213.934189619	28.2	42.0
56	Spectrogram 1	1	8209.866393008	8213.934189619	28.2	42.0
57	Waveform 1	1	8276.578257415	8283.146054025	28.6	42.4
57	Spectrogram 1	1	8276.578257415	8283.146054025	28.6	42.4
58	Waveform 1	1	8309.857918432	8320.112155720	27.3	41.8
58	Spectrogram 1	1	8309.857918432	8320.112155720	27.3	41.8
59	Waveform 1	1	8499.442664195	8506.603681144	26.8	39.5
59	Spectrogram 1	1	8499.442664195	8506.603681144	26.8	39.5
60	Waveform 1	1	8786.688426907	8794.866393008	29.1	43.1
60	Spectrogram 1	1	8786.688426907	8794.866393008	29.1	43.1
61	Waveform 1	1	9311.052833686	9314.993511653	25.8	43.1
61	Spectrogram 1	1	9311.052833686	9314.993511653	25.8	43.1
62	Waveform 1	1	9582.959613347	9588.425715042	28.7	42.6
62	Spectrogram 1	1	9582.959613347	9588.425715042	28.7	42.6
63	Waveform 1	1	9709.493511653	9716.908765890	29.8	45.8
63	Spectrogram 1	1	9709.493511653	9716.908765890	29.8	45.8
64	Waveform 1	1	9782.222325212	9790.485037076	27.1	45.2
64	Spectrogram 1	1	9782.222325212	9790.485037076	27.1	45.2
65	Waveform 1	1	9885.179952331	9893.612155720	23.1	43.2
65	Spectrogram 1	1	9885.179952331	9893.612155720	23.1	43.2
66	Waveform 1	1	9986.061308263	9993.095206568	24.1	47.6
66	Spectrogram 1	1	9986.061308263	9993.095206568	24.1	47.6
67	Waveform 1	1	10069.340969280	10076.840969280	27.2	37.7
67	Spectrogram 1	1	10069.340969280	10076.840969280	27.2	37.7
68	Waveform 1	1	10142.383342161	10150.985037076	27.5	44.0
68	Spectrogram 1	1	10142.383342161	10150.985037076	27.5	44.0
69	Waveform 1	1	10212.485037076	10217.400291314	28.7	41.8
69	Spectrogram 1	1	10212.485037076	10217.400291314	28.7	41.8
70	Waveform 1	1	10241.129104873	10249.603681144	26.7	45.6
70	Spectrogram 1	1	10241.129104873	10249.603681144	26.7	45.6
71	Waveform 1	1	10255.510460805	10261.146054025	29.5	47.0
71	Spectrogram 1	1	10255.510460805	10261.146054025	29.5	47.0
72	Waveform 1	1	10310.315545551	10323.705376059	24.5	44.6
72	Spectrogram 1	1	10310.315545551	10323.705376059	24.5	44.6
73	Waveform 1	1	10323.917240466	10334.256223517	28.6	40.2
73	Spectrogram 1	1	10323.917240466	10334.256223517	28.6	40.2
74	Waveform 1	1	10367.874867585	10375.205376059	25.3	43.7
74	Spectrogram 1	1	10367.874867585	10375.205376059	25.3	43.7
75	Waveform 1	1	10428.188426907	10441.027409958	27.7	44.0
75	Spectrogram 1	1	10428.188426907	10441.027409958	27.7	44.0
76	Waveform 1	1	10524.578257415	10535.298596398	24.7	39.0
76	Spectrogram 1	1	10524.578257415	10535.298596398	24.7	39.0
78	Waveform 1	1	10531.230799788	10540.044359110	29.1	45.4
78	Spectrogram 1	1	10531.230799788	10540.044359110	29.1	45.4
79	Waveform 1	1	10678.637579449	10685.290121822	33.8	44.8
79	Spectrogram 1	1	10678.637579449	10685.290121822	33.8	44.8
80	Waveform 1	1	10730.052833686	10735.561308263	29.4	43.5
80	Spectrogram 1	1	10730.052833686	10735.561308263	29.4	43.5
81	Waveform 1	1	10898.849443856	10902.832494703	32.4	39.1
81	Spectrogram 1	1	10898.849443856	10902.832494703	32.4	39.1
82	Waveform 1	1	11478.171477754	11482.959613347	30.8	41.3
82	Spectrogram 1	1	11478.171477754	11482.959613347	30.8	41.3
83	Waveform 1	1	11583.374867585	11591.764698093	25.1	41.1
83	Spectrogram 1	1	11583.374867585	11591.764698093	25.1	41.1
84	Waveform 1	1	11623.095206568	11629.874867585	26.9	37.6
84	Spectrogram 1	1	11623.095206568	11629.874867585	26.9	37.6
85	Waveform 1	1	11702.824020127	11714.179952331	24.6	39.1
85	Spectrogram 1	1	11702.824020127	11714.179952331	24.6	39.1
86	Waveform 1	1	11796.256223517	11809.264698093	25.4	39.8
86	Spectrogram 1	1	11796.256223517	11809.264698093	25.4	39.8
87	Waveform 1	1	11983.849443856	11996.857918432	24.5	37.4
87	Spectrogram 1	1	11983.849443856	11996.857918432	24.5	37.4
88	Waveform 1	1	12198.366393008	12205.315545551	28.2	40.0
88	Spectrogram 1	1	12198.366393008	12205.315545551	28.2	40.0
89	Waveform 1	1	12436.332494703	12443.917240466	29.1	38.4
89	Spectrogram 1	1	12436.332494703	12443.917240466	29.1	38.4
90	Waveform 1	1	12562.425715042	12570.476562500	33.1	43.1
90	Spectrogram 1	1	12562.425715042	12570.476562500	33.1	43.1
91	Waveform 1	1	12567.213850636	12571.959613347	26.0	33.3
91	Spectrogram 1	1	12567.213850636	12571.959613347	26.0	33.3
92	Waveform 1	1	12855.095206568	12866.747748941	22.1	36.6
92	Spectrogram 1	1	12855.095206568	12866.747748941	22.1	36.6
93	Waveform 1	1	12922.968087924	12927.163003178	29.4	40.6
93	Spectrogram 1	1	12922.968087924	12927.163003178	29.4	40.6
94	Waveform 1	1	12928.561308263	12936.018935381	29.5	37.7
94	Spectrogram 1	1	12928.561308263	12936.018935381	29.5	37.7
95	Waveform 1	1	12976.120630297	12987.307070975	23.6	37.3
95	Spectrogram 1	1	12976.120630297	12987.307070975	23.6	37.3
96	Waveform 1	1	12991.035884534	12997.985037076	33.3	43.1
96	Spectrogram 1	1	12991.035884534	12997.985037076	33.3	43.1
97	Waveform 1	1	13027.239274364	13036.222325212	25.1	39.8
97	Spectrogram 1	1	13027.239274364	13036.222325212	25.1	39.8
98	Waveform 1	1	13148.205376059	13155.747748941	31.4	44.6
98	Spectrogram 1	1	13148.205376059	13155.747748941	31.4	44.6
99	Waveform 1	1	13161.425715042	13174.052833686	23.2	38.5
99	Spectrogram 1	1	13161.425715042	13174.052833686	23.2	38.5
100	Waveform 1	1	13201.696901483	13207.840969280	29.8	38.4
100	Spectrogram 1	1	13201.696901483	13207.840969280	29.8	38.4
101	Waveform 1	1	13305.459613347	13317.917240466	25.6	41.3
101	Spectrogram 1	1	13305.459613347	13317.917240466	25.6	41.3
102	Waveform 1	1	13531.671477754	13539.340969280	29.5	44.0
102	Spectrogram 1	1	13531.671477754	13539.340969280	29.5	44.0
103	Waveform 1	1	13866.264698093	13875.332494703	29.0	40.9
103	Spectrogram 1	1	13866.264698093	13875.332494703	29.0	40.9
104	Waveform 1	1	13946.044359110	13949.391816737	25.7	39.9
104	Spectrogram 1	1	13946.044359110	13949.391816737	25.7	39.9
105	Waveform 1	1	13958.586731992	13966.171477754	27.3	41.1
105	Spectrogram 1	1	13958.586731992	13966.171477754	27.3	41.1
106	Waveform 1	1	14015.425715042	14025.552833686	23.5	43.3
106	Spectrogram 1	1	14015.425715042	14025.552833686	23.5	43.3
107	Waveform 1	1	14088.281647246	14101.120630297	28.4	41.8
107	Spectrogram 1	1	14088.281647246	14101.120630297	28.4	41.8
108	Waveform 1	1	14204.501986229	14217.256223517	23.6	42.5
108	Spectrogram 1	1	14204.501986229	14217.256223517	23.6	42.5
109	Waveform 1	1	14244.730799788	14250.874867585	26.4	41.4
109	Spectrogram 1	1	14244.730799788	14250.874867585	26.4	41.4
110	Waveform 1	1	14284.620630297	14293.476562500	25.6	39.9
110	Spectrogram 1	1	14284.620630297	14293.476562500	25.6	39.9
111	Waveform 1	1	14342.688426907	14359.256223517	22.1	37.7
111	Spectrogram 1	1	14342.688426907	14359.256223517	22.1	37.7
112	Waveform 1	1	14393.849443856	14405.883342161	28.4	44.0
112	Spectrogram 1	1	14393.849443856	14405.883342161	28.4	44.0
113	Waveform 1	1	14434.925715042	14445.561308263	24.9	41.4
113	Spectrogram 1	1	14434.925715042	14445.561308263	24.9	41.4
114	Waveform 1	1	14486.510460805	14495.493511653	29.5	45.4
114	Spectrogram 1	1	14486.510460805	14495.493511653	29.5	45.4
115	Waveform 1	1	14517.442664195	14520.705376059	25.4	36.6
115	Spectrogram 1	1	14517.442664195	14520.705376059	25.4	36.6
116	Waveform 1	1	14567.374867585	14571.273172669	31.7	40.7
116	Spectrogram 1	1	14567.374867585	14571.273172669	31.7	40.7
117	Waveform 1	1	14589.671477754	14598.400291314	29.0	40.2
117	Spectrogram 1	1	14589.671477754	14598.400291314	29.0	40.2
118	Waveform 1	1	14598.781647246	14606.790121822	25.3	39.1
118	Spectrogram 1	1	14598.781647246	14606.790121822	25.3	39.1
119	Waveform 1	1	14605.857918432	14610.179952331	31.8	43.5
119	Spectrogram 1	1	14605.857918432	14610.179952331	31.8	43.5
120	Waveform 1	1	14675.917240466	14682.654528602	29.5	41.0
120	Spectrogram 1	1	14675.917240466	14682.654528602	29.5	41.0
121	Waveform 1	1	14692.671477754	14696.315545551	28.6	43.1
121	Spectrogram 1	1	14692.671477754	14696.315545551	28.6	43.1
122	Waveform 1	1	14789.001986229	14796.417240466	28.8	40.7
122	Spectrogram 1	1	14789.001986229	14796.417240466	28.8	40.7
123	Waveform 1	1	14824.993511653	14829.993511653	30.9	47.2
123	Spectrogram 1	1	14824.993511653	14829.993511653	30.9	47.2
124	Waveform 1	1	14975.595206568	14979.069782839	30.8	42.9
124	Spectrogram 1	1	14975.595206568	14979.069782839	30.8	42.9
125	Waveform 1	1	14979.790121822	14982.883342161	34.0	45.9
125	Spectrogram 1	1	14979.790121822	14982.883342161	34.0	45.9
126	Waveform 1	1	15003.095206568	15017.840969280	20.9	38.7
126	Spectrogram 1	1	15003.095206568	15017.840969280	20.9	38.7
127	Waveform 1	1	15107.366393008	15110.883342161	25.1	37.2
127	Spectrogram 1	1	15107.366393008	15110.883342161	25.1	37.2
128	Waveform 1	1	15214.985037076	15218.544359110	32.4	42.9
128	Spectrogram 1	1	15214.985037076	15218.544359110	32.4	42.9
129	Waveform 1	1	15404.586731992	15408.442664195	26.8	42.9
129	Spectrogram 1	1	15404.586731992	15408.442664195	26.8	42.9
130	Waveform 1	1	15414.544359110	15426.535884534	22.4	38.8
130	Spectrogram 1	1	15414.544359110	15426.535884534	22.4	38.8
131	Waveform 1	1	15557.985037076	15562.264698093	25.3	46.2
131	Spectrogram 1	1	15557.985037076	15562.264698093	25.3	46.2
132	Waveform 1	1	15626.857918432	15634.696901483	24.9	43.5
132	Spectrogram 1	1	15626.857918432	15634.696901483	24.9	43.5
133	Waveform 1	1	15703.357918432	15707.849443856	30.1	43.5
133	Spectrogram 1	1	15703.357918432	15707.849443856	30.1	43.5
134	Waveform 1	1	15889.408765890	15896.696901483	33.1	44.1
134	Spectrogram 1	1	15889.408765890	15896.696901483	33.1	44.1
135	Waveform 1	1	15901.612155720	15906.824020127	29.4	41.5
135	Spectrogram 1	1	15901.612155720	15906.824020127	29.4	41.5
136	Waveform 1	1	16090.790121822	16095.027409958	25.7	51.5
136	Spectrogram 1	1	16090.790121822	16095.027409958	25.7	51.5
137	Waveform 1	1	16118.544359110	16124.179952331	27.6	48.2
137	Spectrogram 1	1	16118.544359110	16124.179952331	27.6	48.2
138	Waveform 1	1	16175.468087924	16179.239274364	25.7	48.2
138	Spectrogram 1	1	16175.468087924	16179.239274364	25.7	48.2
139	Waveform 1	1	16261.476562500	16264.993511653	28.0	53.6
139	Spectrogram 1	1	16261.476562500	16264.993511653	28.0	53.6
140	Waveform 1	1	16269.315545551	16273.001986229	28.8	39.5
140	Spectrogram 1	1	16269.315545551	16273.001986229	28.8	39.5
141	Waveform 1	1	16312.679952331	16315.391816737	33.1	41.8
141	Spectrogram 1	1	16312.679952331	16315.391816737	33.1	41.8
142	Waveform 1	1	16323.527409958	16330.476562500	26.2	38.7
142	Spectrogram 1	1	16323.527409958	16330.476562500	26.2	38.7
143	Waveform 1	1	16221.078257415	16223.493511653	29.9	39.2
143	Spectrogram 1	1	16221.078257415	16223.493511653	29.9	39.2
144	Waveform 1	1	16361.425715042	16365.366393008	21.9	40.2
144	Spectrogram 1	1	16361.425715042	16365.366393008	21.9	40.2
145	Waveform 1	1	16385.324020127	16392.951138771	30.5	41.8
145	Spectrogram 1	1	16385.324020127	16392.951138771	30.5	41.8
146	Waveform 1	1	16411.018935381	16414.917240466	27.7	38.5
146	Spectrogram 1	1	16411.018935381	16414.917240466	27.7	38.5
147	Waveform 1	1	16514.824020127	16520.332494703	25.1	35.8
147	Spectrogram 1	1	16514.824020127	16520.332494703	25.1	35.8
148	Waveform 1	1	16519.951138771	16526.222325212	32.0	41.1
148	Spectrogram 1	1	16519.951138771	16526.222325212	32.0	41.1
149	Waveform 1	1	16606.620630297	16609.459613347	25.1	37.6
149	Spectrogram 1	1	16606.620630297	16609.459613347	25.1	37.6
150	Waveform 1	1	16678.857918432	16682.883342161	27.1	37.6
150	Spectrogram 1	1	16678.857918432	16682.883342161	27.1	37.6
151	Waveform 1	1	16805.968087924	16812.917240466	29.4	39.9
151	Spectrogram 1	1	16805.968087924	16812.917240466	29.4	39.9
152	Waveform 1	1	16906.891816737	16911.807070975	30.5	40.9
152	Spectrogram 1	1	16906.891816737	16911.807070975	30.5	40.9
153	Waveform 1	1	17008.027409958	17016.544359110	30.2	42.1
153	Spectrogram 1	1	17008.027409958	17016.544359110	30.2	42.1
154	Waveform 1	1	17041.756223517	17048.324020127	33.9	44.0
154	Spectrogram 1	1	17041.756223517	17048.324020127	33.9	44.0
155	Waveform 1	1	17042.010460805	17048.154528602	26.5	35.5
155	Spectrogram 1	1	17042.010460805	17048.154528602	26.5	35.5
156	Waveform 1	1	17065.459613347	17076.095206568	28.7	44.7
156	Spectrogram 1	1	17065.459613347	17076.095206568	28.7	44.7
157	Waveform 1	1	17139.247748941	17153.315545551	25.0	43.7
157	Spectrogram 1	1	17139.247748941	17153.315545551	25.0	43.7
158	Waveform 1	1	17132.722325212	17135.857918432	24.2	34.6
158	Spectrogram 1	1	17132.722325212	17135.857918432	24.2	34.6
159	Waveform 1	1	17199.035884534	17202.171477754	31.2	38.3
159	Spectrogram 1	1	17199.035884534	17202.171477754	31.2	38.3
160	Waveform 1	1	17262.866393008	17265.366393008	29.7	43.7
160	Spectrogram 1	1	17262.866393008	17265.366393008	29.7	43.7
161	Waveform 1	1	17290.366393008	17299.730799788	29.7	41.7
161	Spectrogram 1	1	17290.366393008	17299.730799788	29.7	41.7
162	Waveform 1	1	17313.052833686	17320.256223517	29.5	42.4
162	Spectrogram 1	1	17313.052833686	17320.256223517	29.5	42.4
163	Waveform 1	1	17400.976562500	17412.417240466	26.9	48.1
163	Spectrogram 1	1	17400.976562500	17412.417240466	26.9	48.1
164	Waveform 1	1	17518.001986229	17529.146054025	25.7	42.2
164	Spectrogram 1	1	17518.001986229	17529.146054025	25.7	42.2
165	Waveform 1	1	17722.095206568	17729.976562500	30.1	43.3
165	Spectrogram 1	1	17722.095206568	17729.976562500	30.1	43.3
166	Waveform 1	1	17732.942664195	17738.366393008	31.7	42.2
166	Spectrogram 1	1	17732.942664195	17738.366393008	31.7	42.2
167	Waveform 1	1	17782.324020127	17787.747748941	31.3	43.1
167	Spectrogram 1	1	17782.324020127	17787.747748941	31.3	43.1
168	Waveform 1	1	17851.578257415	17856.663003178	30.6	43.3
168	Spectrogram 1	1	17851.578257415	17856.663003178	30.6	43.3
169	Waveform 1	1	17873.451138771	17889.340969280	28.6	43.5
169	Spectrogram 1	1	17873.451138771	17889.340969280	28.6	43.5
170	Waveform 1	1	17941.900291314	17949.654528602	33.8	43.9
170	Spectrogram 1	1	17941.900291314	17949.654528602	33.8	43.9
171	Waveform 1	1	18000.603681144	18009.163003178	29.8	39.8
171	Spectrogram 1	1	18000.603681144	18009.163003178	29.8	39.8
172	Waveform 1	1	18097.247748941	18104.663003178	36.9	44.4
172	Spectrogram 1	1	18097.247748941	18104.663003178	36.9	44.4
173	Waveform 1	1	18100.086731992	18108.985037076	28.3	38.4
173	Spectrogram 1	1	18100.086731992	18108.985037076	28.3	38.4
174	Waveform 1	1	18117.205376059	18130.213850636	28.3	43.5
174	Spectrogram 1	1	18117.205376059	18130.213850636	28.3	43.5
175	Waveform 1	1	18164.595206568	18169.637579449	27.3	39.8
175	Spectrogram 1	1	18164.595206568	18169.637579449	27.3	39.8
176	Waveform 1	1	18223.679952331	18235.374867585	29.7	43.2
176	Spectrogram 1	1	18223.679952331	18235.374867585	29.7	43.2
177	Waveform 1	1	18297.357918432	18306.340969280	28.8	45.5
177	Spectrogram 1	1	18297.357918432	18306.340969280	28.8	45.5
178	Waveform 1	1	18370.722325212	18378.815545551	31.4	42.5
178	Spectrogram 1	1	18370.722325212	18378.815545551	31.4	42.5
179	Waveform 1	1	18379.705376059	18389.324020127	30.5	46.1
179	Spectrogram 1	1	18379.705376059	18389.324020127	30.5	46.1
180	Waveform 1	1	18417.476562500	18431.544359110	25.8	41.0
180	Spectrogram 1	1	18417.476562500	18431.544359110	25.8	41.0
181	Waveform 1	1	18408.366393008	18411.883342161	23.8	47.3
181	Spectrogram 1	1	18408.366393008	18411.883342161	23.8	47.3
182	Waveform 1	1	18477.027409958	18487.832494703	29.0	46.5
182	Spectrogram 1	1	18477.027409958	18487.832494703	29.0	46.5
183	Waveform 1	1	18510.027409958	18516.934189619	28.7	44.8
183	Spectrogram 1	1	18510.027409958	18516.934189619	28.7	44.8
184	Waveform 1	1	18579.493511653	18588.349443856	31.4	43.5
184	Spectrogram 1	1	18579.493511653	18588.349443856	31.4	43.5
185	Waveform 1	1	18613.298596398	18624.018935381	29.0	43.1
185	Spectrogram 1	1	18613.298596398	18624.018935381	29.0	43.1
186	Waveform 1	1	18851.120630297	18863.027409958	30.2	42.5
186	Spectrogram 1	1	18851.120630297	18863.027409958	30.2	42.5
187	Waveform 1	1	18863.790121822	18870.781647246	27.6	43.3
187	Spectrogram 1	1	18863.790121822	18870.781647246	27.6	43.3
188	Waveform 1	1	18975.052833686	18983.739274364	27.6	45.0
188	Spectrogram 1	1	18975.052833686	18983.739274364	27.6	45.0
189	Waveform 1	1	19085.849443856	19095.340969280	27.9	42.6
189	Spectrogram 1	1	19085.849443856	19095.340969280	27.9	42.6
190	Waveform 1	1	19294.434189619	19300.239274364	33.3	47.7
190	Spectrogram 1	1	19294.434189619	19300.239274364	33.3	47.7
191	Waveform 1	1	19311.485037076	19320.722325212	31.0	41.8
191	Spectrogram 1	1	19311.485037076	19320.722325212	31.0	41.8
192	Waveform 1	1	19461.688426907	19467.493511653	29.5	40.3
192	Spectrogram 1	1	19461.688426907	19467.493511653	29.5	40.3
193	Waveform 1	1	19477.213850636	19485.010460805	30.5	46.9
193	Spectrogram 1	1	19477.213850636	19485.010460805	30.5	46.9
194	Waveform 1	1	19698.552833686	19708.637579449	29.4	43.9
194	Spectrogram 1	1	19698.552833686	19708.637579449	29.4	43.9
195	Waveform 1	1	19770.730799788	19779.968087924	31.2	42.5
195	Spectrogram 1	1	19770.730799788	19779.968087924	31.2	42.5
196	Waveform 1	1	19804.815545551	19818.163003178	25.8	41.7
196	Spectrogram 1	1	19804.815545551	19818.163003178	25.8	41.7
197	Waveform 1	1	19861.696901483	19871.866393008	29.0	48.0
197	Spectrogram 1	1	19861.696901483	19871.866393008	29.0	48.0
198	Waveform 1	1	19923.112155720	19935.188426907	31.3	43.7
198	Spectrogram 1	1	19923.112155720	19935.188426907	31.3	43.7
199	Waveform 1	1	20006.951138771	20016.824020127	28.7	38.5
199	Spectrogram 1	1	20006.951138771	20016.824020127	28.7	38.5
200	Waveform 1	1	20120.883342161	20127.620630297	30.6	39.2
200	Spectrogram 1	1	20120.883342161	20127.620630297	30.6	39.2
201	Waveform 1	1	20194.968087924	20204.290121822	28.8	40.0
201	Spectrogram 1	1	20194.968087924	20204.290121822	28.8	40.0
202	Waveform 1	1	20303.747748941	20309.468087924	31.2	44.0
202	Spectrogram 1	1	20303.747748941	20309.468087924	31.2	44.0
204	Waveform 1	1	20346.459613347	20353.832494703	28.6	40.9
204	Spectrogram 1	1	20346.459613347	20353.832494703	28.6	40.9
205	Waveform 1	1	20402.578257415	20409.273172669	28.8	36.9
205	Spectrogram 1	1	20402.578257415	20409.273172669	28.8	36.9
206	Waveform 1	1	20434.756223517	20442.383342161	29.4	39.6
206	Spectrogram 1	1	20434.756223517	20442.383342161	29.4	39.6
207	Waveform 1	1	20531.298596398	20541.001986229	28.3	40.9
207	Spectrogram 1	1	20531.298596398	20541.001986229	28.3	40.9
208	Waveform 1	1	20554.027409958	20562.544359110	29.0	38.5
208	Spectrogram 1	1	20554.027409958	20562.544359110	29.0	38.5
209	Waveform 1	1	20685.501986229	20691.815545551	29.8	40.2
209	Spectrogram 1	1	20685.501986229	20691.815545551	29.8	40.2
210	Waveform 1	1	20745.010460805	20750.985037076	31.4	43.1
210	Spectrogram 1	1	20745.010460805	20750.985037076	31.4	43.1
211	Waveform 1	1	21138.917240466	21147.307070975	29.5	38.7
211	Spectrogram 1	1	21138.917240466	21147.307070975	29.5	38.7
212	Waveform 1	1	21229.866393008	21234.315545551	31.2	43.1
212	Spectrogram 1	1	21229.866393008	21234.315545551	31.2	43.1
213	Waveform 1	1	21496.900291314	21504.654528602	28.4	43.2
213	Spectrogram 1	1	21496.900291314	21504.654528602	28.4	43.2
214	Waveform 1	1	21781.874867585	21788.188426907	28.8	38.0
214	Spectrogram 1	1	21781.874867585	21788.188426907	28.8	38.0
215	Waveform 1	1	21822.340969280	21829.332494703	29.5	39.9
215	Spectrogram 1	1	21822.340969280	21829.332494703	29.5	39.9
216	Waveform 1	1	21876.340969280	21884.137579449	30.6	39.5
216	Spectrogram 1	1	21876.340969280	21884.137579449	30.6	39.5
217	Waveform 1	1	21925.934189619	21934.281647246	31.3	41.4
217	Spectrogram 1	1	21925.934189619	21934.281647246	31.3	41.4
218	Waveform 1	1	21941.408765890	21947.468087924	26.9	35.3
218	Spectrogram 1	1	21941.408765890	21947.468087924	26.9	35.3
219	Waveform 1	1	22022.866393008	22033.163003178	29.0	39.8
219	Spectrogram 1	1	22022.866393008	22033.163003178	29.0	39.8
220	Waveform 1	1	22076.781647246	22084.874867585	29.4	39.2
220	Spectrogram 1	1	22076.781647246	22084.874867585	29.4	39.2
221	Waveform 1	1	22126.078257415	22133.324020127	30.8	39.1
221	Spectrogram 1	1	22126.078257415	22133.324020127	30.8	39.1
222	Waveform 1	1	22247.510460805	22253.993511653	30.5	40.7
222	Spectrogram 1	1	22247.510460805	22253.993511653	30.5	40.7
223	Waveform 1	1	22296.044359110	22303.629104873	30.9	40.7
223	Spectrogram 1	1	22296.044359110	22303.629104873	30.9	40.7
224	Waveform 1	1	22322.078257415	22331.908765890	31.4	41.8
224	Spectrogram 1	1	22322.078257415	22331.908765890	31.4	41.8
225	Waveform 1	1	22402.985037076	22408.196901483	31.0	38.1
225	Spectrogram 1	1	22402.985037076	22408.196901483	31.0	38.1
226	Waveform 1	1	22435.501986229	22444.908765890	30.2	39.6
226	Spectrogram 1	1	22435.501986229	22444.908765890	30.2	39.6
227	Waveform 1	1	22552.993511653	22559.137579449	32.0	40.6
227	Spectrogram 1	1	22552.993511653	22559.137579449	32.0	40.6
228	Waveform 1	1	22567.061308263	22570.832494703	33.6	42.8
228	Spectrogram 1	1	22567.061308263	22570.832494703	33.6	42.8
229	Waveform 1	1	22602.501986229	22609.239274364	30.9	42.8
229	Spectrogram 1	1	22602.501986229	22609.239274364	30.9	42.8
230	Waveform 1	1	22614.196901483	22618.518935381	30.9	40.3
230	Spectrogram 1	1	22614.196901483	22618.518935381	30.9	40.3
231	Waveform 1	1	22675.908765890	22685.654528602	29.0	41.8
231	Spectrogram 1	1	22675.908765890	22685.654528602	29.0	41.8
232	Waveform 1	1	22691.222325212	22701.349443856	27.9	41.7
232	Spectrogram 1	1	22691.222325212	22701.349443856	27.9	41.7
233	Waveform 1	1	22710.163003178	22717.790121822	29.8	37.3
233	Spectrogram 1	1	22710.163003178	22717.790121822	29.8	37.3
234	Waveform 1	1	22763.442664195	22773.485037076	32.3	39.9
234	Spectrogram 1	1	22763.442664195	22773.485037076	32.3	39.9
235	Waveform 1	1	22834.603681144	22843.417240466	26.0	41.0
235	Spectrogram 1	1	22834.603681144	22843.417240466	26.0	41.0
236	Waveform 1	1	22864.493511653	22875.383342161	29.1	41.3
236	Spectrogram 1	1	22864.493511653	22875.383342161	29.1	41.3
237	Waveform 1	1	22989.230799788	22999.357918432	28.2	40.3
237	Spectrogram 1	1	22989.230799788	22999.357918432	28.2	40.3
238	Waveform 1	1	23145.891816737	23157.120630297	30.6	40.2
238	Spectrogram 1	1	23145.891816737	23157.120630297	30.6	40.2
239	Waveform 1	1	23239.485037076	23252.451138771	28.2	39.0
239	Spectrogram 1	1	23239.485037076	23252.451138771	28.2	39.0
240	Waveform 1	1	23316.069782839	23322.807070975	28.4	44.1
240	Spectrogram 1	1	23316.069782839	23322.807070975	28.4	44.1
241	Waveform 1	1	23355.620630297	23370.196901483	28.8	40.9
241	Spectrogram 1	1	23355.620630297	23370.196901483	28.8	40.9
242	Waveform 1	1	23497.578257415	23507.239274364	28.0	40.2
242	Spectrogram 1	1	23497.578257415	23507.239274364	28.0	40.2
243	Waveform 1	1	23626.383342161	23642.908765890	31.2	40.5
243	Spectrogram 1	1	23626.383342161	23642.908765890	31.2	40.5
244	Waveform 1	1	23855.942664195	23861.790121822	30.9	39.2
244	Spectrogram 1	1	23855.942664195	23861.790121822	30.9	39.2
245	Waveform 1	1	23950.637579449	23956.188426907	28.4	39.6
245	Spectrogram 1	1	23950.637579449	23956.188426907	28.4	39.6
246	Waveform 1	1	23968.391816737	23972.417240466	32.5	41.7
246	Spectrogram 1	1	23968.391816737	23972.417240466	32.5	41.7
247	Waveform 1	1	23979.366393008	23985.171477754	32.4	38.8
247	Spectrogram 1	1	23979.366393008	23985.171477754	32.4	38.8
248	Waveform 1	1	24002.349443856	24009.425715042	31.0	41.1
248	Spectrogram 1	1	24002.349443856	24009.425715042	31.0	41.1
249	Waveform 1	1	24144.874867585	24153.222325212	29.1	42.2
249	Spectrogram 1	1	24144.874867585	24153.222325212	29.1	42.2
250	Waveform 1	1	24306.493511653	24315.561308263	26.0	45.9
250	Spectrogram 1	1	24306.493511653	24315.561308263	26.0	45.9
251	Waveform 1	1	24320.688426907	24328.442664195	33.5	43.6
251	Spectrogram 1	1	24320.688426907	24328.442664195	33.5	43.6
252	Waveform 1	1	24335.985037076	24342.637579449	31.4	42.2
252	Spectrogram 1	1	24335.985037076	24342.637579449	31.4	42.2
253	Waveform 1	1	24443.764698093	24453.637579449	30.2	41.0
253	Spectrogram 1	1	24443.764698093	24453.637579449	30.2	41.0
254	Waveform 1	1	24592.247748941	24602.163003178	28.6	39.0
254	Spectrogram 1	1	24592.247748941	24602.163003178	28.6	39.0
255	Waveform 1	1	24662.264698093	24668.324020127	30.5	40.9
255	Spectrogram 1	1	24662.264698093	24668.324020127	30.5	40.9
256	Waveform 1	1	24690.485037076	24696.883342161	27.3	41.0
256	Spectrogram 1	1	24690.485037076	24696.883342161	27.3	41.0
257	Waveform 1	1	24737.874867585	24744.696901483	30.5	47.0
257	Spectrogram 1	1	24737.874867585	24744.696901483	30.5	47.0
258	Waveform 1	1	24810.663003178	24820.281647246	29.7	42.1
258	Spectrogram 1	1	24810.663003178	24820.281647246	29.7	42.1
259	Waveform 1	1	24839.137579449	24846.171477754	31.2	45.5
259	Spectrogram 1	1	24839.137579449	24846.171477754	31.2	45.5
260	Waveform 1	1	24998.256223517	25008.679952331	28.8	42.2
260	Spectrogram 1	1	24998.256223517	25008.679952331	28.8	42.2
261	Waveform 1	1	25475.366393008	25482.824020127	29.7	42.4
261	Spectrogram 1	1	25475.366393008	25482.824020127	29.7	42.4
262	Waveform 1	1	25627.917240466	25636.137579449	27.3	39.1
262	Spectrogram 1	1	25627.917240466	25636.137579449	27.3	39.1
263	Waveform 1	1	25670.035884534	25678.001986229	29.0	39.6
263	Spectrogram 1	1	25670.035884534	25678.001986229	29.0	39.6
266	Waveform 1	1	25718.230799788	25724.629104873	26.7	42.1
266	Spectrogram 1	1	25718.230799788	25724.629104873	26.7	42.1
267	Waveform 1	1	25822.671477754	25829.535884534	26.2	37.3
267	Spectrogram 1	1	25822.671477754	25829.535884534	26.2	37.3
268	Waveform 1	1	25884.468087924	25892.179952331	30.5	39.2
268	Spectrogram 1	1	25884.468087924	25892.179952331	30.5	39.2
269	Waveform 1	1	25945.840969280	25949.569782839	28.6	38.7
269	Spectrogram 1	1	25945.840969280	25949.569782839	28.6	38.7
270	Waveform 1	1	26018.840969280	26026.807070975	27.6	38.8
270	Spectrogram 1	1	26018.840969280	26026.807070975	27.6	38.8
271	Waveform 1	1	26156.459613347	26167.222325212	30.1	43.6
271	Spectrogram 1	1	26156.459613347	26167.222325212	30.1	43.6
272	Waveform 1	1	26218.849443856	26224.188426907	29.1	40.7
272	Spectrogram 1	1	26218.849443856	26224.188426907	29.1	40.7
273	Waveform 1	1	26238.993511653	26243.739274364	28.8	42.6
273	Spectrogram 1	1	26238.993511653	26243.739274364	28.8	42.6
274	Waveform 1	1	26304.688426907	26312.696901483	29.7	39.8
274	Spectrogram 1	1	26304.688426907	26312.696901483	29.7	39.8
275	Waveform 1	1	26329.324020127	26339.281647246	30.2	39.9
275	Spectrogram 1	1	26329.324020127	26339.281647246	30.2	39.9
276	Waveform 1	1	26363.561308263	26367.078257415	30.6	42.1
276	Spectrogram 1	1	26363.561308263	26367.078257415	30.6	42.1
277	Waveform 1	1	26406.374867585	26412.264698093	30.6	39.4
277	Spectrogram 1	1	26406.374867585	26412.264698093	30.6	39.4
278	Waveform 1	1	26415.103681144	26423.069782839	29.1	40.3
278	Spectrogram 1	1	26415.103681144	26423.069782839	29.1	40.3
279	Waveform 1	1	26509.078257415	26514.629104873	29.0	44.7
279	Spectrogram 1	1	26509.078257415	26514.629104873	29.0	44.7
280	Waveform 1	1	26549.010460805	26556.171477754	31.2	43.5
280	Spectrogram 1	1	26549.010460805	26556.171477754	31.2	43.5
281	Waveform 1	1	26737.451138771	26744.485037076	31.2	44.3
281	Spectrogram 1	1	26737.451138771	26744.485037076	31.2	44.3
282	Waveform 1	1	26897.417240466	26905.976562500	29.2	41.3
282	Spectrogram 1	1	26897.417240466	26905.976562500	29.2	41.3
283	Waveform 1	1	26921.442664195	26926.527409958	28.0	38.1
283	Spectrogram 1	1	26921.442664195	26926.527409958	28.0	38.1
284	Waveform 1	1	26999.103681144	27005.290121822	28.3	44.0
284	Spectrogram 1	1	26999.103681144	27005.290121822	28.3	44.0
285	Waveform 1	1	27049.120630297	27057.637579449	30.9	40.7
285	Spectrogram 1	1	27049.120630297	27057.637579449	30.9	40.7
286	Waveform 1	1	27234.722325212	27242.307070975	29.5	38.1
286	Spectrogram 1	1	27234.722325212	27242.307070975	29.5	38.1
287	Waveform 1	1	27331.434189619	27338.764698093	29.2	41.7
287	Spectrogram 1	1	27331.434189619	27338.764698093	29.2	41.7
288	Waveform 1	1	27374.756223517	27383.273172669	27.6	39.0
288	Spectrogram 1	1	27374.756223517	27383.273172669	27.6	39.0
289	Waveform 1	1	27406.578257415	27414.163003178	30.8	41.7
289	Spectrogram 1	1	27406.578257415	27414.163003178	30.8	41.7
290	Waveform 1	1	27451.891816737	27462.527409958	26.8	43.2
290	Spectrogram 1	1	27451.891816737	27462.527409958	26.8	43.2
291	Waveform 1	1	27518.773172669	27526.993511653	28.6	39.6
291	Spectrogram 1	1	27518.773172669	27526.993511653	28.6	39.6
292	Waveform 1	1	27542.815545551	27553.324020127	31.0	39.0
292	Spectrogram 1	1	27542.815545551	27553.324020127	31.0	39.0
293	Waveform 1	1	27547.391816737	27553.112155720	34.4	45.0
293	Spectrogram 1	1	27547.391816737	27553.112155720	34.4	45.0
294	Waveform 1	1	27556.501986229	27563.663003178	29.0	38.1
294	Spectrogram 1	1	27556.501986229	27563.663003178	29.0	38.1
295	Waveform 1	1	27576.934189619	27584.773172669	26.9	43.7
295	Spectrogram 1	1	27576.934189619	27584.773172669	26.9	43.7
296	Waveform 1	1	27614.154528602	27625.001986229	29.2	41.7
296	Spectrogram 1	1	27614.154528602	27625.001986229	29.2	41.7
297	Waveform 1	1	27637.925715042	27646.315545551	28.7	39.6
297	Spectrogram 1	1	27637.925715042	27646.315545551	28.7	39.6
298	Waveform 1	1	27730.840969280	27741.095206568	30.5	44.1
298	Spectrogram 1	1	27730.840969280	27741.095206568	30.5	44.1
299	Waveform 1	1	27883.349443856	27894.959613347	28.8	39.4
299	Spectrogram 1	1	27883.349443856	27894.959613347	28.8	39.4
300	Waveform 1	1	27963.773172669	27970.934189619	26.4	40.0
300	Spectrogram 1	1	27963.773172669	27970.934189619	26.4	40.0
301	Waveform 1	1	27973.137579449	27978.773172669	30.8	41.5
301	Spectrogram 1	1	27973.137579449	27978.773172669	30.8	41.5
302	Waveform 1	1	28010.485037076	28019.976562500	25.8	36.4
302	Spectrogram 1	1	28010.485037076	28019.976562500	25.8	36.4
303	Waveform 1	1	28036.247748941	28043.281647246	28.4	38.3
303	Spectrogram 1	1	28036.247748941	28043.281647246	28.4	38.3
304	Waveform 1	1	28043.027409958	28052.222325212	31.3	41.5
304	Spectrogram 1	1	28043.027409958	28052.222325212	31.3	41.5
305	Waveform 1	1	28107.095206568	28116.332494703	25.8	36.6
305	Spectrogram 1	1	28107.095206568	28116.332494703	25.8	36.6
306	Waveform 1	1	28158.044359110	28168.934189619	29.2	44.8
306	Spectrogram 1	1	28158.044359110	28168.934189619	29.2	44.8
307	Waveform 1	1	28280.086731992	28283.815545551	29.9	40.9
307	Spectrogram 1	1	28280.086731992	28283.815545551	29.9	40.9
308	Waveform 1	1	28326.781647246	28332.586731992	29.4	45.4
308	Spectrogram 1	1	28326.781647246	28332.586731992	29.4	45.4
309	Waveform 1	1	28356.544359110	28361.078257415	28.3	47.7
309	Spectrogram 1	1	28356.544359110	28361.078257415	28.3	47.7
310	Waveform 1	1	28442.510460805	28446.832494703	28.6	42.1
310	Spectrogram 1	1	28442.510460805	28446.832494703	28.6	42.1
311	Waveform 1	1	28454.417240466	28466.154528602	30.2	44.8
311	Spectrogram 1	1	28454.417240466	28466.154528602	30.2	44.8
312	Waveform 1	1	28541.764698093	28548.798596398	30.9	46.1
312	Spectrogram 1	1	28541.764698093	28548.798596398	30.9	46.1
313	Waveform 1	1	28553.222325212	28562.035884534	29.7	44.4
313	Spectrogram 1	1	28553.222325212	28562.035884534	29.7	44.4
314	Waveform 1	1	28578.518935381	28591.357918432	29.5	42.4
314	Spectrogram 1	1	28578.518935381	28591.357918432	29.5	42.4
315	Waveform 1	1	28613.027409958	28618.705376059	25.8	37.9
315	Spectrogram 1	1	28613.027409958	28618.705376059	25.8	37.9
316	Waveform 1	1	28664.908765890	28673.425715042	30.2	39.9
316	Spectrogram 1	1	28664.908765890	28673.425715042	30.2	39.9
317	Waveform 1	1	28703.171477754	28710.883342161	31.4	41.4
317	Spectrogram 1	1	28703.171477754	28710.883342161	31.4	41.4
318	Waveform 1	1	28730.052833686	28735.646054025	27.7	48.2
318	Spectrogram 1	1	28730.052833686	28735.646054025	27.7	48.2
319	Waveform 1	1	28759.035884534	28763.654528602	32.3	44.1
319	Spectrogram 1	1	28759.035884534	28763.654528602	32.3	44.1
320	Waveform 1	1	28792.146054025	28799.942664195	26.8	40.6
320	Spectrogram 1	1	28792.146054025	28799.942664195	26.8	40.6
321	Waveform 1	1	28807.400291314	28812.781647246	24.2	40.6
321	Spectrogram 1	1	28807.400291314	28812.781647246	24.2	40.6
322	Waveform 1	1	28942.281647246	28952.747748941	28.2	42.9
322	Spectrogram 1	1	28942.281647246	28952.747748941	28.2	42.9
323	Waveform 1	1	29084.264698093	29090.196901483	28.2	42.4
323	Spectrogram 1	1	29084.264698093	29090.196901483	28.2	42.4
324	Waveform 1	1	29111.188426907	29118.349443856	29.1	44.6
324	Spectrogram 1	1	29111.188426907	29118.349443856	29.1	44.6
325	Waveform 1	1	29202.196901483	29207.112155720	24.6	44.3
325	Spectrogram 1	1	29202.196901483	29207.112155720	24.6	44.3
326	Waveform 1	1	29207.196901483	29217.832494703	29.5	41.7
326	Spectrogram 1	1	29207.196901483	29217.832494703	29.5	41.7
327	Waveform 1	1	29340.324020127	29346.340969280	29.8	40.7
327	Spectrogram 1	1	29340.324020127	29346.340969280	29.8	40.7
328	Waveform 1	1	29347.527409958	29360.366393008	31.3	45.6
328	Spectrogram 1	1	29347.527409958	29360.366393008	31.3	45.6
329	Waveform 1	1	29361.442664195	29366.569782839	32.4	43.6
329	Spectrogram 1	1	29361.442664195	29366.569782839	32.4	43.6
330	Waveform 1	1	29713.069782839	29722.391816737	26.8	42.0
330	Spectrogram 1	1	29713.069782839	29722.391816737	26.8	42.0
331	Waveform 1	1	30097.044359110	30103.866393008	27.6	42.0
331	Spectrogram 1	1	30097.044359110	30103.866393008	27.6	42.0
332	Waveform 1	1	30113.315545551	30119.756223517	27.5	43.9
332	Spectrogram 1	1	30113.315545551	30119.756223517	27.5	43.9
333	Waveform 1	1	30150.493511653	30158.290121822	28.3	41.3
333	Spectrogram 1	1	30150.493511653	30158.290121822	28.3	41.3
334	Waveform 1	1	30185.637579449	30192.798596398	29.7	39.9
334	Spectrogram 1	1	30185.637579449	30192.798596398	29.7	39.9
335	Waveform 1	1	30216.527409958	30224.535884534	28.6	40.5
335	Spectrogram 1	1	30216.527409958	30224.535884534	28.6	40.5
336	Waveform 1	1	30238.154528602	30246.078257415	29.9	45.8
336	Spectrogram 1	1	30238.154528602	30246.078257415	29.9	45.8
337	Waveform 1	1	30261.629104873	30269.595206568	29.1	40.2
337	Spectrogram 1	1	30261.629104873	30269.595206568	29.1	40.2
338	Waveform 1	1	30338.654528602	30344.883342161	28.6	37.4
338	Spectrogram 1	1	30338.654528602	30344.883342161	28.6	37.4
339	Waveform 1	1	30358.824020127	30367.764698093	30.1	41.3
339	Spectrogram 1	1	30358.824020127	30367.764698093	30.1	41.3
340	Waveform 1	1	30380.222325212	30388.230799788	29.9	41.8
340	Spectrogram 1	1	30380.222325212	30388.230799788	29.9	41.8
341	Waveform 1	1	30453.942664195	30462.713850636	29.4	40.3
341	Spectrogram 1	1	30453.942664195	30462.713850636	29.4	40.3
342	Waveform 1	1	30464.663003178	30469.069782839	31.8	44.1
342	Spectrogram 1	1	30464.663003178	30469.069782839	31.8	44.1
343	Waveform 1	1	30515.442664195	30525.781647246	29.0	40.9
343	Spectrogram 1	1	30515.442664195	30525.781647246	29.0	40.9
344	Waveform 1	1	30539.044359110	30546.035884534	29.5	39.9
344	Spectrogram 1	1	30539.044359110	30546.035884534	29.5	39.9
345	Waveform 1	1	30571.688426907	30575.374867585	29.4	38.8
345	Spectrogram 1	1	30571.688426907	30575.374867585	29.4	38.8
346	Waveform 1	1	30610.222325212	30614.501986229	25.7	45.5
346	Spectrogram 1	1	30610.222325212	30614.501986229	25.7	45.5
347	Waveform 1	1	30625.900291314	30631.578257415	29.5	44.4
347	Spectrogram 1	1	30625.900291314	30631.578257415	29.5	44.4
348	Waveform 1	1	30642.086731992	30650.264698093	29.4	44.7
348	Spectrogram 1	1	30642.086731992	30650.264698093	29.4	44.7
349	Waveform 1	1	30664.773172669	30672.061308263	26.9	40.6
349	Spectrogram 1	1	30664.773172669	30672.061308263	26.9	40.6
350	Waveform 1	1	30748.730799788	30754.239274364	31.0	41.8
350	Spectrogram 1	1	30748.730799788	30754.239274364	31.0	41.8
351	Waveform 1	1	30808.239274364	30815.230799788	25.8	41.0
351	Spectrogram 1	1	30808.239274364	30815.230799788	25.8	41.0
352	Waveform 1	1	30833.722325212	30837.408765890	34.3	46.9
352	Spectrogram 1	1	30833.722325212	30837.408765890	34.3	46.9
353	Waveform 1	1	30920.476562500	30926.874867585	28.8	46.1
353	Spectrogram 1	1	30920.476562500	30926.874867585	28.8	46.1
354	Waveform 1	1	30946.510460805	30951.891816737	31.0	43.5
354	Spectrogram 1	1	30946.510460805	30951.891816737	31.0	43.5
355	Waveform 1	1	31084.298596398	31091.078257415	29.2	39.6
355	Spectrogram 1	1	31084.298596398	31091.078257415	29.2	39.6
356	Waveform 1	1	31099.739274364	31107.493511653	26.7	41.5
356	Spectrogram 1	1	31099.739274364	31107.493511653	26.7	41.5
357	Waveform 1	1	31217.315545551	31227.527409958	29.0	40.7
357	Spectrogram 1	1	31217.315545551	31227.527409958	29.0	40.7
358	Waveform 1	1	31248.637579449	31252.620630297	26.8	43.7
358	Spectrogram 1	1	31248.637579449	31252.620630297	26.8	43.7
359	Waveform 1	1	31251.561308263	31259.569782839	26.8	41.4
359	Spectrogram 1	1	31251.561308263	31259.569782839	26.8	41.4
360	Waveform 1	1	31301.069782839	31308.146054025	25.6	37.6
360	Spectrogram 1	1	31301.069782839	31308.146054025	25.6	37.6
361	Waveform 1	1	31391.679952331	31396.552833686	28.0	41.8
361	Spectrogram 1	1	31391.679952331	31396.552833686	28.0	41.8
362	Waveform 1	1	31421.781647246	31425.637579449	25.7	41.1
362	Spectrogram 1	1	31421.781647246	31425.637579449	25.7	41.1
363	Waveform 1	1	31487.985037076	31491.840969280	26.7	43.5
363	Spectrogram 1	1	31487.985037076	31491.840969280	26.7	43.5
364	Waveform 1	1	31602.425715042	31608.951138771	31.7	42.0
364	Spectrogram 1	1	31602.425715042	31608.951138771	31.7	42.0
365	Waveform 1	1	31690.595206568	31695.679952331	28.3	39.1
365	Spectrogram 1	1	31690.595206568	31695.679952331	28.3	39.1
366	Waveform 1	1	31699.535884534	31709.790121822	25.6	36.1
366	Spectrogram 1	1	31699.535884534	31709.790121822	25.6	36.1
367	Waveform 1	1	31722.417240466	31725.340969280	27.3	38.7
367	Spectrogram 1	1	31722.417240466	31725.340969280	27.3	38.7
368	Waveform 1	1	31791.095206568	31797.959613347	29.1	41.8
368	Spectrogram 1	1	31791.095206568	31797.959613347	29.1	41.8
369	Waveform 1	1	31950.722325212	31957.756223517	26.7	43.3
369	Spectrogram 1	1	31950.722325212	31957.756223517	26.7	43.3
370	Waveform 1	1	32052.069782839	32056.815545551	24.7	43.7
370	Spectrogram 1	1	32052.069782839	32056.815545551	24.7	43.7
371	Waveform 1	1	32183.798596398	32187.400291314	26.8	38.4
371	Spectrogram 1	1	32183.798596398	32187.400291314	26.8	38.4
372	Waveform 1	1	32239.832494703	32243.095206568	25.0	38.5
372	Spectrogram 1	1	32239.832494703	32243.095206568	25.0	38.5
373	Waveform 1	1	32333.425715042	32344.061308263	29.7	40.7
373	Spectrogram 1	1	32333.425715042	32344.061308263	29.7	40.7
374	Waveform 1	1	32662.001986229	32666.408765890	30.3	41.1
374	Spectrogram 1	1	32662.001986229	32666.408765890	30.3	41.1
375	Waveform 1	1	32645.942664195	32649.417240466	29.1	40.5
375	Spectrogram 1	1	32645.942664195	32649.417240466	29.1	40.5
376	Waveform 1	1	32739.349443856	32744.222325212	26.5	45.1
376	Spectrogram 1	1	32739.349443856	32744.222325212	26.5	45.1
377	Waveform 1	1	32765.510460805	32768.815545551	30.2	42.8
377	Spectrogram 1	1	32765.510460805	32768.815545551	30.2	42.8
378	Waveform 1	1	32824.764698093	32829.637579449	30.5	42.4
378	Spectrogram 1	1	32824.764698093	32829.637579449	30.5	42.4
379	Waveform 1	1	32845.739274364	32851.840969280	26.8	41.5
379	Spectrogram 1	1	32845.739274364	32851.840969280	26.8	41.5
380	Waveform 1	1	32963.222325212	32971.018935381	31.0	43.9
380	Spectrogram 1	1	32963.222325212	32971.018935381	31.0	43.9
381	Waveform 1	1	33074.696901483	33081.095206568	28.0	39.9
381	Spectrogram 1	1	33074.696901483	33081.095206568	28.0	39.9
382	Waveform 1	1	33100.544359110	33106.222325212	29.8	44.1
382	Spectrogram 1	1	33100.544359110	33106.222325212	29.8	44.1
383	Waveform 1	1	33189.900291314	33193.925715042	28.6	41.8
383	Spectrogram 1	1	33189.900291314	33193.925715042	28.6	41.8
384	Waveform 1	1	33266.315545551	33271.527409958	30.9	40.9
384	Spectrogram 1	1	33266.315545551	33271.527409958	30.9	40.9
385	Waveform 1	1	33313.747748941	33320.230799788	26.9	38.3
385	Spectrogram 1	1	33313.747748941	33320.230799788	26.9	38.3
386	Waveform 1	1	33327.900291314	33336.629104873	31.4	43.1
386	Spectrogram 1	1	33327.900291314	33336.629104873	31.4	43.1
387	Waveform 1	1	33394.120630297	33398.061308263	25.7	48.7
387	Spectrogram 1	1	33394.120630297	33398.061308263	25.7	48.7
388	Waveform 1	1	33408.018935381	33413.103681144	27.3	42.6
388	Spectrogram 1	1	33408.018935381	33413.103681144	27.3	42.6
389	Waveform 1	1	33420.561308263	33427.891816737	29.0	45.5
389	Spectrogram 1	1	33420.561308263	33427.891816737	29.0	45.5
390	Waveform 1	1	33436.027409958	33444.925715042	24.9	38.4
390	Spectrogram 1	1	33436.027409958	33444.925715042	24.9	38.4
391	Waveform 1	1	33542.163003178	33549.917240466	29.7	43.5
391	Spectrogram 1	1	33542.163003178	33549.917240466	29.7	43.5
392	Waveform 1	1	33586.629104873	33593.281647246	29.1	42.0
392	Spectrogram 1	1	33586.629104873	33593.281647246	29.1	42.0
393	Waveform 1	1	33703.018935381	33713.696901483	24.9	43.7
393	Spectrogram 1	1	33703.018935381	33713.696901483	24.9	43.7
394	Waveform 1	1	33939.883342161	33947.256223517	27.6	41.5
394	Spectrogram 1	1	33939.883342161	33947.256223517	27.6	41.5
395	Waveform 1	1	33985.391816737	33989.756223517	25.0	42.4
395	Spectrogram 1	1	33985.391816737	33989.756223517	25.0	42.4
396	Waveform 1	1	34051.527409958	34061.824020127	27.5	40.5
396	Spectrogram 1	1	34051.527409958	34061.824020127	27.5	40.5
397	Waveform 1	1	34124.425715042	34129.298596398	26.9	40.9
397	Spectrogram 1	1	34124.425715042	34129.298596398	26.9	40.9
398	Waveform 1	1	34263.840969280	34267.442664195	31.7	44.0
398	Spectrogram 1	1	34263.840969280	34267.442664195	31.7	44.0
399	Waveform 1	1	34299.349443856	34304.646054025	29.8	39.1
399	Spectrogram 1	1	34299.349443856	34304.646054025	29.8	39.1
400	Waveform 1	1	34387.137579449	34392.052833686	29.7	39.1
400	Spectrogram 1	1	34387.137579449	34392.052833686	29.7	39.1
401	Waveform 1	1	34397.476562500	34400.654528602	28.8	38.0
401	Spectrogram 1	1	34397.476562500	34400.654528602	28.8	38.0
402	Waveform 1	1	34469.052833686	34476.764698093	26.7	40.3
402	Spectrogram 1	1	34469.052833686	34476.764698093	26.7	40.3
403	Waveform 1	1	34530.044359110	34536.188426907	26.0	43.5
403	Spectrogram 1	1	34530.044359110	34536.188426907	26.0	43.5
404	Waveform 1	1	34567.247748941	34570.764698093	31.4	42.1
404	Spectrogram 1	1	34567.247748941	34570.764698093	31.4	42.1
405	Waveform 1	1	34588.366393008	34591.247748941	27.3	38.5
405	Spectrogram 1	1	34588.366393008	34591.247748941	27.3	38.5
406	Waveform 1	1	34625.146054025	34629.637579449	28.8	39.6
406	Spectrogram 1	1	34625.146054025	34629.637579449	28.8	39.6
407	Waveform 1	1	34641.476562500	34649.103681144	30.5	42.8
407	Spectrogram 1	1	34641.476562500	34649.103681144	30.5	42.8
408	Waveform 1	1	34684.713850636	34690.264698093	31.4	44.6
408	Spectrogram 1	1	34684.713850636	34690.264698093	31.4	44.6
409	Waveform 1	1	34726.790121822	34730.222325212	31.0	41.0
409	Spectrogram 1	1	34726.790121822	34730.222325212	31.0	41.0
410	Waveform 1	1	34748.120630297	34752.485037076	34.7	45.2
410	Spectrogram 1	1	34748.120630297	34752.485037076	34.7	45.2
411	Waveform 1	1	34759.688426907	34762.485037076	32.0	42.5
411	Spectrogram 1	1	34759.688426907	34762.485037076	32.0	42.5
412	Waveform 1	1	34840.171477754	34846.654528602	30.3	40.7
412	Spectrogram 1	1	34840.171477754	34846.654528602	30.3	40.7
413	Waveform 1	1	34882.942664195	34888.366393008	32.7	40.5
413	Spectrogram 1	1	34882.942664195	34888.366393008	32.7	40.5
414	Waveform 1	1	34967.552833686	34974.120630297	31.4	43.6
414	Spectrogram 1	1	34967.552833686	34974.120630297	31.4	43.6
415	Waveform 1	1	35087.374867585	35095.086731992	30.3	43.1
415	Spectrogram 1	1	35087.374867585	35095.086731992	30.3	43.1
416	Waveform 1	1	35155.400291314	35160.103681144	28.0	35.4
416	Spectrogram 1	1	35155.400291314	35160.103681144	28.0	35.4
417	Waveform 1	1	35207.069782839	35210.290121822	30.1	38.3
417	Spectrogram 1	1	35207.069782839	35210.290121822	30.1	38.3
418	Waveform 1	1	35253.527409958	35258.824020127	35.1	46.3
418	Spectrogram 1	1	35253.527409958	35258.824020127	35.1	46.3
419	Waveform 1	1	35466.137579449	35472.747748941	28.0	38.7
419	Spectrogram 1	1	35466.137579449	35472.747748941	28.0	38.7
420	Waveform 1	1	35506.917240466	35511.069782839	23.6	31.8
420	Spectrogram 1	1	35506.917240466	35511.069782839	23.6	31.8
421	Waveform 1	1	35679.044359110	35683.705376059	33.2	45.6
421	Spectrogram 1	1	35679.044359110	35683.705376059	33.2	45.6
422	Waveform 1	1	35783.527409958	35791.027409958	30.1	43.3
422	Spectrogram 1	1	35783.527409958	35791.027409958	30.1	43.3
424	Waveform 1	1	35825.027409958	35828.586731992	23.9	36.1
424	Spectrogram 1	1	35825.027409958	35828.586731992	23.9	36.1
425	Waveform 1	1	35839.603681144	35844.137579449	31.6	42.0
425	Spectrogram 1	1	35839.603681144	35844.137579449	31.6	42.0
426	Waveform 1	1	35896.739274364	35904.281647246	31.4	41.5
426	Spectrogram 1	1	35896.739274364	35904.281647246	31.4	41.5
427	Waveform 1	1	35996.137579449	36002.663003178	23.2	37.7
427	Spectrogram 1	1	35996.137579449	36002.663003178	23.2	37.7
428	Waveform 1	1	36043.866393008	36057.595206568	25.6	39.2
428	Spectrogram 1	1	36043.866393008	36057.595206568	25.6	39.2
429	Waveform 1	1	36280.968087924	36287.069782839	32.1	41.1
429	Spectrogram 1	1	36280.968087924	36287.069782839	32.1	41.1
430	Waveform 1	1	36312.807070975	36318.103681144	30.9	41.4
430	Spectrogram 1	1	36312.807070975	36318.103681144	30.9	41.4
431	Waveform 1	1	36388.205376059	36392.739274364	30.9	40.7
431	Spectrogram 1	1	36388.205376059	36392.739274364	30.9	40.7
432	Waveform 1	1	36429.620630297	36441.908765890	31.6	41.0
432	Spectrogram 1	1	36429.620630297	36441.908765890	31.6	41.0
433	Waveform 1	1	36478.196901483	36484.383342161	29.5	40.2
433	Spectrogram 1	1	36478.196901483	36484.383342161	29.5	40.2
434	Waveform 1	1	36515.222325212	36527.298596398	27.9	44.0
434	Spectrogram 1	1	36515.222325212	36527.298596398	27.9	44.0
435	Waveform 1	1	36652.078257415	36663.900291314	31.3	39.2
435	Spectrogram 1	1	36652.078257415	36663.900291314	31.3	39.2
436	Waveform 1	1	36773.849443856	36779.739274364	30.9	41.7
436	Spectrogram 1	1	36773.849443856	36779.739274364	30.9	41.7
437	Waveform 1	1	36805.391816737	36808.866393008	32.5	43.1
437	Spectrogram 1	1	36805.391816737	36808.866393008	32.5	43.1
438	Waveform 1	1	36854.010460805	36863.035884534	31.7	39.9
438	Spectrogram 1	1	36854.010460805	36863.035884534	31.7	39.9
439	Waveform 1	1	37108.857918432	37117.332494703	30.1	38.1
439	Spectrogram 1	1	37108.857918432	37117.332494703	30.1	38.1
440	Waveform 1	1	37210.078257415	37222.069782839	30.6	39.9
440	Spectrogram 1	1	37210.078257415	37222.069782839	30.6	39.9
441	Waveform 1	1	37205.332494703	37213.722325212	27.7	37.3
441	Spectrogram 1	1	37205.332494703	37213.722325212	27.7	37.3
442	Waveform 1	1	37266.027409958	37275.646054025	32.3	42.2
442	Spectrogram 1	1	37266.027409958	37275.646054025	32.3	42.2
443	Waveform 1	1	37289.052833686	37296.764698093	28.3	36.8
443	Spectrogram 1	1	37289.052833686	37296.764698093	28.3	36.8
444	Waveform 1	1	37333.968087924	37338.247748941	27.2	38.0
444	Spectrogram 1	1	37333.968087924	37338.247748941	27.2	38.0
445	Waveform 1	1	37364.451138771	37374.578257415	32.0	40.3
445	Spectrogram 1	1	37364.451138771	37374.578257415	32.0	40.3
446	Waveform 1	1	37522.510460805	37531.112155720	28.6	42.6
446	Spectrogram 1	1	37522.510460805	37531.112155720	28.6	42.6
447	Waveform 1	1	37541.324020127	37551.747748941	32.3	44.0
447	Spectrogram 1	1	37541.324020127	37551.747748941	32.3	44.0
448	Waveform 1	1	37564.391816737	37570.324020127	33.3	41.3
448	Spectrogram 1	1	37564.391816737	37570.324020127	33.3	41.3
449	Waveform 1	1	37636.696901483	37647.756223517	29.9	40.0
449	Spectrogram 1	1	37636.696901483	37647.756223517	29.9	40.0
450	Waveform 1	1	37669.679952331	37677.179952331	30.5	43.2
450	Spectrogram 1	1	37669.679952331	37677.179952331	30.5	43.2
451	Waveform 1	1	37703.366393008	37711.968087924	30.2	41.1
451	Spectrogram 1	1	37703.366393008	37711.968087924	30.2	41.1
452	Waveform 1	1	37822.086731992	37829.798596398	29.9	35.8
452	Spectrogram 1	1	37822.086731992	37829.798596398	29.9	35.8
453	Waveform 1	1	37894.027409958	37905.510460805	29.2	37.3
453	Spectrogram 1	1	37894.027409958	37905.510460805	29.2	37.3
454	Waveform 1	1	37981.332494703	37990.273172669	28.0	37.2
454	Spectrogram 1	1	37981.332494703	37990.273172669	28.0	37.2
455	Waveform 1	1	38303.256223517	38312.154528602	29.4	38.5
455	Spectrogram 1	1	38303.256223517	38312.154528602	29.4	38.5
456	Waveform 1	1	38330.052833686	38335.179952331	30.1	39.4
456	Spectrogram 1	1	38330.052833686	38335.179952331	30.1	39.4
457	Waveform 1	1	38385.535884534	38389.264698093	27.7	36.5
457	Spectrogram 1	1	38385.535884534	38389.264698093	27.7	36.5
458	Waveform 1	1	38466.485037076	38470.213850636	28.7	40.5
458	Spectrogram 1	1	38466.485037076	38470.213850636	28.7	40.5
459	Waveform 1	1	38510.442664195	38514.468087924	27.5	39.6
459	Spectrogram 1	1	38510.442664195	38514.468087924	27.5	39.6
460	Waveform 1	1	38729.874867585	38736.485037076	34.2	40.6
460	Spectrogram 1	1	38729.874867585	38736.485037076	34.2	40.6
461	Waveform 1	1	38798.425715042	38805.459613347	30.6	42.0
461	Spectrogram 1	1	38798.425715042	38805.459613347	30.6	42.0
462	Waveform 1	1	38849.061308263	38855.290121822	29.1	35.9
462	Spectrogram 1	1	38849.061308263	38855.290121822	29.1	35.9
463	Waveform 1	1	38876.620630297	38881.196901483	29.4	39.2
463	Spectrogram 1	1	38876.620630297	38881.196901483	29.4	39.2
464	Waveform 1	1	38978.900291314	38982.756223517	31.0	42.2
464	Spectrogram 1	1	38978.900291314	38982.756223517	31.0	42.2
465	Waveform 1	1	39031.713850636	39050.485037076	30.5	43.7
465	Spectrogram 1	1	39031.713850636	39050.485037076	30.5	43.7
466	Waveform 1	1	39050.866393008	39054.298596398	30.3	40.7
466	Spectrogram 1	1	39050.866393008	39054.298596398	30.3	40.7
467	Waveform 1	1	39100.586731992	39103.171477754	32.9	42.2
467	Spectrogram 1	1	39100.586731992	39103.171477754	32.9	42.2
468	Waveform 1	1	39114.612155720	39120.417240466	33.3	44.4
468	Spectrogram 1	1	39114.612155720	39120.417240466	33.3	44.4
469	Waveform 1	1	39159.629104873	39173.442664195	31.6	42.2
469	Spectrogram 1	1	39159.629104873	39173.442664195	31.6	42.2
470	Waveform 1	1	39252.163003178	39266.569782839	32.5	42.9
470	Spectrogram 1	1	39252.163003178	39266.569782839	32.5	42.9
471	Waveform 1	1	39283.154528602	39287.603681144	28.2	35.9
471	Spectrogram 1	1	39283.154528602	39287.603681144	28.2	35.9
472	Waveform 1	1	39348.086731992	39357.324020127	27.9	40.6
472	Spectrogram 1	1	39348.086731992	39357.324020127	27.9	40.6
473	Waveform 1	1	39372.790121822	39382.620630297	25.8	38.5
473	Spectrogram 1	1	39372.790121822	39382.620630297	25.8	38.5
474	Waveform 1	1	39415.561308263	39425.815545551	31.4	41.8
474	Spectrogram 1	1	39415.561308263	39425.815545551	31.4	41.8
475	Waveform 1	1	39463.078257415	39476.129104873	31.6	42.6
475	Spectrogram 1	1	39463.078257415	39476.129104873	31.6	42.6
476	Waveform 1	1	39679.586731992	39688.739274364	31.6	42.1
476	Spectrogram 1	1	39679.586731992	39688.739274364	31.6	42.1
477	Waveform 1	1	39773.942664195	39782.671477754	31.2	42.2
477	Spectrogram 1	1	39773.942664195	39782.671477754	31.2	42.2
478	Waveform 1	1	39844.849443856	39853.239274364	31.2	43.5
478	Spectrogram 1	1	39844.849443856	39853.239274364	31.2	43.5
479	Waveform 1	1	39895.756223517	39900.883342161	27.9	38.1
479	Spectrogram 1	1	39895.756223517	39900.883342161	27.9	38.1
480	Waveform 1	1	40101.332494703	40116.459613347	26.0	38.4
480	Spectrogram 1	1	40101.332494703	40116.459613347	26.0	38.4
481	Waveform 1	1	40166.815545551	40171.646054025	27.7	37.3
481	Spectrogram 1	1	40166.815545551	40171.646054025	27.7	37.3
482	Waveform 1	1	40206.239274364	40210.730799788	30.8	43.6
482	Spectrogram 1	1	40206.239274364	40210.730799788	30.8	43.6
483	Waveform 1	1	40269.815545551	40276.849443856	27.6	39.5
483	Spectrogram 1	1	40269.815545551	40276.849443856	27.6	39.5
484	Waveform 1	1	40316.612155720	40323.137579449	30.8	40.6
484	Spectrogram 1	1	40316.612155720	40323.137579449	30.8	40.6
485	Waveform 1	1	40331.485037076	40336.400291314	31.7	40.6
485	Spectrogram 1	1	40331.485037076	40336.400291314	31.7	40.6
486	Waveform 1	1	40568.544359110	40575.620630297	33.9	45.9
486	Spectrogram 1	1	40568.544359110	40575.620630297	33.9	45.9
487	Waveform 1	1	40639.849443856	40643.112155720	32.9	42.2
487	Spectrogram 1	1	40639.849443856	40643.112155720	32.9	42.2
488	Waveform 1	1	40662.518935381	40671.332494703	27.1	38.8
488	Spectrogram 1	1	40662.518935381	40671.332494703	27.1	38.8
489	Waveform 1	1	40722.493511653	40733.213850636	29.2	44.4
489	Spectrogram 1	1	40722.493511653	40733.213850636	29.2	44.4
490	Waveform 1	1	40826.001986229	40831.637579449	31.7	41.4
490	Spectrogram 1	1	40826.001986229	40831.637579449	31.7	41.4
491	Waveform 1	1	41148.688426907	41155.340969280	26.7	41.4
491	Spectrogram 1	1	41148.688426907	41155.340969280	26.7	41.4
492	Waveform 1	1	41249.103681144	41253.764698093	35.7	43.5
492	Spectrogram 1	1	41249.103681144	41253.764698093	35.7	43.5
493	Waveform 1	1	41334.917240466	41340.086731992	29.7	45.0
493	Spectrogram 1	1	41334.917240466	41340.086731992	29.7	45.0
494	Waveform 1	1	41345.044359110	41348.349443856	30.3	43.7
494	Spectrogram 1	1	41345.044359110	41348.349443856	30.3	43.7
495	Waveform 1	1	41404.171477754	41407.391816737	26.2	38.8
495	Spectrogram 1	1	41404.171477754	41407.391816737	26.2	38.8
496	Waveform 1	1	41418.239274364	41423.027409958	33.5	44.3
496	Spectrogram 1	1	41418.239274364	41423.027409958	33.5	44.3
497	Waveform 1	1	41494.332494703	41498.739274364	34.2	42.8
497	Spectrogram 1	1	41494.332494703	41498.739274364	34.2	42.8
498	Waveform 1	1	41524.883342161	41529.163003178	30.9	42.4
498	Spectrogram 1	1	41524.883342161	41529.163003178	30.9	42.4
499	Waveform 1	1	41586.171477754	41589.773172669	27.9	43.2
499	Spectrogram 1	1	41586.171477754	41589.773172669	27.9	43.2
500	Waveform 1	1	41702.052833686	41704.679952331	34.9	42.5
500	Spectrogram 1	1	41702.052833686	41704.679952331	34.9	42.5
501	Waveform 1	1	41718.001986229	41723.595206568	26.9	39.6
501	Spectrogram 1	1	41718.001986229	41723.595206568	26.9	39.6
502	Waveform 1	1	41753.383342161	41757.578257415	31.8	43.3
502	Spectrogram 1	1	41753.383342161	41757.578257415	31.8	43.3
503	Waveform 1	1	41767.807070975	41771.790121822	26.2	43.1
503	Spectrogram 1	1	41767.807070975	41771.790121822	26.2	43.1
504	Waveform 1	1	41829.052833686	41834.603681144	28.4	41.0
504	Spectrogram 1	1	41829.052833686	41834.603681144	28.4	41.0
505	Waveform 1	1	41867.612155720	41871.679952331	31.4	42.2
505	Spectrogram 1	1	41867.612155720	41871.679952331	31.4	42.2
506	Waveform 1	1	41931.756223517	41936.544359110	30.6	42.5
506	Spectrogram 1	1	41931.756223517	41936.544359110	30.6	42.5
507	Waveform 1	1	41997.663003178	42002.663003178	26.2	38.1
507	Spectrogram 1	1	41997.663003178	42002.663003178	26.2	38.1
508	Waveform 1	1	42030.620630297	42033.290121822	30.2	44.7
508	Spectrogram 1	1	42030.620630297	42033.290121822	30.2	44.7
509	Waveform 1	1	42112.374867585	42115.468087924	31.3	44.7
509	Spectrogram 1	1	42112.374867585	42115.468087924	31.3	44.7
510	Waveform 1	1	42128.773172669	42131.654528602	31.7	44.0
510	Spectrogram 1	1	42128.773172669	42131.654528602	31.7	44.0
511	Waveform 1	1	42225.459613347	42228.891816737	33.6	47.8
511	Spectrogram 1	1	42225.459613347	42228.891816737	33.6	47.8
512	Waveform 1	1	42255.985037076	42260.815545551	23.6	37.4
512	Spectrogram 1	1	42255.985037076	42260.815545551	23.6	37.4
513	Waveform 1	1	42355.468087924	42359.959613347	27.3	40.0
513	Spectrogram 1	1	42355.468087924	42359.959613347	27.3	40.0
514	Waveform 1	1	42374.874867585	42380.637579449	29.0	42.1
514	Spectrogram 1	1	42374.874867585	42380.637579449	29.0	42.1
515	Waveform 1	1	42412.688426907	42416.713850636	28.6	37.2
515	Spectrogram 1	1	42412.688426907	42416.713850636	28.6	37.2
516	Waveform 1	1	42484.781647246	42488.383342161	33.3	45.9
516	Spectrogram 1	1	42484.781647246	42488.383342161	33.3	45.9
517	Waveform 1	1	42524.374867585	42527.086731992	24.6	40.2
517	Spectrogram 1	1	42524.374867585	42527.086731992	24.6	40.2
518	Waveform 1	1	42529.078257415	42535.646054025	28.8	40.3
518	Spectrogram 1	1	42529.078257415	42535.646054025	28.8	40.3
519	Waveform 1	1	42548.018935381	42551.747748941	29.1	41.8
519	Spectrogram 1	1	42548.018935381	42551.747748941	29.1	41.8
520	Waveform 1	1	42700.442664195	42708.705376059	31.4	43.9
520	Spectrogram 1	1	42700.442664195	42708.705376059	31.4	43.9
521	Waveform 1	1	42733.213850636	42737.535884534	27.6	41.7
521	Spectrogram 1	1	42733.213850636	42737.535884534	27.6	41.7
522	Waveform 1	1	42763.510460805	42768.298596398	29.4	40.3
522	Spectrogram 1	1	42763.510460805	42768.298596398	29.4	40.3
523	Waveform 1	1	42770.163003178	42772.959613347	31.4	40.3
523	Spectrogram 1	1	42770.163003178	42772.959613347	31.4	40.3
524	Waveform 1	1	42829.798596398	42833.357918432	31.6	41.1
524	Spectrogram 1	1	42829.798596398	42833.357918432	31.6	41.1
525	Waveform 1	1	42885.874867585	42890.705376059	33.9	44.8
525	Spectrogram 1	1	42885.874867585	42890.705376059	33.9	44.8
526	Waveform 1	1	42967.815545551	42974.976562500	29.7	41.1
526	Spectrogram 1	1	42967.815545551	42974.976562500	29.7	41.1
527	Waveform 1	1	43066.535884534	43073.612155720	32.7	46.3
527	Spectrogram 1	1	43066.535884534	43073.612155720	32.7	46.3
528	Waveform 1	1	43136.383342161	43140.281647246	25.8	37.9
528	Spectrogram 1	1	43136.383342161	43140.281647246	25.8	37.9
529	Waveform 1	1	43141.129104873	43144.095206568	31.6	39.6
529	Spectrogram 1	1	43141.129104873	43144.095206568	31.6	39.6
530	Waveform 1	1	43165.086731992	43172.417240466	31.4	45.0
530	Spectrogram 1	1	43165.086731992	43172.417240466	31.4	45.0
531	Waveform 1	1	43221.290121822	43224.679952331	28.8	42.8
531	Spectrogram 1	1	43221.290121822	43224.679952331	28.8	42.8
532	Waveform 1	1	43228.408765890	43235.188426907	29.0	37.7
532	Spectrogram 1	1	43228.408765890	43235.188426907	29.0	37.7
533	Waveform 1	1	43274.612155720	43278.891816737	28.8	38.0
533	Spectrogram 1	1	43274.612155720	43278.891816737	28.8	38.0
534	Waveform 1	1	43285.163003178	43290.459613347	24.1	32.4
534	Spectrogram 1	1	43285.163003178	43290.459613347	24.1	32.4
535	Waveform 1	1	43306.434189619	43310.163003178	27.6	37.4
535	Spectrogram 1	1	43306.434189619	43310.163003178	27.6	37.4
536	Waveform 1	1	43341.239274364	43343.908765890	30.9	45.4
536	Spectrogram 1	1	43341.239274364	43343.908765890	30.9	45.4
537	Waveform 1	1	43418.163003178	43421.722325212	29.0	42.1
537	Spectrogram 1	1	43418.163003178	43421.722325212	29.0	42.1
538	Waveform 1	1	43409.561308263	43412.908765890	25.8	37.7
538	Spectrogram 1	1	43409.561308263	43412.908765890	25.8	37.7
539	Waveform 1	1	43472.290121822	43484.112155720	23.2	34.0
539	Spectrogram 1	1	43472.290121822	43484.112155720	23.2	34.0
540	Waveform 1	1	43496.417240466	43502.307070975	31.3	39.9
540	Spectrogram 1	1	43496.417240466	43502.307070975	31.3	39.9
541	Waveform 1	1	43594.586731992	43603.612155720	32.1	41.7
541	Spectrogram 1	1	43594.586731992	43603.612155720	32.1	41.7
542	Waveform 1	1	43669.137579449	43672.696901483	28.7	40.3
542	Spectrogram 1	1	43669.137579449	43672.696901483	28.7	40.3
543	Waveform 1	1	43711.230799788	43722.544359110	30.5	41.4
543	Spectrogram 1	1	43711.230799788	43722.544359110	30.5	41.4
544	Waveform 1	1	43820.078257415	43827.620630297	28.8	37.2
544	Spectrogram 1	1	43820.078257415	43827.620630297	28.8	37.2
545	Waveform 1	1	43828.595206568	43834.569782839	34.7	45.1
545	Spectrogram 1	1	43828.595206568	43834.569782839	34.7	45.1
546	Waveform 1	1	43894.798596398	43907.510460805	29.9	43.6
546	Spectrogram 1	1	43894.798596398	43907.510460805	29.9	43.6
547	Waveform 1	1	43957.442664195	43962.018935381	28.3	42.4
547	Spectrogram 1	1	43957.442664195	43962.018935381	28.3	42.4
548	Waveform 1	1	43980.510460805	43984.663003178	31.8	42.6
548	Spectrogram 1	1	43980.510460805	43984.663003178	31.8	42.6
549	Waveform 1	1	44051.671477754	44057.815545551	27.5	39.2
549	Spectrogram 1	1	44051.671477754	44057.815545551	27.5	39.2
550	Waveform 1	1	44083.213850636	44091.095206568	26.7	42.2
550	Spectrogram 1	1	44083.213850636	44091.095206568	26.7	42.2
551	Waveform 1	1	44159.247748941	44163.866393008	28.0	39.5
551	Spectrogram 1	1	44159.247748941	44163.866393008	28.0	39.5
552	Waveform 1	1	44186.552833686	44191.468087924	28.8	39.4
552	Spectrogram 1	1	44186.552833686	44191.468087924	28.8	39.4
553	Waveform 1	1	44238.773172669	44245.510460805	30.5	39.9
553	Spectrogram 1	1	44238.773172669	44245.510460805	30.5	39.9
554	Waveform 1	1	44254.069782839	44262.417240466	28.0	39.6
554	Spectrogram 1	1	44254.069782839	44262.417240466	28.0	39.6
555	Waveform 1	1	44317.688426907	44323.620630297	29.1	41.3
555	Spectrogram 1	1	44317.688426907	44323.620630297	29.1	41.3
556	Waveform 1	1	44385.629104873	44395.332494703	29.7	41.4
556	Spectrogram 1	1	44385.629104873	44395.332494703	29.7	41.4
557	Waveform 1	1	44410.773172669	44420.052833686	23.8	37.9
557	Spectrogram 1	1	44410.773172669	44420.052833686	23.8	37.9
558	Waveform 1	1	44451.112155720	44455.857918432	26.4	39.5
558	Spectrogram 1	1	44451.112155720	44455.857918432	26.4	39.5
559	Waveform 1	1	44503.417240466	44508.035884534	25.3	39.0
559	Spectrogram 1	1	44503.417240466	44508.035884534	25.3	39.0
560	Waveform 1	1	44525.001986229	44533.095206568	31.4	42.8
560	Spectrogram 1	1	44525.001986229	44533.095206568	31.4	42.8
561	Waveform 1	1	44557.332494703	44560.679952331	31.3	39.9
561	Spectrogram 1	1	44557.332494703	44560.679952331	31.3	39.9
562	Waveform 1	1	44603.239274364	44606.798596398	32.3	42.2
562	Spectrogram 1	1	44603.239274364	44606.798596398	32.3	42.2
563	Waveform 1	1	44654.400291314	44662.917240466	30.2	39.2
563	Spectrogram 1	1	44654.400291314	44662.917240466	30.2	39.2
564	Waveform 1	1	44688.273172669	44691.535884534	32.9	45.1
564	Spectrogram 1	1	44688.273172669	44691.535884534	32.9	45.1
565	Waveform 1	1	44720.518935381	44725.307070975	29.8	40.3
565	Spectrogram 1	1	44720.518935381	44725.307070975	29.8	40.3
566	Waveform 1	1	44728.374867585	44731.891816737	30.5	40.2
566	Spectrogram 1	1	44728.374867585	44731.891816737	30.5	40.2
567	Waveform 1	1	44755.069782839	44763.290121822	28.8	39.4
567	Spectrogram 1	1	44755.069782839	44763.290121822	28.8	39.4
568	Waveform 1	1	44836.163003178	44840.951138771	30.8	41.1
568	Spectrogram 1	1	44836.163003178	44840.951138771	30.8	41.1
569	Waveform 1	1	44847.815545551	44856.840969280	29.2	40.2
569	Spectrogram 1	1	44847.815545551	44856.840969280	29.2	40.2
570	Waveform 1	1	44893.891816737	44898.976562500	29.2	41.5
570	Spectrogram 1	1	44893.891816737	44898.976562500	29.2	41.5
571	Waveform 1	1	44902.239274364	44906.179952331	32.9	44.8
571	Spectrogram 1	1	44902.239274364	44906.179952331	32.9	44.8
572	Waveform 1	1	44959.756223517	44970.052833686	26.8	41.1
572	Spectrogram 1	1	44959.756223517	44970.052833686	26.8	41.1
573	Waveform 1	1	44976.663003178	44982.807070975	30.5	41.3
573	Spectrogram 1	1	44976.663003178	44982.807070975	30.5	41.3
574	Waveform 1	1	45042.866393008	45046.976562500	30.9	41.4
574	Spectrogram 1	1	45042.866393008	45046.976562500	30.9	41.4
575	Waveform 1	1	45050.281647246	45052.824020127	33.1	43.9
575	Spectrogram 1	1	45050.281647246	45052.824020127	33.1	43.9
576	Waveform 1	1	45064.196901483	45067.629104873	31.3	38.4
576	Spectrogram 1	1	45064.196901483	45067.629104873	31.3	38.4
577	Waveform 1	1	45085.510460805	45090.468087924	31.7	39.9
577	Spectrogram 1	1	45085.510460805	45090.468087924	31.7	39.9
578	Waveform 1	1	45135.400291314	45138.832494703	29.0	41.5
578	Spectrogram 1	1	45135.400291314	45138.832494703	29.0	41.5
579	Waveform 1	1	45184.103681144	45199.188426907	30.8	40.5
579	Spectrogram 1	1	45184.103681144	45199.188426907	30.8	40.5
581	Waveform 1	1	45253.442664195	45258.103681144	27.2	41.1
581	Spectrogram 1	1	45253.442664195	45258.103681144	27.2	41.1
582	Waveform 1	1	45259.671477754	45265.052833686	28.0	42.9
582	Spectrogram 1	1	45259.671477754	45265.052833686	28.0	42.9
583	Waveform 1	1	45265.857918432	45268.908765890	28.3	40.0
583	Spectrogram 1	1	45265.857918432	45268.908765890	28.3	40.0
584	Waveform 1	1	45302.442664195	45307.866393008	30.2	38.4
584	Spectrogram 1	1	45302.442664195	45307.866393008	30.2	38.4
585	Waveform 1	1	45339.451138771	45345.129104873	28.4	39.8
585	Spectrogram 1	1	45339.451138771	45345.129104873	28.4	39.8
586	Waveform 1	1	45366.781647246	45376.400291314	30.1	45.0
586	Spectrogram 1	1	45366.781647246	45376.400291314	30.1	45.0
587	Waveform 1	1	45416.798596398	45421.078257415	28.6	38.7
587	Spectrogram 1	1	45416.798596398	45421.078257415	28.6	38.7
588	Waveform 1	1	45478.171477754	45481.857918432	26.9	39.0
588	Spectrogram 1	1	45478.171477754	45481.857918432	26.9	39.0
589	Waveform 1	1	45497.891816737	45502.891816737	32.0	40.3
589	Spectrogram 1	1	45497.891816737	45502.891816737	32.0	40.3
590	Waveform 1	1	45510.603681144	45513.824020127	32.7	44.4
590	Spectrogram 1	1	45510.603681144	45513.824020127	32.7	44.4
591	Waveform 1	1	45515.985037076	45519.374867585	30.8	41.5
591	Spectrogram 1	1	45515.985037076	45519.374867585	30.8	41.5
592	Waveform 1	1	45536.408765890	45539.417240466	30.3	38.7
592	Spectrogram 1	1	45536.408765890	45539.417240466	30.3	38.7
593	Waveform 1	1	45562.696901483	45564.688426907	27.9	40.3
593	Spectrogram 1	1	45562.696901483	45564.688426907	27.9	40.3
594	Waveform 1	1	45596.527409958	45601.103681144	30.8	43.2
594	Spectrogram 1	1	45596.527409958	45601.103681144	30.8	43.2
595	Waveform 1	1	45630.425715042	45636.908765890	32.0	41.8
595	Spectrogram 1	1	45630.425715042	45636.908765890	32.0	41.8
596	Waveform 1	1	45645.654528602	45647.942664195	29.9	40.2
596	Spectrogram 1	1	45645.654528602	45647.942664195	29.9	40.2
597	Waveform 1	1	45652.730799788	45658.196901483	28.6	40.5
597	Spectrogram 1	1	45652.730799788	45658.196901483	28.6	40.5
598	Waveform 1	1	45662.222325212	45665.569782839	30.3	39.4
598	Spectrogram 1	1	45662.222325212	45665.569782839	30.3	39.4
599	Waveform 1	1	45738.679952331	45741.815545551	29.4	39.6
599	Spectrogram 1	1	45738.679952331	45741.815545551	29.4	39.6
600	Waveform 1	1	45758.908765890	45763.696901483	28.0	39.2
600	Spectrogram 1	1	45758.908765890	45763.696901483	28.0	39.2
601	Waveform 1	1	45766.663003178	45770.518935381	32.3	45.5
601	Spectrogram 1	1	45766.663003178	45770.518935381	32.3	45.5
602	Waveform 1	1	45774.629104873	45779.035884534	27.3	39.4
602	Spectrogram 1	1	45774.629104873	45779.035884534	27.3	39.4
603	Waveform 1	1	45906.781647246	45913.307070975	28.8	40.5
603	Spectrogram 1	1	45906.781647246	45913.307070975	28.8	40.5
604	Waveform 1	1	45918.196901483	45923.196901483	33.8	44.3
604	Spectrogram 1	1	45918.196901483	45923.196901483	33.8	44.3
605	Waveform 1	1	45924.934189619	45928.408765890	28.2	37.9
605	Spectrogram 1	1	45924.934189619	45928.408765890	28.2	37.9
606	Waveform 1	1	46045.730799788	46049.459613347	27.7	39.4
606	Spectrogram 1	1	46045.730799788	46049.459613347	27.7	39.4
607	Waveform 1	1	46079.815545551	46083.544359110	31.2	41.8
607	Spectrogram 1	1	46079.815545551	46083.544359110	31.2	41.8
608	Waveform 1	1	46115.663003178	46123.332494703	28.3	36.9
608	Spectrogram 1	1	46115.663003178	46123.332494703	28.3	36.9
609	Waveform 1	1	46131.442664195	46137.968087924	28.8	37.3
609	Spectrogram 1	1	46131.442664195	46137.968087924	28.8	37.3
610	Waveform 1	1	46159.705376059	46172.756223517	25.7	39.5
610	Spectrogram 1	1	46159.705376059	46172.756223517	25.7	39.5
611	Waveform 1	1	46192.688426907	46197.857918432	27.5	37.4
611	Spectrogram 1	1	46192.688426907	46197.857918432	27.5	37.4
612	Waveform 1	1	46227.349443856	46236.290121822	26.7	38.3
612	Spectrogram 1	1	46227.349443856	46236.290121822	26.7	38.3
613	Waveform 1	1	46246.349443856	46253.044359110	32.3	40.0
613	Spectrogram 1	1	46246.349443856	46253.044359110	32.3	40.0
614	Waveform 1	1	46254.824020127	46261.561308263	25.7	34.4
614	Spectrogram 1	1	46254.824020127	46261.561308263	25.7	34.4
615	Waveform 1	1	46257.790121822	46262.578257415	33.9	43.1
615	Spectrogram 1	1	46257.790121822	46262.578257415	33.9	43.1
616	Waveform 1	1	46277.408765890	46282.874867585	30.8	43.9
616	Spectrogram 1	1	46277.408765890	46282.874867585	30.8	43.9
617	Waveform 1	1	46302.298596398	46312.298596398	30.9	43.5
617	Spectrogram 1	1	46302.298596398	46312.298596398	30.9	43.5
618	Waveform 1	1	46319.756223517	46323.612155720	30.9	40.5
618	Spectrogram 1	1	46319.756223517	46323.612155720	30.9	40.5
619	Waveform 1	1	46359.264698093	46368.417240466	30.5	39.6
619	Spectrogram 1	1	46359.264698093	46368.417240466	30.5	39.6
620	Waveform 1	1	46429.112155720	46436.527409958	31.2	40.5
620	Spectrogram 1	1	46429.112155720	46436.527409958	31.2	40.5
621	Waveform 1	1	46438.264698093	46448.179952331	31.8	39.9
621	Spectrogram 1	1	46438.264698093	46448.179952331	31.8	39.9
622	Waveform 1	1	46467.815545551	46473.069782839	30.3	42.4
622	Spectrogram 1	1	46467.815545551	46473.069782839	30.3	42.4
623	Waveform 1	1	46530.459613347	46536.052833686	31.6	40.2
623	Spectrogram 1	1	46530.459613347	46536.052833686	31.6	40.2
624	Waveform 1	1	46544.442664195	46552.027409958	31.0	40.6
624	Spectrogram 1	1	46544.442664195	46552.027409958	31.0	40.6
625	Waveform 1	1	46604.332494703	46609.629104873	26.8	40.5
625	Spectrogram 1	1	46604.332494703	46609.629104873	26.8	40.5
626	Waveform 1	1	46632.230799788	46641.849443856	30.5	40.2
626	Spectrogram 1	1	46632.230799788	46641.849443856	30.5	40.2
627	Waveform 1	1	46642.824020127	46647.357918432	29.5	39.8
627	Spectrogram 1	1	46642.824020127	46647.357918432	29.5	39.8
628	Waveform 1	1	46685.340969280	46694.281647246	26.7	39.6
628	Spectrogram 1	1	46685.340969280	46694.281647246	26.7	39.6
629	Waveform 1	1	46727.052833686	46731.713850636	29.9	38.8
629	Spectrogram 1	1	46727.052833686	46731.713850636	29.9	38.8
630	Waveform 1	1	46738.832494703	46746.205376059	30.8	39.8
630	Spectrogram 1	1	46738.832494703	46746.205376059	30.8	39.8
631	Waveform 1	1	46773.281647246	46776.586731992	31.8	40.7
631	Spectrogram 1	1	46773.281647246	46776.586731992	31.8	40.7
632	Waveform 1	1	46780.163003178	46784.315545551	33.3	45.5
632	Spectrogram 1	1	46780.163003178	46784.315545551	33.3	45.5
633	Waveform 1	1	46853.908765890	46862.679952331	28.8	39.8
633	Spectrogram 1	1	46853.908765890	46862.679952331	28.8	39.8
634	Waveform 1	1	46867.425715042	46871.535884534	27.5	42.5
634	Spectrogram 1	1	46867.425715042	46871.535884534	27.5	42.5
635	Waveform 1	1	46875.730799788	46879.120630297	30.6	40.3
635	Spectrogram 1	1	46875.730799788	46879.120630297	30.6	40.3
636	Waveform 1	1	46944.154528602	46950.086731992	30.1	40.0
636	Spectrogram 1	1	46944.154528602	46950.086731992	30.1	40.0
637	Waveform 1	1	46975.552833686	46984.324020127	29.9	41.5
637	Spectrogram 1	1	46975.552833686	46984.324020127	29.9	41.5
638	Waveform 1	1	47018.069782839	47023.663003178	31.4	41.1
638	Spectrogram 1	1	47018.069782839	47023.663003178	31.4	41.1
639	Waveform 1	1	47012.010460805	47017.010460805	35.1	46.3
639	Spectrogram 1	1	47012.010460805	47017.010460805	35.1	46.3
640	Waveform 1	1	47035.993511653	47039.679952331	30.9	36.9
640	Spectrogram 1	1	47035.993511653	47039.679952331	30.9	36.9
641	Waveform 1	1	47045.315545551	47048.663003178	32.9	41.3
641	Spectrogram 1	1	47045.315545551	47048.663003178	32.9	41.3
642	Waveform 1	1	47152.129104873	47155.603681144	34.3	42.9
642	Spectrogram 1	1	47152.129104873	47155.603681144	34.3	42.9
643	Waveform 1	1	47205.790121822	47208.459613347	29.5	40.2
643	Spectrogram 1	1	47205.790121822	47208.459613347	29.5	40.2
644	Waveform 1	1	47235.849443856	47240.468087924	25.1	43.9
644	Spectrogram 1	1	47235.849443856	47240.468087924	25.1	43.9
645	Waveform 1	1	47251.824020127	47260.129104873	32.1	42.8
645	Spectrogram 1	1	47251.824020127	47260.129104873	32.1	42.8
646	Waveform 1	1	47278.112155720	47284.256223517	29.0	40.9
646	Spectrogram 1	1	47278.112155720	47284.256223517	29.0	40.9
647	Waveform 1	1	47301.756223517	47306.586731992	29.7	39.8
647	Spectrogram 1	1	47301.756223517	47306.586731992	29.7	39.8
648	Waveform 1	1	47349.569782839	47353.129104873	30.3	38.5
648	Spectrogram 1	1	47349.569782839	47353.129104873	30.3	38.5
649	Waveform 1	1	47398.739274364	47407.468087924	28.8	42.8
649	Spectrogram 1	1	47398.739274364	47407.468087924	28.8	42.8
650	Waveform 1	1	47410.137579449	47414.205376059	31.6	42.0
650	Spectrogram 1	1	47410.137579449	47414.205376059	31.6	42.0
651	Waveform 1	1	47444.010460805	47449.561308263	28.0	40.9
651	Spectrogram 1	1	47444.010460805	47449.561308263	28.0	40.9
652	Waveform 1	1	47451.001986229	47455.578257415	27.7	42.4
652	Spectrogram 1	1	47451.001986229	47455.578257415	27.7	42.4
653	Waveform 1	1	47465.705376059	47470.493511653	31.4	49.1
653	Spectrogram 1	1	47465.705376059	47470.493511653	31.4	49.1
654	Waveform 1	1	47498.095206568	47503.179952331	29.0	42.2
654	Spectrogram 1	1	47498.095206568	47503.179952331	29.0	42.2
655	Waveform 1	1	47515.044359110	47522.417240466	31.3	41.7
655	Spectrogram 1	1	47515.044359110	47522.417240466	31.3	41.7
656	Waveform 1	1	47523.857918432	47531.146054025	29.8	41.4
656	Spectrogram 1	1	47523.857918432	47531.146054025	29.8	41.4
657	Waveform 1	1	47600.163003178	47605.629104873	28.4	38.8
657	Spectrogram 1	1	47600.163003178	47605.629104873	28.4	38.8
658	Waveform 1	1	47613.891816737	47621.179952331	28.6	40.6
658	Spectrogram 1	1	47613.891816737	47621.179952331	28.6	40.6
659	Waveform 1	1	47650.985037076	47656.790121822	30.6	41.5
659	Spectrogram 1	1	47650.985037076	47656.790121822	30.6	41.5
660	Waveform 1	1	47711.256223517	47717.951138771	28.6	42.5
660	Spectrogram 1	1	47711.256223517	47717.951138771	28.6	42.5
661	Waveform 1	1	47733.629104873	47743.883342161	30.2	39.9
661	Spectrogram 1	1	47733.629104873	47743.883342161	30.2	39.9
662	Waveform 1	1	47753.137579449	47757.163003178	26.5	39.2
662	Spectrogram 1	1	47753.137579449	47757.163003178	26.5	39.2
663	Waveform 1	1	47823.239274364	47828.620630297	31.3	42.6
663	Spectrogram 1	1	47823.239274364	47828.620630297	31.3	42.6
664	Waveform 1	1	47869.103681144	47872.705376059	33.8	43.2
664	Spectrogram 1	1	47869.103681144	47872.705376059	33.8	43.2
665	Waveform 1	1	47934.883342161	47941.069782839	34.3	45.8
665	Spectrogram 1	1	47934.883342161	47941.069782839	34.3	45.8
666	Waveform 1	1	47980.874867585	47983.840969280	34.0	41.8
666	Spectrogram 1	1	47980.874867585	47983.840969280	34.0	41.8
667	Waveform 1	1	48018.112155720	48024.976562500	29.8	44.4
667	Spectrogram 1	1	48018.112155720	48024.976562500	29.8	44.4
668	Waveform 1	1	48058.917240466	48062.688426907	25.1	46.3
668	Spectrogram 1	1	48058.917240466	48062.688426907	25.1	46.3
669	Waveform 1	1	48096.307070975	48103.807070975	30.1	40.3
669	Spectrogram 1	1	48096.307070975	48103.807070975	30.1	40.3
670	Waveform 1	1	48095.883342161	48100.798596398	20.0	34.0
670	Spectrogram 1	1	48095.883342161	48100.798596398	20.0	34.0
671	Waveform 1	1	48108.637579449	48114.739274364	28.8	50.0
671	Spectrogram 1	1	48108.637579449	48114.739274364	28.8	50.0
672	Waveform 1	1	48208.756223517	48213.205376059	28.6	39.0
672	Spectrogram 1	1	48208.756223517	48213.205376059	28.6	39.0
673	Waveform 1	1	48241.315545551	48249.027409958	31.7	43.3
673	Spectrogram 1	1	48241.315545551	48249.027409958	31.7	43.3
674	Waveform 1	1	48277.332494703	48281.527409958	27.5	42.8
674	Spectrogram 1	1	48277.332494703	48281.527409958	27.5	42.8
675	Waveform 1	1	48282.925715042	48285.849443856	24.2	42.8
675	Spectrogram 1	1	48282.925715042	48285.849443856	24.2	42.8
676	Waveform 1	1	48332.518935381	48337.349443856	26.9	39.2
676	Spectrogram 1	1	48332.518935381	48337.349443856	26.9	39.2
677	Waveform 1	1	48351.179952331	48354.018935381	33.5	44.3
677	Spectrogram 1	1	48351.179952331	48354.018935381	33.5	44.3
678	Waveform 1	1	48356.985037076	48361.010460805	25.0	41.4
678	Spectrogram 1	1	48356.985037076	48361.010460805	25.0	41.4
679	Waveform 1	1	48411.747748941	48416.832494703	28.3	43.2
679	Spectrogram 1	1	48411.747748941	48416.832494703	28.3	43.2
680	Waveform 1	1	48443.781647246	48447.298596398	25.8	39.9
680	Spectrogram 1	1	48443.781647246	48447.298596398	25.8	39.9
681	Waveform 1	1	48609.103681144	48618.637579449	31.6	40.5
681	Spectrogram 1	1	48609.103681144	48618.637579449	31.6	40.5
682	Waveform 1	1	48602.857918432	48608.408765890	29.9	42.8
682	Spectrogram 1	1	48602.857918432	48608.408765890	29.9	42.8
683	Waveform 1	1	48695.561308263	48704.332494703	29.2	41.1
683	Spectrogram 1	1	48695.561308263	48704.332494703	29.2	41.1
684	Waveform 1	1	48711.069782839	48717.722325212	33.9	46.3
684	Spectrogram 1	1	48711.069782839	48717.722325212	33.9	46.3
685	Waveform 1	1	48716.976562500	48720.451138771	27.6	37.3
685	Spectrogram 1	1	48716.976562500	48720.451138771	27.6	37.3
686	Waveform 1	1	48733.163003178	48736.383342161	29.1	41.0
686	Spectrogram 1	1	48733.163003178	48736.383342161	29.1	41.0
688	Waveform 1	1	48741.044359110	48749.857918432	29.5	42.2
688	Spectrogram 1	1	48741.044359110	48749.857918432	29.5	42.2
689	Waveform 1	1	48796.824020127	48802.968087924	30.3	42.5
689	Spectrogram 1	1	48796.824020127	48802.968087924	30.3	42.5
690	Waveform 1	1	48810.001986229	48818.518935381	32.8	42.1
690	Spectrogram 1	1	48810.001986229	48818.518935381	32.8	42.1
691	Waveform 1	1	48821.603681144	48837.112155720	28.6	40.0
691	Spectrogram 1	1	48821.603681144	48837.112155720	28.6	40.0
692	Waveform 1	1	48942.527409958	48947.146054025	30.3	42.0
692	Spectrogram 1	1	48942.527409958	48947.146054025	30.3	42.0
693	Waveform 1	1	49034.976562500	49044.510460805	30.5	39.6
693	Spectrogram 1	1	49034.976562500	49044.510460805	30.5	39.6
694	Waveform 1	1	49118.807070975	49123.425715042	28.6	39.5
694	Spectrogram 1	1	49118.807070975	49123.425715042	28.6	39.5
695	Waveform 1	1	49152.764698093	49155.985037076	30.5	37.7
695	Spectrogram 1	1	49152.764698093	49155.985037076	30.5	37.7
696	Waveform 1	1	49167.256223517	49172.468087924	27.9	40.6
696	Spectrogram 1	1	49167.256223517	49172.468087924	27.9	40.6
697	Waveform 1	1	49217.146054025	49223.078257415	26.8	40.7
697	Spectrogram 1	1	49217.146054025	49223.078257415	26.8	40.7
698	Waveform 1	1	49464.620630297	49470.383342161	32.0	42.0
698	Spectrogram 1	1	49464.620630297	49470.383342161	32.0	42.0
699	Waveform 1	1	49673.985037076	49680.340969280	30.1	40.3
699	Spectrogram 1	1	49673.985037076	49680.340969280	30.1	40.3
700	Waveform 1	1	49959.832494703	49963.010460805	25.7	39.4
700	Spectrogram 1	1	49959.832494703	49963.010460805	25.7	39.4
701	Waveform 1	1	49999.976562500	50009.976562500	31.7	41.4
701	Spectrogram 1	1	49999.976562500	50009.976562500	31.7	41.4
702	Waveform 1	1	50128.485037076	50140.222325212	31.4	40.5
702	Spectrogram 1	1	50128.485037076	50140.222325212	31.4	40.5
703	Waveform 1	1	50341.730799788	50345.247748941	30.9	40.7
703	Spectrogram 1	1	50341.730799788	50345.247748941	30.9	40.7
704	Waveform 1	1	50386.451138771	50392.256223517	29.0	38.5
704	Spectrogram 1	1	50386.451138771	50392.256223517	29.0	38.5
705	Waveform 1	1	50403.103681144	50407.976562500	30.6	40.2
705	Spectrogram 1	1	50403.103681144	50407.976562500	30.6	40.2
706	Waveform 1	1	50516.188426907	50520.129104873	30.9	43.1
706	Spectrogram 1	1	50516.188426907	50520.129104873	30.9	43.1
707	Waveform 1	1	50542.010460805	50548.154528602	31.0	39.0
707	Spectrogram 1	1	50542.010460805	50548.154528602	31.0	39.0
708	Waveform 1	1	50684.035884534	50691.027409958	30.2	43.9
708	Spectrogram 1	1	50684.035884534	50691.027409958	30.2	43.9
709	Waveform 1	1	50714.773172669	50718.120630297	29.8	38.4
709	Spectrogram 1	1	50714.773172669	50718.120630297	29.8	38.4
710	Waveform 1	1	50872.196901483	50876.095206568	28.6	38.4
710	Spectrogram 1	1	50872.196901483	50876.095206568	28.6	38.4
711	Waveform 1	1	50933.696901483	50938.230799788	32.8	39.9
711	Spectrogram 1	1	50933.696901483	50938.230799788	32.8	39.9
712	Waveform 1	1	50983.644067797	50990.550847458	31.4	44.0
712	Spectrogram 1	1	50983.644067797	50990.550847458	31.4	44.0
