Selection	View	Channel	Begin Time (s)	End Time (s)	Low Freq (Hz)	High Freq (Hz)
5	Waveform 1	1	31.04711914	31.44262695	105	450
5	Spectrogram 1	1	31.04711914	31.44262695	105	450
7	Waveform 1	1	40.34155273	40.80297852	125	400
7	Spectrogram 1	1	40.34155273	40.80297852	125	400
22	Waveform 1	1	219.7702637	220.0339355	135	350
22	Spectrogram 1	1	219.7702637	220.0339355	135	350
23	Waveform 1	1	229.2624512	230.3171387	95	350
23	Spectrogram 1	1	229.2624512	230.3171387	95	350
25	Waveform 1	1	239.0842285	239.5456543	95	450
25	Spectrogram 1	1	239.0842285	239.5456543	95	450
47	Waveform 1	1	465.842041	466.1716309	95	165
47	Spectrogram 1	1	465.842041	466.1716309	95	165
48	Waveform 1	1	466.1716309	467.2922363	65	300
48	Spectrogram 1	1	466.1716309	467.2922363	65	300
49	Waveform 1	1	470.7858887	471.0495605	65	145
49	Spectrogram 1	1	470.7858887	471.0495605	65	145
50	Waveform 1	1	471.0495605	472.170166	75	165
50	Spectrogram 1	1	471.0495605	472.170166	75	165
51	Waveform 1	1	482.717041	483.1784668	85	400
51	Spectrogram 1	1	482.717041	483.1784668	85	400
56	Waveform 1	1	541.713623	542.3068848	105	300
56	Spectrogram 1	1	541.713623	542.3068848	105	300
61	Waveform 1	1	600.973877	602.1604004	65	250
61	Spectrogram 1	1	600.973877	602.1604004	65	250
62	Waveform 1	1	602.6877441	603.5446777	85	300
62	Spectrogram 1	1	602.6877441	603.5446777	85	300
63	Waveform 1	1	605.9177246	606.8405762	65	300
63	Spectrogram 1	1	605.9177246	606.8405762	65	300
64	Waveform 1	1	641.5793457	642.3044434	65	250
64	Spectrogram 1	1	641.5793457	642.3044434	65	250
65	Waveform 1	1	734.9851074	736.1716309	75	350
65	Spectrogram 1	1	734.9851074	736.1716309	75	350
66	Waveform 1	1	740.060791	740.9836426	75	165
66	Spectrogram 1	1	740.060791	740.9836426	75	165
71	Waveform 1	1	793.7839355	794.6408691	75	500
71	Spectrogram 1	1	793.7839355	794.6408691	75	500
73	Waveform 1	1	810.9885254	811.3181152	65	165
73	Spectrogram 1	1	810.9885254	811.3181152	65	165
75	Waveform 1	1	815.8005371	817.1848145	65	300
75	Spectrogram 1	1	815.8005371	817.1848145	65	300
77	Waveform 1	1	851.0666504	852.1872559	75	350
77	Spectrogram 1	1	851.0666504	852.1872559	75	350
79	Waveform 1	1	901.6257324	902.9440918	65	300
79	Spectrogram 1	1	901.6257324	902.9440918	65	300
82	Waveform 1	1	953.3713379	954.0305176	65	300
82	Spectrogram 1	1	953.3713379	954.0305176	65	300
86	Waveform 1	1	988.4396973	988.901123	105	350
86	Spectrogram 1	1	988.4396973	988.901123	105	350
88	Waveform 1	1	1013.686279	1014.609131	85	165
88	Spectrogram 1	1	1013.686279	1014.609131	85	165
89	Waveform 1	1	1018.761963	1019.618896	125	350
89	Spectrogram 1	1	1018.761963	1019.618896	125	350
93	Waveform 1	1	1091.469482	1092.062744	65	300
93	Spectrogram 1	1	1091.469482	1092.062744	65	300
94	Waveform 1	1	1115.463623	1115.925049	65	350
94	Spectrogram 1	1	1115.463623	1115.925049	65	350
95	Waveform 1	1	1130.49292	1131.086182	85	145
95	Spectrogram 1	1	1130.49292	1131.086182	85	145
96	Waveform 1	1	1143.47876	1144.797119	65	450
96	Spectrogram 1	1	1143.47876	1144.797119	65	450
97	Waveform 1	1	1163.320068	1164.177002	85	300
97	Spectrogram 1	1	1163.320068	1164.177002	85	300
98	Waveform 1	1	1168.263916	1169.516357	75	350
98	Spectrogram 1	1	1168.263916	1169.516357	75	350
99	Waveform 1	1	1173.141846	1174.130615	65	165
99	Spectrogram 1	1	1173.141846	1174.130615	65	165
100	Waveform 1	1	1183.293213	1184.216064	85	165
100	Spectrogram 1	1	1183.293213	1184.216064	85	165
102	Waveform 1	1	1226.337646	1226.469482	75	300
102	Spectrogram 1	1	1226.337646	1226.469482	75	300
106	Waveform 1	1	1274.919189	1275.973877	65	165
106	Spectrogram 1	1	1274.919189	1275.973877	65	165
111	Waveform 1	1	1344.6604	1345.31958	65	300
111	Spectrogram 1	1	1344.6604	1345.31958	65	300
112	Waveform 1	1	1349.670166	1350.329346	65	165
112	Spectrogram 1	1	1349.670166	1350.329346	65	165
113	Waveform 1	1	1352.702393	1353.031982	65	250
113	Spectrogram 1	1	1352.702393	1353.031982	65	250
114	Waveform 1	1	1362.590088	1363.381104	65	250
114	Spectrogram 1	1	1362.590088	1363.381104	65	250
121	Waveform 1	1	1461.005615	1461.796631	105	165
121	Spectrogram 1	1	1461.005615	1461.796631	105	165
122	Waveform 1	1	1466.081299	1467.070068	65	300
122	Spectrogram 1	1	1466.081299	1467.070068	65	300
123	Waveform 1	1	1471.88208	1472.475342	75	300
123	Spectrogram 1	1	1471.88208	1472.475342	75	300
124	Waveform 1	1	1487.109131	1487.504639	65	300
124	Spectrogram 1	1	1487.109131	1487.504639	65	300
125	Waveform 1	1	1499.699463	1500.094971	95	450
125	Spectrogram 1	1	1499.699463	1500.094971	95	450
126	Waveform 1	1	1502.797607	1503.193115	125	350
126	Spectrogram 1	1	1502.797607	1503.193115	125	350
128	Waveform 1	1	1518.156494	1519.408936	85	300
128	Spectrogram 1	1	1518.156494	1519.408936	85	300
130	Waveform 1	1	1526.923584	1527.978271	65	400
130	Spectrogram 1	1	1526.923584	1527.978271	65	400
133	Waveform 1	1	1546.764893	1547.424072	105	350
133	Spectrogram 1	1	1546.764893	1547.424072	105	350
135	Waveform 1	1	1603.718018	1604.904541	65	350
135	Spectrogram 1	1	1603.718018	1604.904541	65	350
136	Waveform 1	1	1608.793701	1609.584717	65	350
136	Spectrogram 1	1	1608.793701	1609.584717	65	350
140	Waveform 1	1	1697.387451	1698.573975	85	350
140	Spectrogram 1	1	1697.387451	1698.573975	85	350
141	Waveform 1	1	1705.956787	1706.615967	65	165
141	Spectrogram 1	1	1705.956787	1706.615967	65	165
142	Waveform 1	1	1746.43042	1747.682861	75	250
142	Spectrogram 1	1	1746.43042	1747.682861	75	250
144	Waveform 1	1	1751.506104	1752.428955	65	250
144	Spectrogram 1	1	1751.506104	1752.428955	65	250
148	Waveform 1	1	1824.015869	1824.740967	85	300
148	Spectrogram 1	1	1824.015869	1824.740967	85	300
155	Waveform 1	1	1904.106201	1904.435791	115	350
155	Spectrogram 1	1	1904.106201	1904.435791	115	350
165	Waveform 1	1	1918.212646	1918.73999	135	350
165	Spectrogram 1	1	1918.212646	1918.73999	135	350
166	Waveform 1	1	1918.73999	1919.003662	150	400
166	Spectrogram 1	1	1918.73999	1919.003662	150	400
170	Waveform 1	1	1923.749756	1924.408936	105	500
170	Spectrogram 1	1	1923.749756	1924.408936	105	500
173	Waveform 1	1	1928.891357	1929.286865	135	400
173	Spectrogram 1	1	1928.891357	1929.286865	135	400
180	Waveform 1	1	1939.438232	1939.83374	95	500
180	Spectrogram 1	1	1939.438232	1939.83374	95	500
192	Waveform 1	1	1970.221924	1971.276611	65	550
192	Spectrogram 1	1	1970.221924	1971.276611	65	550
193	Waveform 1	1	1975.363525	1975.824951	75	450
193	Spectrogram 1	1	1975.363525	1975.824951	75	450
194	Waveform 1	1	1975.824951	1976.088623	200	450
194	Spectrogram 1	1	1975.824951	1976.088623	200	450
235	Waveform 1	1	2207.922119	2209.50415	65	250
235	Spectrogram 1	1	2207.922119	2209.50415	65	250
239	Waveform 1	1	2222.226318	2222.753662	65	450
239	Spectrogram 1	1	2222.226318	2222.753662	65	450
240	Waveform 1	1	2222.753662	2223.083252	75	350
240	Spectrogram 1	1	2222.753662	2223.083252	75	350
241	Waveform 1	1	2224.731201	2224.961914	65	400
241	Spectrogram 1	1	2224.731201	2224.961914	65	400
244	Waveform 1	1	2227.36792	2227.565674	150	450
244	Spectrogram 1	1	2227.36792	2227.565674	150	450
245	Waveform 1	1	2227.829346	2228.0271	150	450
245	Spectrogram 1	1	2227.829346	2228.0271	150	450
247	Waveform 1	1	2232.509521	2232.773193	200	450
247	Spectrogram 1	1	2232.509521	2232.773193	200	450
248	Waveform 1	1	2233.036865	2233.827881	95	350
248	Spectrogram 1	1	2233.036865	2233.827881	95	350
249	Waveform 1	1	2238.376221	2240.551514	65	350
249	Spectrogram 1	1	2238.376221	2240.551514	65	350
262	Waveform 1	1	2283.464111	2284.189209	65	700
262	Spectrogram 1	1	2283.464111	2284.189209	65	700
268	Waveform 1	1	2292.494873	2292.692627	125	500
268	Spectrogram 1	1	2292.494873	2292.692627	125	500
269	Waveform 1	1	2293.022217	2293.615479	65	400
269	Spectrogram 1	1	2293.022217	2293.615479	65	400
272	Waveform 1	1	2297.570557	2297.768311	150	450
272	Spectrogram 1	1	2297.570557	2297.768311	150	450
274	Waveform 1	1	2302.778076	2302.97583	150	400
274	Spectrogram 1	1	2302.778076	2302.97583	150	400
276	Waveform 1	1	2307.919678	2308.512939	135	450
276	Spectrogram 1	1	2307.919678	2308.512939	135	450
277	Waveform 1	1	2308.512939	2308.578857	200	450
277	Spectrogram 1	1	2308.512939	2308.578857	200	450
325	Waveform 1	1	2555.375732	2556.694092	65	400
325	Spectrogram 1	1	2555.375732	2556.694092	65	400
326	Waveform 1	1	2565.065674	2565.856689	75	450
326	Spectrogram 1	1	2565.065674	2565.856689	75	450
329	Waveform 1	1	2569.614014	2569.811768	200	500
329	Spectrogram 1	1	2569.614014	2569.811768	200	500
330	Waveform 1	1	2570.141357	2570.932373	75	350
330	Spectrogram 1	1	2570.141357	2570.932373	75	350
331	Waveform 1	1	2575.282959	2575.810303	75	450
331	Spectrogram 1	1	2575.282959	2575.810303	75	450
334	Waveform 1	1	2584.9729	2585.104736	200	500
334	Spectrogram 1	1	2584.9729	2585.104736	200	500
335	Waveform 1	1	2585.434326	2586.093506	85	450
335	Spectrogram 1	1	2585.434326	2586.093506	85	450
338	Waveform 1	1	2595.453857	2595.717529	150	650
338	Spectrogram 1	1	2595.453857	2595.717529	150	650
339	Waveform 1	1	2600.793213	2601.320557	125	450
339	Spectrogram 1	1	2600.793213	2601.320557	125	450
395	Waveform 1	1	2835.461182	2836.186279	85	550
395	Spectrogram 1	1	2835.461182	2836.186279	85	550
396	Waveform 1	1	2844.491943	2845.414795	105	250
396	Spectrogram 1	1	2844.491943	2845.414795	105	250
398	Waveform 1	1	2846.930908	2847.19458	65	400
398	Spectrogram 1	1	2846.930908	2847.19458	65	400
399	Waveform 1	1	2849.567627	2849.963135	150	500
399	Spectrogram 1	1	2849.567627	2849.963135	150	500
421	Waveform 1	1	2919.045166	2919.770264	95	450
421	Spectrogram 1	1	2919.045166	2919.770264	95	450
424	Waveform 1	1	2928.603271	2929.196533	65	500
424	Spectrogram 1	1	2928.603271	2929.196533	65	500
428	Waveform 1	1	2933.349365	2933.810791	85	400
428	Spectrogram 1	1	2933.349365	2933.810791	85	400
429	Waveform 1	1	2933.810791	2934.074463	85	450
429	Spectrogram 1	1	2933.810791	2934.074463	85	450
431	Waveform 1	1	2938.425049	2939.216064	125	450
431	Spectrogram 1	1	2938.425049	2939.216064	125	450
436	Waveform 1	1	2943.500732	2943.698486	150	450
436	Spectrogram 1	1	2943.500732	2943.698486	150	450
438	Waveform 1	1	2948.708252	2948.971924	200	450
438	Spectrogram 1	1	2948.708252	2948.971924	200	450
439	Waveform 1	1	2949.235596	2949.499268	200	600
439	Spectrogram 1	1	2949.235596	2949.499268	200	600
532	Waveform 1	1	3270.717529	3270.981201	150	450
532	Spectrogram 1	1	3270.717529	3270.981201	150	450
536	Waveform 1	1	3284.955811	3285.153564	150	450
536	Spectrogram 1	1	3284.955811	3285.153564	150	450
537	Waveform 1	1	3285.417236	3285.94458	95	500
537	Spectrogram 1	1	3285.417236	3285.94458	95	500
540	Waveform 1	1	3289.965576	3290.690674	135	550
540	Spectrogram 1	1	3289.965576	3290.690674	135	550
542	Waveform 1	1	3295.04126	3296.030029	85	600
542	Spectrogram 1	1	3295.04126	3296.030029	85	600
554	Waveform 1	1	3326.813721	3327.736572	65	350
554	Spectrogram 1	1	3326.813721	3327.736572	65	350
560	Waveform 1	1	3341.052002	3341.579346	125	850
560	Spectrogram 1	1	3341.052002	3341.579346	125	850
561	Waveform 1	1	3341.579346	3341.843018	150	500
561	Spectrogram 1	1	3341.579346	3341.843018	150	500
564	Waveform 1	1	3346.193604	3346.391357	150	550
564	Spectrogram 1	1	3346.193604	3346.391357	150	550
567	Waveform 1	1	3351.335205	3351.598877	200	500
567	Spectrogram 1	1	3351.335205	3351.598877	200	500
569	Waveform 1	1	3354.565186	3354.631104	250	500
569	Spectrogram 1	1	3354.565186	3354.631104	250	500
570	Waveform 1	1	3356.542725	3356.938232	65	550
570	Spectrogram 1	1	3356.542725	3356.938232	65	550
571	Waveform 1	1	3356.938232	3358.256592	115	450
571	Spectrogram 1	1	3356.938232	3358.256592	115	450
589	Waveform 1	1	3405.453857	3405.585693	200	550
589	Spectrogram 1	1	3405.453857	3405.585693	200	550
643	Waveform 1	1	3606.437744	3606.503662	200	500
643	Spectrogram 1	1	3606.437744	3606.503662	200	500
644	Waveform 1	1	3606.89917	3607.426514	75	500
644	Spectrogram 1	1	3606.89917	3607.426514	75	500
650	Waveform 1	1	3621.071533	3621.335205	135	550
650	Spectrogram 1	1	3621.071533	3621.335205	135	550
651	Waveform 1	1	3621.532959	3622.126221	85	600
651	Spectrogram 1	1	3621.532959	3622.126221	85	600
652	Waveform 1	1	3626.147217	3626.938232	105	600
652	Spectrogram 1	1	3626.147217	3626.938232	105	600
654	Waveform 1	1	3631.288818	3631.486572	135	700
654	Spectrogram 1	1	3631.288818	3631.486572	135	700
655	Waveform 1	1	3631.750244	3631.88208	115	850
655	Spectrogram 1	1	3631.750244	3631.88208	115	850
656	Waveform 1	1	3634.518799	3634.782471	200	550
656	Spectrogram 1	1	3634.518799	3634.782471	200	550
657	Waveform 1	1	3636.43042	3637.023682	75	550
657	Spectrogram 1	1	3636.43042	3637.023682	75	550
658	Waveform 1	1	3637.023682	3637.155518	150	500
658	Spectrogram 1	1	3637.023682	3637.155518	150	500
659	Waveform 1	1	3641.703857	3642.099365	135	550
659	Spectrogram 1	1	3641.703857	3642.099365	135	550
699	Waveform 1	1	3796.611084	3797.07251	65	350
699	Spectrogram 1	1	3796.611084	3797.07251	65	350
700	Waveform 1	1	3797.07251	3797.4021	150	400
700	Spectrogram 1	1	3797.07251	3797.4021	150	400
702	Waveform 1	1	3806.762451	3807.487549	75	550
702	Spectrogram 1	1	3806.762451	3807.487549	75	550
703	Waveform 1	1	3811.508545	3812.233643	115	500
703	Spectrogram 1	1	3811.508545	3812.233643	115	500
704	Waveform 1	1	3816.650146	3817.572998	105	550
704	Spectrogram 1	1	3816.650146	3817.572998	105	550
705	Waveform 1	1	3821.72583	3822.187256	125	550
705	Spectrogram 1	1	3821.72583	3822.187256	125	550
706	Waveform 1	1	3822.187256	3822.516846	150	550
706	Spectrogram 1	1	3822.187256	3822.516846	150	550
707	Waveform 1	1	3826.867432	3827.790283	105	450
707	Spectrogram 1	1	3826.867432	3827.790283	105	450
708	Waveform 1	1	3832.074951	3832.602295	95	500
708	Spectrogram 1	1	3832.074951	3832.602295	95	500
709	Waveform 1	1	3832.602295	3832.997803	150	600
709	Spectrogram 1	1	3832.602295	3832.997803	150	600
745	Waveform 1	1	3948.222412	3949.145264	85	250
745	Spectrogram 1	1	3948.222412	3949.145264	85	250
752	Waveform 1	1	4004.845947	4005.702881	65	400
752	Spectrogram 1	1	4004.845947	4005.702881	65	400
753	Waveform 1	1	4008.207764	4009.394287	65	400
753	Spectrogram 1	1	4008.207764	4009.394287	65	400
754	Waveform 1	1	4011.767334	4012.492432	85	300
754	Spectrogram 1	1	4011.767334	4012.492432	85	300
792	Waveform 1	1	4130.68335	4130.881104	150	500
792	Spectrogram 1	1	4130.68335	4130.881104	150	500
793	Waveform 1	1	4131.144775	4131.803955	85	500
793	Spectrogram 1	1	4131.144775	4131.803955	85	500
808	Waveform 1	1	4155.402588	4155.929932	125	700
808	Spectrogram 1	1	4155.402588	4155.929932	125	700
809	Waveform 1	1	4155.929932	4156.061768	200	850
809	Spectrogram 1	1	4155.929932	4156.061768	200	850
814	Waveform 1	1	4160.544189	4160.807861	150	600
814	Spectrogram 1	1	4160.544189	4160.807861	150	600
815	Waveform 1	1	4161.005615	4161.203369	150	750
815	Spectrogram 1	1	4161.005615	4161.203369	150	750
816	Waveform 1	1	4165.685791	4166.213135	85	350
816	Spectrogram 1	1	4165.685791	4166.213135	85	350
817	Waveform 1	1	4166.213135	4166.542725	65	500
817	Spectrogram 1	1	4166.213135	4166.542725	65	500
818	Waveform 1	1	4170.893311	4171.091064	200	500
818	Spectrogram 1	1	4170.893311	4171.091064	200	500
819	Waveform 1	1	4171.420654	4172.079834	115	500
819	Spectrogram 1	1	4171.420654	4172.079834	115	500
823	Waveform 1	1	4176.628174	4177.155518	125	400
823	Spectrogram 1	1	4176.628174	4177.155518	125	400
837	Waveform 1	1	4239.777588	4240.173096	85	500
837	Spectrogram 1	1	4239.777588	4240.173096	85	500
838	Waveform 1	1	4240.173096	4241.359619	95	850
838	Spectrogram 1	1	4240.173096	4241.359619	95	850
839	Waveform 1	1	4244.919189	4245.248779	75	400
839	Spectrogram 1	1	4244.919189	4245.248779	75	400
840	Waveform 1	1	4245.248779	4245.446533	200	850
840	Spectrogram 1	1	4245.248779	4245.446533	200	850
841	Waveform 1	1	4250.390381	4250.588135	135	650
841	Spectrogram 1	1	4250.390381	4250.588135	135	650
842	Waveform 1	1	4250.588135	4250.654053	250	400
842	Spectrogram 1	1	4250.588135	4250.654053	250	400
843	Waveform 1	1	4255.400146	4256.191162	65	850
843	Spectrogram 1	1	4255.400146	4256.191162	65	850
844	Waveform 1	1	4260.47583	4260.80542	135	850
844	Spectrogram 1	1	4260.47583	4260.80542	135	850
856	Waveform 1	1	4323.229736	4324.08667	75	450
856	Spectrogram 1	1	4323.229736	4324.08667	75	450
863	Waveform 1	1	4337.599854	4338.061279	105	850
863	Spectrogram 1	1	4337.599854	4338.061279	105	850
864	Waveform 1	1	4338.061279	4338.324951	150	450
864	Spectrogram 1	1	4338.061279	4338.324951	150	450
866	Waveform 1	1	4342.741455	4343.005127	65	500
866	Spectrogram 1	1	4342.741455	4343.005127	65	500
867	Waveform 1	1	4343.202881	4343.334717	200	450
867	Spectrogram 1	1	4343.202881	4343.334717	200	450
878	Waveform 1	1	4358.627686	4359.418701	115	850
878	Spectrogram 1	1	4358.627686	4359.418701	115	850
879	Waveform 1	1	4363.241943	4363.307861	300	850
879	Spectrogram 1	1	4363.241943	4363.307861	300	850
880	Waveform 1	1	4363.571533	4364.230713	65	800
880	Spectrogram 1	1	4363.571533	4364.230713	65	800
900	Waveform 1	1	4414.657959	4414.921631	300	650
900	Spectrogram 1	1	4414.657959	4414.921631	300	650
902	Waveform 1	1	4415.053467	4415.317139	150	450
902	Spectrogram 1	1	4415.053467	4415.317139	150	450
921	Waveform 1	1	4500.549072	4500.812744	150	650
921	Spectrogram 1	1	4500.549072	4500.812744	150	650
924	Waveform 1	1	4505.624756	4507.470459	65	850
924	Spectrogram 1	1	4505.624756	4507.470459	65	850
927	Waveform 1	1	4515.051025	4515.446533	125	300
927	Spectrogram 1	1	4515.051025	4515.446533	125	300
928	Waveform 1	1	4515.446533	4515.842041	85	850
928	Spectrogram 1	1	4515.446533	4515.842041	85	850
929	Waveform 1	1	4520.192627	4520.522217	150	850
929	Spectrogram 1	1	4520.192627	4520.522217	150	850
934	Waveform 1	1	4525.004639	4525.334229	150	850
934	Spectrogram 1	1	4525.004639	4525.334229	150	850
935	Waveform 1	1	4527.707275	4527.970947	200	800
935	Spectrogram 1	1	4527.707275	4527.970947	200	800
940	Waveform 1	1	4534.760498	4535.156006	115	850
940	Spectrogram 1	1	4534.760498	4535.156006	115	850
944	Waveform 1	1	4546.164307	4547.482666	75	700
944	Spectrogram 1	1	4546.164307	4547.482666	75	700
947	Waveform 1	1	4560.864014	4561.127686	75	850
947	Spectrogram 1	1	4560.864014	4561.127686	75	850
966	Waveform 1	1	4608.786377	4609.841064	65	400
966	Spectrogram 1	1	4608.786377	4609.841064	65	400
972	Waveform 1	1	4618.608154	4618.805908	150	450
972	Spectrogram 1	1	4618.608154	4618.805908	150	450
974	Waveform 1	1	4623.222412	4623.420166	150	500
974	Spectrogram 1	1	4623.222412	4623.420166	150	500
975	Waveform 1	1	4623.683838	4623.749756	85	850
975	Spectrogram 1	1	4623.683838	4623.749756	85	850
978	Waveform 1	1	4628.364014	4628.825439	75	550
978	Spectrogram 1	1	4628.364014	4628.825439	75	550
979	Waveform 1	1	4628.825439	4629.155029	150	450
979	Spectrogram 1	1	4628.825439	4629.155029	150	450
983	Waveform 1	1	4633.835205	4633.967041	150	750
983	Spectrogram 1	1	4633.835205	4633.967041	150	750
987	Waveform 1	1	4638.449463	4638.910889	135	500
987	Spectrogram 1	1	4638.449463	4638.910889	135	500
988	Waveform 1	1	4638.910889	4639.438232	65	550
988	Spectrogram 1	1	4638.910889	4639.438232	65	550
990	Waveform 1	1	4644.05249	4644.316162	200	500
990	Spectrogram 1	1	4644.05249	4644.316162	200	500
996	Waveform 1	1	4649.26001	4649.523682	65	550
996	Spectrogram 1	1	4649.26001	4649.523682	65	550
999	Waveform 1	1	4654.006104	4654.269775	65	450
999	Spectrogram 1	1	4654.006104	4654.269775	65	450
1001	Waveform 1	1	4654.467529	4654.665283	200	450
1001	Spectrogram 1	1	4654.467529	4654.665283	200	450
1005	Waveform 1	1	4659.872803	4660.202393	150	450
1005	Spectrogram 1	1	4659.872803	4660.202393	150	450
1031	Waveform 1	1	4738.051514	4738.908447	65	450
1031	Spectrogram 1	1	4738.051514	4738.908447	65	450
1034	Waveform 1	1	4744.9729	4745.566162	65	800
1034	Spectrogram 1	1	4744.9729	4745.566162	65	800
1035	Waveform 1	1	4747.675537	4748.862061	85	650
1035	Spectrogram 1	1	4747.675537	4748.862061	85	650
1036	Waveform 1	1	4749.916748	4751.960205	85	700
1036	Spectrogram 1	1	4749.916748	4751.960205	85	700
1037	Waveform 1	1	4754.39917	4754.531006	200	600
1037	Spectrogram 1	1	4754.39917	4754.531006	200	600
1038	Waveform 1	1	4754.794678	4755.783447	95	550
1038	Spectrogram 1	1	4754.794678	4755.783447	95	550
1039	Waveform 1	1	4756.508545	4756.772217	65	550
1039	Spectrogram 1	1	4756.508545	4756.772217	65	550
1040	Waveform 1	1	4757.365479	4757.760986	95	600
1040	Spectrogram 1	1	4757.365479	4757.760986	95	600
1041	Waveform 1	1	4759.606689	4761.518311	65	850
1041	Spectrogram 1	1	4759.606689	4761.518311	65	850
1042	Waveform 1	1	4762.309326	4762.441162	200	550
1042	Spectrogram 1	1	4762.309326	4762.441162	200	550
1043	Waveform 1	1	4764.616455	4764.814209	350	800
1043	Spectrogram 1	1	4764.616455	4764.814209	350	800
1046	Waveform 1	1	4769.494385	4769.823975	135	850
1046	Spectrogram 1	1	4769.494385	4769.823975	135	850
1047	Waveform 1	1	4773.976807	4774.174561	200	500
1047	Spectrogram 1	1	4773.976807	4774.174561	200	500
1048	Waveform 1	1	4774.306396	4774.372314	400	650
1048	Spectrogram 1	1	4774.306396	4774.372314	400	650
1049	Waveform 1	1	4774.372314	4774.899658	85	850
1049	Spectrogram 1	1	4774.372314	4774.899658	85	850
1051	Waveform 1	1	4777.009033	4777.272705	125	400
1051	Spectrogram 1	1	4777.009033	4777.272705	125	400
1062	Waveform 1	1	4805.156006	4805.35376	200	650
1062	Spectrogram 1	1	4805.156006	4805.35376	200	650
1069	Waveform 1	1	4831.918701	4832.380127	105	350
1069	Spectrogram 1	1	4831.918701	4832.380127	105	350
1070	Waveform 1	1	4832.380127	4832.907471	75	400
1070	Spectrogram 1	1	4832.380127	4832.907471	75	400
1079	Waveform 1	1	4851.891846	4852.616943	125	650
1079	Spectrogram 1	1	4851.891846	4852.616943	125	650
1082	Waveform 1	1	4856.835693	4857.494873	65	450
1082	Spectrogram 1	1	4856.835693	4857.494873	65	450
1083	Waveform 1	1	4857.494873	4857.560791	300	550
1083	Spectrogram 1	1	4857.494873	4857.560791	300	550
1085	Waveform 1	1	4862.109131	4862.372803	135	450
1085	Spectrogram 1	1	4862.109131	4862.372803	135	450
1087	Waveform 1	1	4867.184814	4867.448486	150	450
1087	Spectrogram 1	1	4867.184814	4867.448486	150	450
1091	Waveform 1	1	4872.326416	4872.721924	150	550
1091	Spectrogram 1	1	4872.326416	4872.721924	150	550
1101	Waveform 1	1	4893.881592	4894.474854	105	550
1101	Spectrogram 1	1	4893.881592	4894.474854	105	550
1102	Waveform 1	1	4898.693604	4899.155029	150	550
1102	Spectrogram 1	1	4898.693604	4899.155029	150	550
1110	Waveform 1	1	4913.261475	4913.788818	65	600
1110	Spectrogram 1	1	4913.261475	4913.788818	65	600
1155	Waveform 1	1	5080.297607	5081.154541	115	400
1155	Spectrogram 1	1	5080.297607	5081.154541	115	400
1157	Waveform 1	1	5090.317139	5090.514893	200	500
1157	Spectrogram 1	1	5090.317139	5090.514893	200	500
1164	Waveform 1	1	5105.478271	5105.610107	200	450
1164	Spectrogram 1	1	5105.478271	5105.610107	200	450
1192	Waveform 1	1	5204.948486	5206.003174	65	400
1192	Spectrogram 1	1	5204.948486	5206.003174	65	400
1204	Waveform 1	1	5225.976318	5227.162842	75	400
1204	Spectrogram 1	1	5225.976318	5227.162842	75	400
1205	Waveform 1	1	5231.052002	5231.513428	75	350
1205	Spectrogram 1	1	5231.052002	5231.513428	75	350
1206	Waveform 1	1	5231.513428	5231.843018	65	450
1206	Spectrogram 1	1	5231.513428	5231.843018	65	450
1208	Waveform 1	1	5236.127686	5236.589111	115	400
1208	Spectrogram 1	1	5236.127686	5236.589111	115	400
1209	Waveform 1	1	5236.589111	5236.786865	150	450
1209	Spectrogram 1	1	5236.589111	5236.786865	150	450
1211	Waveform 1	1	5241.137451	5241.994385	65	550
1211	Spectrogram 1	1	5241.137451	5241.994385	65	550
1257	Waveform 1	1	5427.421631	5427.619385	150	400
1257	Spectrogram 1	1	5427.421631	5427.619385	150	400
1259	Waveform 1	1	5442.846436	5443.439697	125	400
1259	Spectrogram 1	1	5442.846436	5443.439697	125	400
1271	Waveform 1	1	5480.881104	5481.210693	95	500
1271	Spectrogram 1	1	5480.881104	5481.210693	95	500
1274	Waveform 1	1	5487.4729	5487.868408	135	400
1274	Spectrogram 1	1	5487.4729	5487.868408	135	400
1277	Waveform 1	1	5494.328369	5494.921631	65	350
1277	Spectrogram 1	1	5494.328369	5494.921631	65	350
1282	Waveform 1	1	5509.950928	5511.664795	65	300
1282	Spectrogram 1	1	5509.950928	5511.664795	65	300
1283	Waveform 1	1	5514.631104	5515.158447	105	450
1283	Spectrogram 1	1	5514.631104	5515.158447	105	450
1287	Waveform 1	1	5529.264893	5529.6604	115	400
1287	Spectrogram 1	1	5529.264893	5529.6604	115	400
1294	Waveform 1	1	5544.426025	5544.689697	150	400
1294	Spectrogram 1	1	5544.426025	5544.689697	150	400
1296	Waveform 1	1	5549.699463	5550.094971	75	350
1296	Spectrogram 1	1	5549.699463	5550.094971	75	350
1297	Waveform 1	1	5554.9729	5555.30249	85	400
1297	Spectrogram 1	1	5554.9729	5555.30249	85	400
1305	Waveform 1	1	5587.404541	5587.931885	95	350
1305	Spectrogram 1	1	5587.404541	5587.931885	95	350
1314	Waveform 1	1	5616.342529	5616.935791	95	300
1314	Spectrogram 1	1	5616.342529	5616.935791	95	300
1319	Waveform 1	1	5631.833252	5632.031006	250	450
1319	Spectrogram 1	1	5631.833252	5632.031006	250	450
1326	Waveform 1	1	5665.385498	5666.572021	75	350
1326	Spectrogram 1	1	5665.385498	5666.572021	75	350
1350	Waveform 1	1	5764.394287	5765.185303	65	350
1350	Spectrogram 1	1	5764.394287	5765.185303	65	350
1353	Waveform 1	1	5777.643799	5777.973389	85	300
1353	Spectrogram 1	1	5777.643799	5777.973389	85	300
1354	Waveform 1	1	5783.44458	5784.235596	65	300
1354	Spectrogram 1	1	5783.44458	5784.235596	65	300
1355	Waveform 1	1	5789.047607	5789.574951	65	350
1355	Spectrogram 1	1	5789.047607	5789.574951	65	350
1359	Waveform 1	1	5794.650635	5794.848389	150	450
1359	Spectrogram 1	1	5794.650635	5794.848389	150	450
1360	Waveform 1	1	5800.055908	5800.715088	85	450
1360	Spectrogram 1	1	5800.055908	5800.715088	85	450
1362	Waveform 1	1	5805.263428	5806.252197	125	450
1362	Spectrogram 1	1	5805.263428	5806.252197	125	450
1364	Waveform 1	1	5810.273193	5810.866455	85	500
1364	Spectrogram 1	1	5810.273193	5810.866455	85	500
1371	Waveform 1	1	5847.319092	5847.516846	150	450
1371	Spectrogram 1	1	5847.319092	5847.516846	150	450
1380	Waveform 1	1	5885.749268	5886.012939	65	350
1380	Spectrogram 1	1	5885.749268	5886.012939	65	350
1381	Waveform 1	1	5891.484131	5891.879639	135	400
1381	Spectrogram 1	1	5891.484131	5891.879639	135	400
1382	Waveform 1	1	5895.307373	5896.164307	75	250
1382	Spectrogram 1	1	5895.307373	5896.164307	75	250
1383	Waveform 1	1	5900.448975	5901.108154	65	300
1383	Spectrogram 1	1	5900.448975	5901.108154	65	300
1414	Waveform 1	1	6077.636475	6078.625244	85	450
1414	Spectrogram 1	1	6077.636475	6078.625244	85	450
1418	Waveform 1	1	6088.249268	6088.776611	85	350
1418	Spectrogram 1	1	6088.249268	6088.776611	85	350
1419	Waveform 1	1	6093.390869	6094.247803	105	350
1419	Spectrogram 1	1	6093.390869	6094.247803	105	350
1421	Waveform 1	1	6098.532471	6099.19165	75	450
1421	Spectrogram 1	1	6098.532471	6099.19165	75	450
1432	Waveform 1	1	6146.125244	6147.179932	65	350
1432	Spectrogram 1	1	6146.125244	6147.179932	65	350
1437	Waveform 1	1	6155.35376	6156.276611	95	165
1437	Spectrogram 1	1	6155.35376	6156.276611	95	165
1439	Waveform 1	1	6160.363525	6160.956787	105	450
1439	Spectrogram 1	1	6160.363525	6160.956787	105	450
1440	Waveform 1	1	6165.571045	6166.164307	105	350
1440	Spectrogram 1	1	6165.571045	6166.164307	105	350
1445	Waveform 1	1	6190.619873	6191.476807	65	350
1445	Spectrogram 1	1	6190.619873	6191.476807	65	350
1446	Waveform 1	1	6196.288818	6197.013916	85	400
1446	Spectrogram 1	1	6196.288818	6197.013916	85	400
1448	Waveform 1	1	6201.496338	6203.276123	85	500
1448	Spectrogram 1	1	6201.496338	6203.276123	85	500
1457	Waveform 1	1	6230.236572	6230.763916	85	300
1457	Spectrogram 1	1	6230.236572	6230.763916	85	300
1458	Waveform 1	1	6235.51001	6235.905518	125	400
1458	Spectrogram 1	1	6235.51001	6235.905518	125	400
1476	Waveform 1	1	6369.455322	6369.653076	135	850
1476	Spectrogram 1	1	6369.455322	6369.653076	135	850
1477	Waveform 1	1	6374.992432	6376.376709	65	400
1477	Spectrogram 1	1	6374.992432	6376.376709	65	400
1478	Waveform 1	1	6380.661377	6381.716064	85	350
1478	Spectrogram 1	1	6380.661377	6381.716064	85	350
1480	Waveform 1	1	6386.06665	6386.659912	85	700
1480	Spectrogram 1	1	6386.06665	6386.659912	85	700
1481	Waveform 1	1	6391.340088	6391.867432	75	300
1481	Spectrogram 1	1	6391.340088	6391.867432	75	300
1483	Waveform 1	1	6396.547607	6397.140869	65	450
1483	Spectrogram 1	1	6396.547607	6397.140869	65	450
1485	Waveform 1	1	6411.774658	6412.433838	85	350
1485	Spectrogram 1	1	6411.774658	6412.433838	85	350
1487	Waveform 1	1	6416.784424	6417.311768	95	250
1487	Spectrogram 1	1	6416.784424	6417.311768	95	250
1497	Waveform 1	1	6490.678467	6490.876221	150	400
1497	Spectrogram 1	1	6490.678467	6490.876221	150	400
1499	Waveform 1	1	6496.41333	6496.874756	65	450
1499	Spectrogram 1	1	6496.41333	6496.874756	65	450
1500	Waveform 1	1	6501.62085	6502.477783	65	400
1500	Spectrogram 1	1	6501.62085	6502.477783	65	400
1528	Waveform 1	1	6659.428467	6659.889893	85	400
1528	Spectrogram 1	1	6659.428467	6659.889893	85	400
1531	Waveform 1	1	6664.83374	6665.16333	85	450
1531	Spectrogram 1	1	6664.83374	6665.16333	85	450
1532	Waveform 1	1	6670.04126	6671.030029	85	400
1532	Spectrogram 1	1	6670.04126	6671.030029	85	400
1533	Waveform 1	1	6675.182861	6677.424072	65	450
1533	Spectrogram 1	1	6675.182861	6677.424072	65	450
1534	Waveform 1	1	6680.258545	6680.851807	65	300
1534	Spectrogram 1	1	6680.258545	6680.851807	65	300
1536	Waveform 1	1	6685.334229	6685.795654	85	300
1536	Spectrogram 1	1	6685.334229	6685.795654	85	300
1537	Waveform 1	1	6689.618896	6690.871338	125	400
1537	Spectrogram 1	1	6689.618896	6690.871338	125	400
1539	Waveform 1	1	6735.695557	6736.618408	65	650
1539	Spectrogram 1	1	6735.695557	6736.618408	65	650
1541	Waveform 1	1	6746.637939	6747.099365	85	400
1541	Spectrogram 1	1	6746.637939	6747.099365	85	400
1563	Waveform 1	1	6882.231201	6882.560791	85	350
1563	Spectrogram 1	1	6882.231201	6882.560791	85	350
1565	Waveform 1	1	6889.74585	6890.470947	65	165
1565	Spectrogram 1	1	6889.74585	6890.470947	65	165
1566	Waveform 1	1	6895.348877	6895.612549	85	750
1566	Spectrogram 1	1	6895.348877	6895.612549	85	750
1568	Waveform 1	1	6900.688232	6901.479248	65	350
1568	Spectrogram 1	1	6900.688232	6901.479248	65	350
1569	Waveform 1	1	6906.29126	6907.016357	65	350
1569	Spectrogram 1	1	6906.29126	6907.016357	65	350
1571	Waveform 1	1	6912.026123	6912.817139	85	450
1571	Spectrogram 1	1	6912.026123	6912.817139	85	450
1572	Waveform 1	1	6917.233643	6918.683838	65	350
1572	Spectrogram 1	1	6917.233643	6918.683838	65	350
1573	Waveform 1	1	6922.309326	6923.100342	75	450
1573	Spectrogram 1	1	6922.309326	6923.100342	75	450
1574	Waveform 1	1	6927.319092	6927.846436	75	400
1574	Spectrogram 1	1	6927.319092	6927.846436	75	400
1577	Waveform 1	1	6936.877197	6937.602295	125	165
1577	Spectrogram 1	1	6936.877197	6937.602295	125	165
1602	Waveform 1	1	7061.06665	7061.198486	150	750
1602	Spectrogram 1	1	7061.06665	7061.198486	150	750
1606	Waveform 1	1	7066.340088	7067.592529	85	850
1606	Spectrogram 1	1	7066.340088	7067.592529	85	850
1607	Waveform 1	1	7071.415771	7071.943115	105	850
1607	Spectrogram 1	1	7071.415771	7071.943115	105	850
1608	Waveform 1	1	7077.150635	7077.94165	65	850
1608	Spectrogram 1	1	7077.150635	7077.94165	65	850
1609	Waveform 1	1	7082.753662	7083.47876	75	850
1609	Spectrogram 1	1	7082.753662	7083.47876	75	850
1613	Waveform 1	1	7088.422607	7088.620361	250	800
1613	Spectrogram 1	1	7088.422607	7088.620361	250	800
1622	Waveform 1	1	7100.749268	7101.078857	150	850
1622	Spectrogram 1	1	7100.749268	7101.078857	150	850
1633	Waveform 1	1	7118.547119	7118.678955	200	600
1633	Spectrogram 1	1	7118.547119	7118.678955	200	600
1635	Waveform 1	1	7123.952393	7124.67749	95	700
1635	Spectrogram 1	1	7123.952393	7124.67749	95	700
1660	Waveform 1	1	7278.332275	7278.661865	65	850
1660	Spectrogram 1	1	7278.332275	7278.661865	65	850
1662	Waveform 1	1	7286.769775	7287.165283	125	850
1662	Spectrogram 1	1	7286.769775	7287.165283	125	850
1664	Waveform 1	1	7295.273193	7295.602783	65	850
1664	Spectrogram 1	1	7295.273193	7295.602783	65	850
1666	Waveform 1	1	7304.633545	7304.831299	150	850
1666	Spectrogram 1	1	7304.633545	7304.831299	150	850
1671	Waveform 1	1	7313.532471	7313.796143	115	850
1671	Spectrogram 1	1	7313.532471	7313.796143	115	850
1674	Waveform 1	1	7322.497314	7322.95874	65	850
1674	Spectrogram 1	1	7322.497314	7322.95874	65	850
1676	Waveform 1	1	7333.769287	7333.835205	350	750
1676	Spectrogram 1	1	7333.769287	7333.835205	350	750
1677	Waveform 1	1	7333.835205	7334.362549	65	850
1677	Spectrogram 1	1	7333.835205	7334.362549	65	850
1679	Waveform 1	1	7343.788818	7344.579834	65	850
1679	Spectrogram 1	1	7343.788818	7344.579834	65	850
1682	Waveform 1	1	7352.753662	7353.281006	65	850
1682	Spectrogram 1	1	7352.753662	7353.281006	65	850
1685	Waveform 1	1	7362.641357	7362.773193	200	750
1685	Spectrogram 1	1	7362.641357	7362.773193	200	750
1687	Waveform 1	1	7371.210693	7371.540283	85	850
1687	Spectrogram 1	1	7371.210693	7371.540283	85	850
1688	Waveform 1	1	7378.000244	7378.197998	400	800
1688	Spectrogram 1	1	7378.000244	7378.197998	400	800
1689	Waveform 1	1	7387.887939	7388.349365	115	850
1689	Spectrogram 1	1	7387.887939	7388.349365	115	850
1692	Waveform 1	1	7399.291748	7399.621338	115	850
1692	Spectrogram 1	1	7399.291748	7399.621338	115	850
1699	Waveform 1	1	7408.190674	7409.904541	65	850
1699	Spectrogram 1	1	7408.190674	7409.904541	65	850
1701	Waveform 1	1	7414.321045	7414.584717	75	750
1701	Spectrogram 1	1	7414.321045	7414.584717	75	750
1705	Waveform 1	1	7423.549561	7423.747314	150	850
1705	Spectrogram 1	1	7423.549561	7423.747314	150	850
1709	Waveform 1	1	7431.525635	7432.250732	135	800
1709	Spectrogram 1	1	7431.525635	7432.250732	135	800
1711	Waveform 1	1	7440.029053	7440.292725	115	850
1711	Spectrogram 1	1	7440.029053	7440.292725	115	850
1717	Waveform 1	1	7450.8396	7451.366943	65	850
1717	Spectrogram 1	1	7450.8396	7451.366943	65	850
1720	Waveform 1	1	7459.2771	7459.540771	150	850
1720	Spectrogram 1	1	7459.2771	7459.540771	150	850
1721	Waveform 1	1	7469.560303	7469.823975	150	850
1721	Spectrogram 1	1	7469.560303	7469.823975	150	850
1722	Waveform 1	1	7479.184326	7480.304932	115	850
1722	Spectrogram 1	1	7479.184326	7480.304932	115	850
1726	Waveform 1	1	7489.797119	7490.588135	85	850
1726	Spectrogram 1	1	7489.797119	7490.588135	85	850
1729	Waveform 1	1	7499.882568	7500.212158	105	850
1729	Spectrogram 1	1	7499.882568	7500.212158	105	850
1730	Waveform 1	1	7509.57251	7510.099854	65	850
1730	Spectrogram 1	1	7509.57251	7510.099854	65	850
1732	Waveform 1	1	7517.284912	7517.68042	95	850
1732	Spectrogram 1	1	7517.284912	7517.68042	95	850
1735	Waveform 1	1	7529.018311	7529.611572	85	850
1735	Spectrogram 1	1	7529.018311	7529.611572	85	850
1740	Waveform 1	1	7539.301514	7539.565186	150	850
1740	Spectrogram 1	1	7539.301514	7539.565186	150	850
1741	Waveform 1	1	7550.44165	7551.628174	65	850
1741	Spectrogram 1	1	7550.44165	7551.628174	65	850
1744	Waveform 1	1	7575.029053	7576.677002	85	850
1744	Spectrogram 1	1	7575.029053	7576.677002	85	850
1747	Waveform 1	1	7587.355713	7587.619385	200	850
1747	Spectrogram 1	1	7587.355713	7587.619385	200	850
1752	Waveform 1	1	7597.17749	7598.100342	65	800
1752	Spectrogram 1	1	7597.17749	7598.100342	65	800
1754	Waveform 1	1	7608.053955	7608.647217	85	850
1754	Spectrogram 1	1	7608.053955	7608.647217	85	850
1758	Waveform 1	1	7617.084717	7617.348389	150	850
1758	Spectrogram 1	1	7617.084717	7617.348389	150	850
1760	Waveform 1	1	7628.093018	7628.422607	150	850
1760	Spectrogram 1	1	7628.093018	7628.422607	150	850
1767	Waveform 1	1	7647.077393	7647.143311	450	800
1767	Spectrogram 1	1	7647.077393	7647.143311	450	800
1768	Waveform 1	1	7647.143311	7647.4729	85	850
1768	Spectrogram 1	1	7647.143311	7647.4729	85	850
1769	Waveform 1	1	7658.547119	7658.810791	150	850
1769	Spectrogram 1	1	7658.547119	7658.810791	150	850
1771	Waveform 1	1	7669.687256	7669.753174	400	800
1771	Spectrogram 1	1	7669.687256	7669.753174	400	800
1772	Waveform 1	1	7669.753174	7669.88501	65	850
1772	Spectrogram 1	1	7669.753174	7669.88501	65	850
1782	Waveform 1	1	7690.055908	7690.385498	125	850
1782	Spectrogram 1	1	7690.055908	7690.385498	125	850
1785	Waveform 1	1	7698.75708	7698.954834	150	850
1785	Spectrogram 1	1	7698.75708	7698.954834	150	850
1788	Waveform 1	1	7710.029053	7710.358643	65	850
1788	Spectrogram 1	1	7710.029053	7710.358643	65	850
1791	Waveform 1	1	7719.982666	7720.312256	75	850
1791	Spectrogram 1	1	7719.982666	7720.312256	75	850
1793	Waveform 1	1	7731.452393	7731.716064	105	850
1793	Spectrogram 1	1	7731.452393	7731.716064	105	850
1797	Waveform 1	1	7741.669678	7742.526611	85	850
1797	Spectrogram 1	1	7741.669678	7742.526611	85	850
1798	Waveform 1	1	7751.623291	7754.194092	65	800
1798	Spectrogram 1	1	7751.623291	7754.194092	65	800
1800	Waveform 1	1	7762.104248	7763.158936	115	850
1800	Spectrogram 1	1	7762.104248	7763.158936	115	850
1801	Waveform 1	1	7770.871338	7771.398682	125	850
1801	Spectrogram 1	1	7770.871338	7771.398682	125	850
1804	Waveform 1	1	7780.956787	7781.022705	135	850
1804	Spectrogram 1	1	7780.956787	7781.022705	135	850
1805	Waveform 1	1	7781.022705	7781.286377	350	650
1805	Spectrogram 1	1	7781.022705	7781.286377	350	650
1813	Waveform 1	1	7797.831787	7798.029541	150	850
1813	Spectrogram 1	1	7797.831787	7798.029541	150	850
1819	Waveform 1	1	7808.378662	7808.708252	125	850
1819	Spectrogram 1	1	7808.378662	7808.708252	125	850
1823	Waveform 1	1	7819.848389	7820.309814	75	850
1823	Spectrogram 1	1	7819.848389	7820.309814	75	850
1825	Waveform 1	1	7829.670166	7830.19751	65	850
1825	Spectrogram 1	1	7829.670166	7830.19751	65	850
1826	Waveform 1	1	7837.909912	7838.173584	350	800
1826	Spectrogram 1	1	7837.909912	7838.173584	350	800
1828	Waveform 1	1	7850.104736	7850.170654	450	800
1828	Spectrogram 1	1	7850.104736	7850.170654	450	800
1829	Waveform 1	1	7850.170654	7850.763916	65	850
1829	Spectrogram 1	1	7850.170654	7850.763916	65	850
1830	Waveform 1	1	7858.146729	7858.608154	150	800
1830	Spectrogram 1	1	7858.146729	7858.608154	150	800
1839	Waveform 1	1	7879.108643	7879.174561	150	850
1839	Spectrogram 1	1	7879.108643	7879.174561	150	850
1840	Waveform 1	1	7879.174561	7879.438232	400	650
1840	Spectrogram 1	1	7879.174561	7879.438232	400	650
1842	Waveform 1	1	7888.403076	7888.732666	85	850
1842	Spectrogram 1	1	7888.403076	7888.732666	85	850
1845	Waveform 1	1	7897.03833	7897.36792	115	850
1845	Spectrogram 1	1	7897.03833	7897.36792	115	850
1850	Waveform 1	1	7909.496826	7909.69458	150	850
1850	Spectrogram 1	1	7909.496826	7909.69458	150	850
1854	Waveform 1	1	7918.066162	7918.923096	85	850
1854	Spectrogram 1	1	7918.066162	7918.923096	85	850
1858	Waveform 1	1	7926.635498	7926.965088	125	850
1858	Spectrogram 1	1	7926.635498	7926.965088	125	850
1859	Waveform 1	1	7935.929932	7936.325439	65	850
1859	Spectrogram 1	1	7935.929932	7936.325439	65	850
1862	Waveform 1	1	7943.708252	7943.971924	150	850
1862	Spectrogram 1	1	7943.708252	7943.971924	150	850
1865	Waveform 1	1	7951.091064	7951.750244	65	850
1865	Spectrogram 1	1	7951.091064	7951.750244	65	850
1869	Waveform 1	1	7959.198975	7959.396729	135	850
1869	Spectrogram 1	1	7959.198975	7959.396729	135	850
1873	Waveform 1	1	7966.515869	7966.845459	150	800
1873	Spectrogram 1	1	7966.515869	7966.845459	150	800
1875	Waveform 1	1	7974.887451	7975.546631	65	800
1875	Spectrogram 1	1	7974.887451	7975.546631	65	800
1879	Waveform 1	1	7984.247803	7984.577393	85	850
1879	Spectrogram 1	1	7984.247803	7984.577393	85	850
1883	Waveform 1	1	7994.992432	7995.322021	125	850
1883	Spectrogram 1	1	7994.992432	7995.322021	125	850
1886	Waveform 1	1	8004.814209	8006.000732	85	850
1886	Spectrogram 1	1	8004.814209	8006.000732	85	850
1889	Waveform 1	1	8015.49292	8015.888428	150	850
1889	Spectrogram 1	1	8015.49292	8015.888428	150	850
1900	Waveform 1	1	8060.185303	8060.514893	125	850
1900	Spectrogram 1	1	8060.185303	8060.514893	125	850
1901	Waveform 1	1	8065.656494	8065.920166	85	850
1901	Spectrogram 1	1	8065.656494	8065.920166	85	850
1905	Waveform 1	1	8071.061768	8072.116455	65	850
1905	Spectrogram 1	1	8071.061768	8072.116455	65	850
1906	Waveform 1	1	8076.269287	8076.532959	125	600
1906	Spectrogram 1	1	8076.269287	8076.532959	125	600
1910	Waveform 1	1	8081.542725	8081.740479	85	600
1910	Spectrogram 1	1	8081.542725	8081.740479	85	600
1912	Waveform 1	1	8086.88208	8087.475342	65	500
1912	Spectrogram 1	1	8086.88208	8087.475342	65	500
1914	Waveform 1	1	8092.0896	8092.419189	65	350
1914	Spectrogram 1	1	8092.0896	8092.419189	65	350
1920	Waveform 1	1	8109.096436	8109.689697	65	600
1920	Spectrogram 1	1	8109.096436	8109.689697	65	600
1922	Waveform 1	1	8121.752686	8122.082275	105	700
1922	Spectrogram 1	1	8121.752686	8122.082275	105	700
1924	Waveform 1	1	8127.421631	8128.080811	135	850
1924	Spectrogram 1	1	8127.421631	8128.080811	135	850
1927	Waveform 1	1	8133.61792	8134.2771	85	300
1927	Spectrogram 1	1	8133.61792	8134.2771	85	300
1929	Waveform 1	1	8143.373779	8143.637451	65	400
1929	Spectrogram 1	1	8143.373779	8143.637451	65	400
1930	Waveform 1	1	8151.415771	8152.338623	95	850
1930	Spectrogram 1	1	8151.415771	8152.338623	95	850
1931	Waveform 1	1	8156.293701	8156.557373	135	650
1931	Spectrogram 1	1	8156.293701	8156.557373	135	650
1933	Waveform 1	1	8161.501221	8161.698975	65	800
1933	Spectrogram 1	1	8161.501221	8161.698975	65	800
1936	Waveform 1	1	8172.707275	8172.970947	150	750
1936	Spectrogram 1	1	8172.707275	8172.970947	150	750
1943	Waveform 1	1	8191.559814	8191.889404	85	600
1943	Spectrogram 1	1	8191.559814	8191.889404	85	600
1948	Waveform 1	1	8208.830322	8209.357666	85	600
1948	Spectrogram 1	1	8208.830322	8209.357666	85	600
1949	Waveform 1	1	8214.169678	8215.586914	65	850
1949	Spectrogram 1	1	8214.169678	8215.586914	65	850
1957	Waveform 1	1	8229.462646	8229.98999	75	600
1957	Spectrogram 1	1	8229.462646	8229.98999	75	600
1959	Waveform 1	1	8234.670166	8234.933838	200	550
1959	Spectrogram 1	1	8234.670166	8234.933838	200	550
1961	Waveform 1	1	8239.74585	8239.877686	200	450
1961	Spectrogram 1	1	8239.74585	8239.877686	200	450
1964	Waveform 1	1	8245.151123	8245.414795	150	650
1964	Spectrogram 1	1	8245.151123	8245.414795	150	650
1965	Waveform 1	1	8250.424561	8250.688232	135	450
1965	Spectrogram 1	1	8250.424561	8250.688232	135	450
1967	Waveform 1	1	8255.566162	8255.829834	135	850
1967	Spectrogram 1	1	8255.566162	8255.829834	135	850
1969	Waveform 1	1	8260.641846	8260.8396	115	850
1969	Spectrogram 1	1	8260.641846	8260.8396	115	850
1971	Waveform 1	1	8271.913818	8272.375244	125	850
1971	Spectrogram 1	1	8271.913818	8272.375244	125	850
1974	Waveform 1	1	8282.197021	8282.856201	85	600
1974	Spectrogram 1	1	8282.197021	8282.856201	85	600
1975	Waveform 1	1	8287.602295	8288.063721	65	850
1975	Spectrogram 1	1	8287.602295	8288.063721	65	850
1980	Waveform 1	1	8294.457764	8294.5896	200	450
1980	Spectrogram 1	1	8294.457764	8294.5896	200	450
1992	Waveform 1	1	8332.162842	8332.492432	115	850
1992	Spectrogram 1	1	8332.162842	8332.492432	115	850
1993	Waveform 1	1	8338.095459	8339.743408	105	850
1993	Spectrogram 1	1	8338.095459	8339.743408	105	850
1994	Waveform 1	1	8343.830322	8344.22583	75	850
1994	Spectrogram 1	1	8343.830322	8344.22583	75	850
2023	Waveform 1	1	8442.839111	8443.102783	115	850
2023	Spectrogram 1	1	8442.839111	8443.102783	115	850
2026	Waveform 1	1	8447.651123	8448.573975	65	550
2026	Spectrogram 1	1	8447.651123	8448.573975	65	550
2027	Waveform 1	1	8452.594971	8452.858643	135	800
2027	Spectrogram 1	1	8452.594971	8452.858643	135	800
2030	Waveform 1	1	8462.35083	8462.614502	350	750
2030	Spectrogram 1	1	8462.35083	8462.614502	350	750
2032	Waveform 1	1	8467.492432	8468.678955	65	850
2032	Spectrogram 1	1	8467.492432	8468.678955	65	850
2035	Waveform 1	1	8472.831787	8472.897705	350	600
2035	Spectrogram 1	1	8472.831787	8472.897705	350	600
2036	Waveform 1	1	8472.897705	8474.3479	65	750
2036	Spectrogram 1	1	8472.897705	8474.3479	65	750
2049	Waveform 1	1	8503.219971	8503.483643	200	650
2049	Spectrogram 1	1	8503.219971	8503.483643	200	650
2051	Waveform 1	1	8508.888916	8509.08667	150	550
2051	Spectrogram 1	1	8508.888916	8509.08667	150	550
2053	Waveform 1	1	8514.953369	8515.217041	65	500
2053	Spectrogram 1	1	8514.953369	8515.217041	65	500
2060	Waveform 1	1	8527.807373	8528.598389	125	600
2060	Spectrogram 1	1	8527.807373	8528.598389	125	600
2065	Waveform 1	1	8538.486084	8538.815674	350	650
2065	Spectrogram 1	1	8538.486084	8538.815674	350	650
2069	Waveform 1	1	8550.153564	8550.483154	125	850
2069	Spectrogram 1	1	8550.153564	8550.483154	125	850
2074	Waveform 1	1	8562.414307	8562.677979	200	600
2074	Spectrogram 1	1	8562.414307	8562.677979	200	600
2077	Waveform 1	1	8567.48999	8567.621826	300	550
2077	Spectrogram 1	1	8567.48999	8567.621826	300	550
2079	Waveform 1	1	8572.170166	8572.36792	200	500
2079	Spectrogram 1	1	8572.170166	8572.36792	200	500
2082	Waveform 1	1	8578.498291	8578.761963	65	450
2082	Spectrogram 1	1	8578.498291	8578.761963	65	450
2085	Waveform 1	1	8583.376221	8584.299072	65	500
2085	Spectrogram 1	1	8583.376221	8584.299072	65	500
2089	Waveform 1	1	8592.209229	8593.395752	65	600
2089	Spectrogram 1	1	8592.209229	8593.395752	65	600
2090	Waveform 1	1	8597.218994	8598.471436	85	850
2090	Spectrogram 1	1	8597.218994	8598.471436	85	850
2091	Waveform 1	1	8602.55835	8603.019775	85	750
2091	Spectrogram 1	1	8602.55835	8603.019775	85	750
2121	Waveform 1	1	8687.262939	8687.526611	85	600
2121	Spectrogram 1	1	8687.262939	8687.526611	85	600
2138	Waveform 1	1	8713.959717	8714.157471	200	650
2138	Spectrogram 1	1	8713.959717	8714.157471	200	650
2142	Waveform 1	1	8724.308838	8724.506592	200	550
2142	Spectrogram 1	1	8724.308838	8724.506592	200	550
2143	Waveform 1	1	8732.482666	8733.3396	85	350
2143	Spectrogram 1	1	8732.482666	8733.3396	85	350
2145	Waveform 1	1	8734.526123	8736.108154	85	850
2145	Spectrogram 1	1	8734.526123	8736.108154	85	850
2148	Waveform 1	1	8742.634033	8742.897705	125	450
2148	Spectrogram 1	1	8742.634033	8742.897705	125	450
2149	Waveform 1	1	8747.314209	8747.643799	135	850
2149	Spectrogram 1	1	8747.314209	8747.643799	135	850
2150	Waveform 1	1	8747.709717	8747.907471	200	600
2150	Spectrogram 1	1	8747.709717	8747.907471	200	600
2152	Waveform 1	1	8752.7854	8753.049072	150	600
2152	Spectrogram 1	1	8752.7854	8753.049072	150	600
2154	Waveform 1	1	8757.795166	8757.99292	150	550
2154	Spectrogram 1	1	8757.795166	8757.99292	150	550
2155	Waveform 1	1	8758.586182	8759.179443	75	850
2155	Spectrogram 1	1	8758.586182	8759.179443	75	850
2157	Waveform 1	1	8762.804932	8763.925537	75	450
2157	Spectrogram 1	1	8762.804932	8763.925537	75	450
2160	Waveform 1	1	8770.31958	8770.517334	150	600
2160	Spectrogram 1	1	8770.31958	8770.517334	150	600
2162	Waveform 1	1	8780.602783	8780.668701	350	600
2162	Spectrogram 1	1	8780.602783	8780.668701	350	600
2163	Waveform 1	1	8780.668701	8780.932373	115	850
2163	Spectrogram 1	1	8780.668701	8780.932373	115	850
2172	Waveform 1	1	8814.814209	8814.946045	200	700
2172	Spectrogram 1	1	8814.814209	8814.946045	200	700
2174	Waveform 1	1	8819.823975	8820.878662	65	850
2174	Spectrogram 1	1	8819.823975	8820.878662	65	850
2175	Waveform 1	1	8825.756592	8826.086182	65	850
2175	Spectrogram 1	1	8825.756592	8826.086182	65	850
2178	Waveform 1	1	8830.568604	8831.030029	135	850
2178	Spectrogram 1	1	8830.568604	8831.030029	135	850
2180	Waveform 1	1	8834.985107	8836.633057	65	850
2180	Spectrogram 1	1	8834.985107	8836.633057	65	850
2182	Waveform 1	1	8839.863037	8840.126709	150	850
2182	Spectrogram 1	1	8839.863037	8840.126709	150	850
2183	Waveform 1	1	8844.543213	8845.004639	65	400
2183	Spectrogram 1	1	8844.543213	8845.004639	65	400
2184	Waveform 1	1	8849.157471	8849.684814	85	250
2184	Spectrogram 1	1	8849.157471	8849.684814	85	250
2185	Waveform 1	1	8852.255615	8852.717041	105	550
2185	Spectrogram 1	1	8852.255615	8852.717041	105	550
2186	Waveform 1	1	8858.188232	8858.451904	150	450
2186	Spectrogram 1	1	8858.188232	8858.451904	150	450
2189	Waveform 1	1	8863.79126	8864.186768	85	850
2189	Spectrogram 1	1	8863.79126	8864.186768	85	850
2214	Waveform 1	1	8943.683838	8944.013428	65	550
2214	Spectrogram 1	1	8943.683838	8944.013428	65	550
2216	Waveform 1	1	8949.286865	8952.450928	75	400
2216	Spectrogram 1	1	8949.286865	8952.450928	75	400
2217	Waveform 1	1	8954.230713	8954.494385	115	600
2217	Spectrogram 1	1	8954.230713	8954.494385	115	600
2223	Waveform 1	1	8964.513916	8964.843506	75	500
2223	Spectrogram 1	1	8964.513916	8964.843506	75	500
2226	Waveform 1	1	8969.325928	8969.787354	75	850
2226	Spectrogram 1	1	8969.325928	8969.787354	75	850
2228	Waveform 1	1	8974.533447	8974.928955	65	850
2228	Spectrogram 1	1	8974.533447	8974.928955	65	850
2231	Waveform 1	1	8979.740967	8980.268311	95	650
2231	Spectrogram 1	1	8979.740967	8980.268311	95	650
2232	Waveform 1	1	8985.212158	8985.739502	65	850
2232	Spectrogram 1	1	8985.212158	8985.739502	65	850
2234	Waveform 1	1	8990.287842	8990.881104	65	350
2234	Spectrogram 1	1	8990.287842	8990.881104	65	350
2237	Waveform 1	1	9000.834717	9001.098389	150	450
2237	Spectrogram 1	1	9000.834717	9001.098389	150	450
2245	Waveform 1	1	9017.775635	9018.039307	150	800
2245	Spectrogram 1	1	9017.775635	9018.039307	150	800
2247	Waveform 1	1	9023.246826	9023.576416	150	850
2247	Spectrogram 1	1	9023.246826	9023.576416	150	850
2249	Waveform 1	1	9032.343506	9032.475342	200	850
2249	Spectrogram 1	1	9032.343506	9032.475342	200	850
2250	Waveform 1	1	9038.210205	9039.792236	65	500
2250	Spectrogram 1	1	9038.210205	9039.792236	65	500
2253	Waveform 1	1	9043.351807	9043.483643	200	650
2253	Spectrogram 1	1	9043.351807	9043.483643	200	650
2257	Waveform 1	1	9053.107666	9053.239502	200	450
2257	Spectrogram 1	1	9053.107666	9053.239502	200	450
2260	Waveform 1	1	9058.117432	9058.776611	65	450
2260	Spectrogram 1	1	9058.117432	9058.776611	65	450
2261	Waveform 1	1	9058.776611	9058.842529	200	450
2261	Spectrogram 1	1	9058.776611	9058.842529	200	450
2264	Waveform 1	1	9063.193115	9064.841064	85	700
2264	Spectrogram 1	1	9063.193115	9064.841064	85	700
2274	Waveform 1	1	9084.089111	9084.352783	350	800
2274	Spectrogram 1	1	9084.089111	9084.352783	350	800
2277	Waveform 1	1	9100.173096	9101.095947	85	800
2277	Spectrogram 1	1	9100.173096	9101.095947	85	800
2281	Waveform 1	1	9111.576904	9111.774658	75	650
2281	Spectrogram 1	1	9111.576904	9111.774658	75	650
2283	Waveform 1	1	9116.520752	9116.982178	75	850
2283	Spectrogram 1	1	9116.520752	9116.982178	75	850
2301	Waveform 1	1	9206.037354	9206.432861	75	400
2301	Spectrogram 1	1	9206.037354	9206.432861	75	400
2305	Waveform 1	1	9217.902588	9217.968506	65	750
2305	Spectrogram 1	1	9217.902588	9217.968506	65	750
2309	Waveform 1	1	9223.176025	9223.241943	150	300
2309	Spectrogram 1	1	9223.176025	9223.241943	150	300
2310	Waveform 1	1	9223.241943	9223.439697	125	550
2310	Spectrogram 1	1	9223.241943	9223.439697	125	550
2315	Waveform 1	1	9228.647217	9228.976807	65	650
2315	Spectrogram 1	1	9228.647217	9228.976807	65	650
2318	Waveform 1	1	9234.250244	9234.579834	65	850
2318	Spectrogram 1	1	9234.250244	9234.579834	65	850
2319	Waveform 1	1	9239.787354	9240.182861	125	500
2319	Spectrogram 1	1	9239.787354	9240.182861	125	500
2328	Waveform 1	1	9264.57251	9265.495361	85	550
2328	Spectrogram 1	1	9264.57251	9265.495361	85	550
2329	Waveform 1	1	9269.450439	9270.109619	75	600
2329	Spectrogram 1	1	9269.450439	9270.109619	75	600
2330	Waveform 1	1	9274.789795	9275.251221	125	850
2330	Spectrogram 1	1	9274.789795	9275.251221	125	850
2331	Waveform 1	1	9276.23999	9276.371826	200	450
2331	Spectrogram 1	1	9276.23999	9276.371826	200	450
2332	Waveform 1	1	9280.195068	9281.579346	115	600
2332	Spectrogram 1	1	9280.195068	9281.579346	115	600
2333	Waveform 1	1	9285.798096	9286.127686	125	850
2333	Spectrogram 1	1	9285.798096	9286.127686	125	850
2345	Waveform 1	1	9296.872314	9297.070068	200	850
2345	Spectrogram 1	1	9296.872314	9297.070068	200	850
2348	Waveform 1	1	9300.893311	9301.025146	200	500
2348	Spectrogram 1	1	9300.893311	9301.025146	200	500
2349	Waveform 1	1	9301.288818	9301.750244	85	750
2349	Spectrogram 1	1	9301.288818	9301.750244	85	750
2350	Waveform 1	1	9302.277588	9302.475342	200	700
2350	Spectrogram 1	1	9302.277588	9302.475342	200	700
2351	Waveform 1	1	9306.364502	9306.694092	150	450
2351	Spectrogram 1	1	9306.364502	9306.694092	150	450
2355	Waveform 1	1	9311.440186	9312.626709	65	500
2355	Spectrogram 1	1	9311.440186	9312.626709	65	500
2358	Waveform 1	1	9316.713623	9317.504639	115	450
2358	Spectrogram 1	1	9316.713623	9317.504639	115	450
2362	Waveform 1	1	9330.622314	9330.885986	350	600
2362	Spectrogram 1	1	9330.622314	9330.885986	350	600
2382	Waveform 1	1	9367.140869	9367.272705	350	600
2382	Spectrogram 1	1	9367.140869	9367.272705	350	600
2384	Waveform 1	1	9374.128174	9374.391846	125	500
2384	Spectrogram 1	1	9374.128174	9374.391846	125	500
2387	Waveform 1	1	9380.588135	9380.719971	300	550
2387	Spectrogram 1	1	9380.588135	9380.719971	300	550
2388	Waveform 1	1	9385.861572	9386.125244	200	650
2388	Spectrogram 1	1	9385.861572	9386.125244	200	650
2390	Waveform 1	1	9389.025635	9389.289307	150	750
2390	Spectrogram 1	1	9389.025635	9389.289307	150	750
2420	Waveform 1	1	9499.965576	9500.361084	65	500
2420	Spectrogram 1	1	9499.965576	9500.361084	65	500
2422	Waveform 1	1	9506.952881	9507.216553	95	650
2422	Spectrogram 1	1	9506.952881	9507.216553	95	650
2426	Waveform 1	1	9512.687744	9512.81958	125	850
2426	Spectrogram 1	1	9512.687744	9512.81958	125	850
2428	Waveform 1	1	9518.224854	9518.752197	65	850
2428	Spectrogram 1	1	9518.224854	9518.752197	65	850
2429	Waveform 1	1	9523.234619	9525.080322	75	600
2429	Spectrogram 1	1	9523.234619	9525.080322	75	600
2430	Waveform 1	1	9528.244385	9528.771729	65	850
2430	Spectrogram 1	1	9528.244385	9528.771729	65	850
2432	Waveform 1	1	9533.517822	9533.91333	65	850
2432	Spectrogram 1	1	9533.517822	9533.91333	65	850
2434	Waveform 1	1	9538.659424	9538.989014	135	850
2434	Spectrogram 1	1	9538.659424	9538.989014	135	850
2436	Waveform 1	1	9543.866943	9544.328369	65	850
2436	Spectrogram 1	1	9543.866943	9544.328369	65	850
2437	Waveform 1	1	9548.019775	9548.613037	115	450
2437	Spectrogram 1	1	9548.019775	9548.613037	115	450
2438	Waveform 1	1	9548.613037	9549.997314	85	550
2438	Spectrogram 1	1	9548.613037	9549.997314	85	550
2441	Waveform 1	1	9553.754639	9554.150146	125	500
2441	Spectrogram 1	1	9553.754639	9554.150146	125	500
2443	Waveform 1	1	9558.302979	9558.56665	150	550
2443	Spectrogram 1	1	9558.302979	9558.56665	150	550
2444	Waveform 1	1	9559.028076	9559.819092	65	650
2444	Spectrogram 1	1	9559.028076	9559.819092	65	650
2446	Waveform 1	1	9563.378662	9563.840088	95	450
2446	Spectrogram 1	1	9563.378662	9563.840088	95	450
2447	Waveform 1	1	9563.840088	9564.169678	65	850
2447	Spectrogram 1	1	9563.840088	9564.169678	65	850
2448	Waveform 1	1	9569.047607	9569.311279	85	850
2448	Spectrogram 1	1	9569.047607	9569.311279	85	850
2451	Waveform 1	1	9573.200439	9573.398193	65	400
2451	Spectrogram 1	1	9573.200439	9573.398193	65	400
2452	Waveform 1	1	9573.398193	9573.727783	105	350
2452	Spectrogram 1	1	9573.398193	9573.727783	105	350
2454	Waveform 1	1	9578.473877	9578.605713	200	850
2454	Spectrogram 1	1	9578.473877	9578.605713	200	850
2456	Waveform 1	1	9585.329346	9585.593018	125	800
2456	Spectrogram 1	1	9585.329346	9585.593018	125	800
2457	Waveform 1	1	9590.207275	9591.657471	75	450
2457	Spectrogram 1	1	9590.207275	9591.657471	75	450
2458	Waveform 1	1	9595.546631	9597.85376	65	600
2458	Spectrogram 1	1	9595.546631	9597.85376	65	600
2459	Waveform 1	1	9600.424561	9600.688232	65	500
2459	Spectrogram 1	1	9600.424561	9600.688232	65	500
2465	Waveform 1	1	9606.027588	9606.225342	150	650
2465	Spectrogram 1	1	9606.027588	9606.225342	150	650
2475	Waveform 1	1	9623.298096	9623.561768	65	800
2475	Spectrogram 1	1	9623.298096	9623.561768	65	800
2477	Waveform 1	1	9629.032959	9629.230713	200	850
2477	Spectrogram 1	1	9629.032959	9629.230713	200	850
2487	Waveform 1	1	9645.842041	9646.171631	65	500
2487	Spectrogram 1	1	9645.842041	9646.171631	65	500
2490	Waveform 1	1	9650.851807	9650.983643	150	700
2490	Spectrogram 1	1	9650.851807	9650.983643	150	700
2495	Waveform 1	1	9655.993408	9656.25708	75	850
2495	Spectrogram 1	1	9655.993408	9656.25708	75	850
2497	Waveform 1	1	9661.728271	9661.794189	350	600
2497	Spectrogram 1	1	9661.728271	9661.794189	350	600
2498	Waveform 1	1	9661.794189	9662.321533	75	700
2498	Spectrogram 1	1	9661.794189	9662.321533	75	700
2503	Waveform 1	1	9673.329834	9673.46167	200	550
2503	Spectrogram 1	1	9673.329834	9673.46167	200	550
2534	Waveform 1	1	9791.520752	9791.982178	125	450
2534	Spectrogram 1	1	9791.520752	9791.982178	125	450
2537	Waveform 1	1	9796.728271	9797.189697	75	850
2537	Spectrogram 1	1	9796.728271	9797.189697	75	850
2541	Waveform 1	1	9802.331299	9802.726807	105	700
2541	Spectrogram 1	1	9802.331299	9802.726807	105	700
2543	Waveform 1	1	9807.736572	9809.714111	85	650
2543	Spectrogram 1	1	9807.736572	9809.714111	85	650
2544	Waveform 1	1	9812.878174	9813.207764	105	550
2544	Spectrogram 1	1	9812.878174	9813.207764	105	550
2546	Waveform 1	1	9817.690186	9818.019775	65	850
2546	Spectrogram 1	1	9817.690186	9818.019775	65	850
2550	Waveform 1	1	9827.511963	9827.841553	75	850
2550	Spectrogram 1	1	9827.511963	9827.841553	75	850
2552	Waveform 1	1	9832.587646	9833.180908	65	850
2552	Spectrogram 1	1	9832.587646	9833.180908	65	850
2554	Waveform 1	1	9835.290283	9835.553955	135	550
2554	Spectrogram 1	1	9835.290283	9835.553955	135	550
2562	Waveform 1	1	9853.285889	9853.945068	85	850
2562	Spectrogram 1	1	9853.285889	9853.945068	85	850
2572	Waveform 1	1	9879.982666	9880.444092	75	850
2572	Spectrogram 1	1	9879.982666	9880.444092	75	850
2574	Waveform 1	1	9891.518311	9891.913818	115	550
2574	Spectrogram 1	1	9891.518311	9891.913818	115	550
2575	Waveform 1	1	9896.330322	9897.978271	85	550
2575	Spectrogram 1	1	9896.330322	9897.978271	85	550
2577	Waveform 1	1	9904.701904	9904.83374	200	600
2577	Spectrogram 1	1	9904.701904	9904.83374	200	600
2580	Waveform 1	1	9909.975342	9910.304932	125	650
2580	Spectrogram 1	1	9909.975342	9910.304932	125	650
2583	Waveform 1	1	9915.776123	9916.171631	65	750
2583	Spectrogram 1	1	9915.776123	9916.171631	65	750
2611	Waveform 1	1	10026.1228	10026.45239	65	450
2611	Spectrogram 1	1	10026.1228	10026.45239	65	450
2612	Waveform 1	1	10032.91235	10033.17603	105	300
2612	Spectrogram 1	1	10032.91235	10033.17603	105	300
2614	Waveform 1	1	10038.51538	10038.64722	350	600
2614	Spectrogram 1	1	10038.51538	10038.64722	350	600
2615	Waveform 1	1	10043.92065	10046.09595	65	850
2615	Spectrogram 1	1	10043.92065	10046.09595	65	850
2616	Waveform 1	1	10049.12817	10049.16113	65	850
2616	Spectrogram 1	1	10049.12817	10049.16113	65	850
2617	Waveform 1	1	10049.16113	10049.39185	350	650
2617	Spectrogram 1	1	10049.16113	10049.39185	350	650
2636	Waveform 1	1	10092.30444	10092.5022	150	650
2636	Spectrogram 1	1	10092.30444	10092.5022	150	650
2638	Waveform 1	1	10098.23706	10098.56665	125	850
2638	Spectrogram 1	1	10098.23706	10098.56665	125	850
2641	Waveform 1	1	10110.23413	10110.4978	150	850
2641	Spectrogram 1	1	10110.23413	10110.4978	150	850
2642	Waveform 1	1	10113.39819	10113.53003	250	550
2642	Spectrogram 1	1	10113.39819	10113.53003	250	550
2643	Waveform 1	1	10116.16675	10116.3645	150	650
2643	Spectrogram 1	1	10116.16675	10116.3645	150	650
2645	Waveform 1	1	10121.83569	10123.41772	65	850
2645	Spectrogram 1	1	10121.83569	10123.41772	65	850
2646	Waveform 1	1	10127.43872	10127.90015	75	850
2646	Spectrogram 1	1	10127.43872	10127.90015	75	850
2663	Waveform 1	1	10198.82788	10198.95972	200	700
2663	Spectrogram 1	1	10198.82788	10198.95972	200	700
2667	Waveform 1	1	10219.46021	10219.59204	350	800
2667	Spectrogram 1	1	10219.46021	10219.59204	350	800
2669	Waveform 1	1	10225.12915	10225.59058	75	850
2669	Spectrogram 1	1	10225.12915	10225.59058	75	850
2670	Waveform 1	1	10232.57788	10232.90747	135	850
2670	Spectrogram 1	1	10232.57788	10232.90747	135	850
2688	Waveform 1	1	10333.76196	10333.95972	150	850
2688	Spectrogram 1	1	10333.76196	10333.95972	150	850
2690	Waveform 1	1	10339.43091	10339.69458	105	850
2690	Spectrogram 1	1	10339.43091	10339.69458	105	850
2695	Waveform 1	1	10344.9021	10345.16577	65	850
2695	Spectrogram 1	1	10344.9021	10345.16577	65	850
2699	Waveform 1	1	10350.43921	10350.70288	95	850
2699	Spectrogram 1	1	10350.43921	10350.70288	95	850
2723	Waveform 1	1	10429.21118	10429.93628	65	850
2723	Spectrogram 1	1	10429.21118	10429.93628	65	850
2728	Waveform 1	1	10434.28687	10434.55054	75	850
2728	Spectrogram 1	1	10434.28687	10434.55054	75	850
2729	Waveform 1	1	10439.69214	10440.15356	75	800
2729	Spectrogram 1	1	10439.69214	10440.15356	75	800
2731	Waveform 1	1	10446.61353	10447.00903	75	850
2731	Spectrogram 1	1	10446.61353	10447.00903	75	850
2732	Waveform 1	1	10452.34839	10454.19409	65	850
2732	Spectrogram 1	1	10452.34839	10454.19409	65	850
2749	Waveform 1	1	10519.84839	10520.44165	115	850
2749	Spectrogram 1	1	10519.84839	10520.44165	115	850
2759	Waveform 1	1	10566.32056	10566.71606	135	850
2759	Spectrogram 1	1	10566.32056	10566.71606	135	850
2762	Waveform 1	1	10571.79175	10572.05542	150	850
2762	Spectrogram 1	1	10571.79175	10572.05542	150	850
2763	Waveform 1	1	10577.19702	10577.59253	85	850
2763	Spectrogram 1	1	10577.19702	10577.59253	85	850
2765	Waveform 1	1	10582.53638	10583.59106	65	850
2765	Spectrogram 1	1	10582.53638	10583.59106	65	850
2769	Waveform 1	1	10587.80981	10588.00757	350	800
2769	Spectrogram 1	1	10587.80981	10588.00757	350	800
2770	Waveform 1	1	10593.28101	10593.47876	150	850
2770	Spectrogram 1	1	10593.28101	10593.47876	150	850
2771	Waveform 1	1	10599.27954	10599.47729	200	850
2771	Spectrogram 1	1	10599.27954	10599.47729	200	850
2777	Waveform 1	1	10613.58374	10613.84741	85	850
2777	Spectrogram 1	1	10613.58374	10613.84741	85	850
2786	Waveform 1	1	10634.08423	10634.21606	250	850
2786	Spectrogram 1	1	10634.08423	10634.21606	250	850
2787	Waveform 1	1	10639.75317	10639.95093	150	700
2787	Spectrogram 1	1	10639.75317	10639.95093	150	700
2809	Waveform 1	1	10708.17603	10708.50562	65	850
2809	Spectrogram 1	1	10708.17603	10708.50562	65	850
2812	Waveform 1	1	10713.77905	10713.91089	300	850
2812	Spectrogram 1	1	10713.77905	10713.91089	300	850
2816	Waveform 1	1	10719.71167	10720.37085	105	850
2816	Spectrogram 1	1	10719.71167	10720.37085	105	850
2817	Waveform 1	1	10725.3147	10725.51245	200	850
2817	Spectrogram 1	1	10725.3147	10725.51245	200	850
2820	Waveform 1	1	10730.85181	10730.98364	150	850
2820	Spectrogram 1	1	10730.85181	10730.98364	150	850
2821	Waveform 1	1	10736.58667	10736.98218	95	850
2821	Spectrogram 1	1	10736.58667	10736.98218	95	850
2824	Waveform 1	1	10742.1897	10742.58521	95	850
2824	Spectrogram 1	1	10742.1897	10742.58521	95	850
2825	Waveform 1	1	10748.12231	10748.64966	75	850
2825	Spectrogram 1	1	10748.12231	10748.64966	75	850
2826	Waveform 1	1	10753.79126	10755.57104	65	850
2826	Spectrogram 1	1	10753.79126	10755.57104	65	850
2828	Waveform 1	1	10767.37036	10767.69995	135	600
2828	Spectrogram 1	1	10767.37036	10767.69995	135	600
2840	Waveform 1	1	10812.59009	10812.85376	95	850
2840	Spectrogram 1	1	10812.59009	10812.85376	95	850
2841	Waveform 1	1	10818.06128	10818.39087	85	850
2841	Spectrogram 1	1	10818.06128	10818.39087	85	850
2845	Waveform 1	1	10823.66431	10823.92798	150	850
2845	Spectrogram 1	1	10823.66431	10823.92798	150	850
2846	Waveform 1	1	10829.00366	10829.33325	115	850
2846	Spectrogram 1	1	10829.00366	10829.33325	115	850
2849	Waveform 1	1	10834.60669	10834.93628	125	850
2849	Spectrogram 1	1	10834.60669	10834.93628	125	850
2850	Waveform 1	1	10839.94604	10840.01196	65	850
2850	Spectrogram 1	1	10839.94604	10840.01196	65	850
2851	Waveform 1	1	10840.01196	10840.34155	350	550
2851	Spectrogram 1	1	10840.01196	10840.34155	350	550
2874	Waveform 1	1	10920.43188	10920.76147	135	450
2874	Spectrogram 1	1	10920.43188	10920.76147	135	450
2879	Waveform 1	1	10931.76978	10932.16528	105	600
2879	Spectrogram 1	1	10931.76978	10932.16528	105	600
2883	Waveform 1	1	10943.30542	10943.9646	65	850
2883	Spectrogram 1	1	10943.30542	10943.9646	65	850
2885	Waveform 1	1	10948.24927	10948.51294	200	850
2885	Spectrogram 1	1	10948.24927	10948.51294	200	850
2886	Waveform 1	1	10953.65454	10953.91821	150	850
2886	Spectrogram 1	1	10953.65454	10953.91821	150	850
2889	Waveform 1	1	10959.25757	10959.52124	150	850
2889	Spectrogram 1	1	10959.25757	10959.52124	150	850
2892	Waveform 1	1	10964.66284	10965.05835	105	850
2892	Spectrogram 1	1	10964.66284	10965.05835	105	850
2893	Waveform 1	1	10970.39771	10970.66138	150	850
2893	Spectrogram 1	1	10970.39771	10970.66138	150	850
2896	Waveform 1	1	10975.80298	10976.13257	150	850
2896	Spectrogram 1	1	10975.80298	10976.13257	150	850
2898	Waveform 1	1	10981.27417	10981.60376	125	850
2898	Spectrogram 1	1	10981.27417	10981.60376	125	850
2938	Waveform 1	1	11098.14673	11098.60815	115	850
2938	Spectrogram 1	1	11098.14673	11098.60815	115	850
2942	Waveform 1	1	11103.94751	11104.07935	300	850
2942	Spectrogram 1	1	11103.94751	11104.07935	300	850
2944	Waveform 1	1	11109.68237	11109.81421	200	850
2944	Spectrogram 1	1	11109.68237	11109.81421	200	850
2948	Waveform 1	1	11115.15356	11115.21948	150	850
2948	Spectrogram 1	1	11115.15356	11115.21948	150	850
2949	Waveform 1	1	11115.21948	11115.35132	350	800
2949	Spectrogram 1	1	11115.21948	11115.35132	350	800
2953	Waveform 1	1	11120.95435	11121.61353	85	850
2953	Spectrogram 1	1	11120.95435	11121.61353	85	850
2957	Waveform 1	1	11126.42554	11126.75513	95	850
2957	Spectrogram 1	1	11126.42554	11126.75513	95	850
2969	Waveform 1	1	11203.48364	11203.81323	85	800
2969	Spectrogram 1	1	11203.48364	11203.81323	85	800
2985	Waveform 1	1	11225.30249	11225.43433	150	750
2985	Spectrogram 1	1	11225.30249	11225.43433	150	750
2999	Waveform 1	1	11240.39771	11240.66138	150	850
2999	Spectrogram 1	1	11240.39771	11240.66138	150	850
3009	Waveform 1	1	11250.61499	11250.87866	135	850
3009	Spectrogram 1	1	11250.61499	11250.87866	135	850
3011	Waveform 1	1	11255.88843	11256.34985	65	800
3011	Spectrogram 1	1	11255.88843	11256.34985	65	800
3014	Waveform 1	1	11261.2937	11261.35962	150	850
3014	Spectrogram 1	1	11261.2937	11261.35962	150	850
3015	Waveform 1	1	11261.35962	11261.62329	350	650
3015	Spectrogram 1	1	11261.35962	11261.62329	350	650
3016	Waveform 1	1	11266.76489	11266.89673	250	850
3016	Spectrogram 1	1	11266.76489	11266.89673	250	850
3020	Waveform 1	1	11278.56421	11278.82788	150	750
3020	Spectrogram 1	1	11278.56421	11278.82788	150	750
3027	Waveform 1	1	11288.84741	11289.30884	65	450
3027	Spectrogram 1	1	11288.84741	11289.30884	65	450
3031	Waveform 1	1	11293.79126	11293.98901	200	850
3031	Spectrogram 1	1	11293.79126	11293.98901	200	850
3033	Waveform 1	1	11298.53735	11299.65796	65	750
3033	Spectrogram 1	1	11298.53735	11299.65796	65	750
3038	Waveform 1	1	11304.40405	11304.73364	85	850
3038	Spectrogram 1	1	11304.40405	11304.73364	85	850
3039	Waveform 1	1	11309.94116	11310.53442	65	650
3039	Spectrogram 1	1	11309.94116	11310.53442	65	650
3041	Waveform 1	1	11315.80786	11315.9397	350	800
3041	Spectrogram 1	1	11315.80786	11315.9397	350	800
3045	Waveform 1	1	11327.73901	11327.93677	200	850
3045	Spectrogram 1	1	11327.73901	11327.93677	200	850
3048	Waveform 1	1	11343.49341	11343.75708	125	750
3048	Spectrogram 1	1	11343.49341	11343.75708	125	750
3049	Waveform 1	1	11354.76538	11355.02905	115	850
3049	Spectrogram 1	1	11354.76538	11355.02905	115	850
3050	Waveform 1	1	11360.50024	11360.96167	115	750
3050	Spectrogram 1	1	11360.50024	11360.96167	115	750
3051	Waveform 1	1	11372.4314	11372.56323	200	700
3051	Spectrogram 1	1	11372.4314	11372.56323	200	700
3055	Waveform 1	1	11379.35278	11379.74829	75	750
3055	Spectrogram 1	1	11379.35278	11379.74829	75	750
3056	Waveform 1	1	11385.02173	11386.60376	125	600
3056	Spectrogram 1	1	11385.02173	11386.60376	125	600
3059	Waveform 1	1	11389.96558	11390.16333	200	650
3059	Spectrogram 1	1	11389.96558	11390.16333	200	650
3060	Waveform 1	1	11394.84351	11394.97534	200	650
3060	Spectrogram 1	1	11394.84351	11394.97534	200	650
3061	Waveform 1	1	11399.52368	11400.3147	75	750
3061	Spectrogram 1	1	11399.52368	11400.3147	75	750
3064	Waveform 1	1	11404.53345	11404.99487	105	850
3064	Spectrogram 1	1	11404.53345	11404.99487	105	850
3065	Waveform 1	1	11409.93872	11410.86157	85	850
3065	Spectrogram 1	1	11409.93872	11410.86157	85	850
3092	Waveform 1	1	11489.56763	11489.8313	65	800
3092	Spectrogram 1	1	11489.56763	11489.8313	65	800
3103	Waveform 1	1	11511.71606	11511.78198	300	650
3103	Spectrogram 1	1	11511.71606	11511.78198	300	650
3104	Waveform 1	1	11516.59399	11516.85767	85	850
3104	Spectrogram 1	1	11516.59399	11516.85767	85	850
3107	Waveform 1	1	11525.62476	11526.02026	85	450
3107	Spectrogram 1	1	11525.62476	11526.02026	85	450
3109	Waveform 1	1	11529.31616	11529.57983	85	750
3109	Spectrogram 1	1	11529.31616	11529.57983	85	750
3113	Waveform 1	1	11533.93042	11534.19409	150	850
3113	Spectrogram 1	1	11533.93042	11534.19409	150	850
3116	Waveform 1	1	11538.87427	11539.13794	125	850
3116	Spectrogram 1	1	11538.87427	11539.13794	125	850
3117	Waveform 1	1	11543.88403	11544.34546	105	850
3117	Spectrogram 1	1	11543.88403	11544.34546	105	850
3119	Waveform 1	1	11549.88257	11550.21216	75	850
3119	Spectrogram 1	1	11549.88257	11550.21216	75	850
3120	Waveform 1	1	11555.02417	11555.35376	150	850
3120	Spectrogram 1	1	11555.02417	11555.35376	150	850
3122	Waveform 1	1	11560.23169	11560.49536	150	850
3122	Spectrogram 1	1	11560.23169	11560.49536	150	850
3125	Waveform 1	1	11565.83472	11565.90063	200	850
3125	Spectrogram 1	1	11565.83472	11565.90063	200	850
3126	Waveform 1	1	11565.90063	11566.03247	350	700
3126	Spectrogram 1	1	11565.90063	11566.03247	350	700
3132	Waveform 1	1	11571.37183	11571.83325	85	850
3132	Spectrogram 1	1	11571.37183	11571.83325	85	850
3136	Waveform 1	1	11576.64526	11577.76587	135	850
3136	Spectrogram 1	1	11576.64526	11577.76587	135	850
3160	Waveform 1	1	11671.36938	11671.50122	150	850
3160	Spectrogram 1	1	11671.36938	11671.50122	150	850
3164	Waveform 1	1	11683.76196	11683.8938	250	650
3164	Spectrogram 1	1	11683.76196	11683.8938	250	650
3171	Waveform 1	1	11700.57104	11700.83472	200	700
3171	Spectrogram 1	1	11700.57104	11700.83472	200	700
3172	Waveform 1	1	11707.03101	11708.21753	85	850
3172	Spectrogram 1	1	11707.03101	11708.21753	85	850
3174	Waveform 1	1	11712.83179	11713.16138	115	850
3174	Spectrogram 1	1	11712.83179	11713.16138	115	850
3181	Waveform 1	1	11724.10376	11724.30151	150	850
3181	Spectrogram 1	1	11724.10376	11724.30151	150	850
3182	Waveform 1	1	11729.77271	11730.69556	65	750
3182	Spectrogram 1	1	11729.77271	11730.69556	65	750
3187	Waveform 1	1	11758.44702	11758.64478	150	850
3187	Spectrogram 1	1	11758.44702	11758.64478	150	850
3195	Waveform 1	1	11773.14673	11773.27856	200	600
3195	Spectrogram 1	1	11773.14673	11773.27856	200	600
3197	Waveform 1	1	11778.48608	11778.68384	250	850
3197	Spectrogram 1	1	11778.48608	11778.68384	250	850
3200	Waveform 1	1	11783.82544	11783.95728	300	850
3200	Spectrogram 1	1	11783.82544	11783.95728	300	850
3202	Waveform 1	1	11789.42847	11790.41724	95	800
3202	Spectrogram 1	1	11789.42847	11790.41724	95	800
3223	Waveform 1	1	11871.23267	11871.62817	85	850
3223	Spectrogram 1	1	11871.23267	11871.62817	85	850
3224	Waveform 1	1	11878.21997	11878.41772	200	850
3224	Spectrogram 1	1	11878.21997	11878.41772	200	850
3225	Waveform 1	1	11883.55933	11884.21851	75	850
3225	Spectrogram 1	1	11883.55933	11884.21851	75	850
3227	Waveform 1	1	11889.03052	11889.29419	105	850
3227	Spectrogram 1	1	11889.03052	11889.29419	105	850
3228	Waveform 1	1	11894.50171	11894.63354	200	550
3228	Spectrogram 1	1	11894.50171	11894.63354	200	550
3229	Waveform 1	1	11894.63354	11894.89722	150	850
3229	Spectrogram 1	1	11894.63354	11894.89722	150	850
3230	Waveform 1	1	11900.03882	11900.43433	95	850
3230	Spectrogram 1	1	11900.03882	11900.43433	95	850
3233	Waveform 1	1	11905.44409	11906.49878	75	850
3233	Spectrogram 1	1	11905.44409	11906.49878	75	850
3236	Waveform 1	1	11910.84937	11911.17896	150	850
3236	Spectrogram 1	1	11910.84937	11911.17896	150	850
3237	Waveform 1	1	11916.18872	11917.17749	65	850
3237	Spectrogram 1	1	11916.18872	11917.17749	65	850
3240	Waveform 1	1	11921.85767	11922.12134	350	800
3240	Spectrogram 1	1	11921.85767	11922.12134	350	800
3274	Waveform 1	1	12014.67017	12015.72485	65	850
3274	Spectrogram 1	1	12014.67017	12015.72485	65	850
3284	Waveform 1	1	12041.16919	12041.23511	150	850
3284	Spectrogram 1	1	12041.16919	12041.23511	150	850
3285	Waveform 1	1	12041.23511	12041.30103	350	800
3285	Spectrogram 1	1	12041.23511	12041.30103	350	800
3294	Waveform 1	1	12068.19556	12068.26147	250	850
3294	Spectrogram 1	1	12068.19556	12068.26147	250	850
3295	Waveform 1	1	12073.99634	12074.32593	200	700
3295	Spectrogram 1	1	12073.99634	12074.32593	200	700
3296	Waveform 1	1	12079.46753	12079.66528	150	850
3296	Spectrogram 1	1	12079.46753	12079.66528	150	850
3297	Waveform 1	1	12085.20239	12087.24585	75	850
3297	Spectrogram 1	1	12085.20239	12087.24585	75	850
3300	Waveform 1	1	12090.80542	12091.00317	150	800
3300	Spectrogram 1	1	12090.80542	12091.00317	150	800
3303	Waveform 1	1	12096.34253	12097.59497	65	800
3303	Spectrogram 1	1	12096.34253	12097.59497	65	800
3305	Waveform 1	1	12101.87964	12102.07739	65	850
3305	Spectrogram 1	1	12101.87964	12102.07739	65	850
3307	Waveform 1	1	12107.21899	12107.54858	135	800
3307	Spectrogram 1	1	12107.21899	12107.54858	135	800
3308	Waveform 1	1	12113.08569	12114.33813	95	850
3308	Spectrogram 1	1	12113.08569	12114.33813	95	850
3309	Waveform 1	1	12118.35913	12118.88647	65	850
3309	Spectrogram 1	1	12118.35913	12118.88647	65	850
3344	Waveform 1	1	12224.22339	12224.42114	135	850
3344	Spectrogram 1	1	12224.22339	12224.42114	135	850
