Selection	View	Channel	Begin Time (s)	End Time (s)	Low Freq (Hz)	High Freq (Hz)
4	Waveform 1	1	27.26318359	30.35693359	120	220
4	Spectrogram 1	1	27.26318359	30.35693359	120	220
22	Waveform 1	1	123.2338867	124.1362305	60	130
22	Spectrogram 1	1	123.2338867	124.1362305	60	130
25	Waveform 1	1	134.5776367	135.6733398	60	120
25	Spectrogram 1	1	134.5776367	135.6733398	60	120
50	Waveform 1	1	291.2631836	293.3256836	70	180
50	Spectrogram 1	1	291.2631836	293.3256836	70	180
59	Waveform 1	1	343.7924805	344.4370117	130	170
59	Spectrogram 1	1	343.7924805	344.4370117	130	170
138	Waveform 1	1	659.4838867	661.0307617	60	130
138	Spectrogram 1	1	659.4838867	661.0307617	60	130
140	Waveform 1	1	669.8608398	671.1499023	70	180
140	Spectrogram 1	1	669.8608398	671.1499023	70	180
143	Waveform 1	1	677.144043	678.3041992	60	180
143	Spectrogram 1	1	677.144043	678.3041992	60	180
148	Waveform 1	1	686.6186523	687.7788086	70	200
148	Spectrogram 1	1	686.6186523	687.7788086	70	200
162	Waveform 1	1	753.6499023	754.487793	60	110
162	Spectrogram 1	1	753.6499023	754.487793	60	110
163	Waveform 1	1	755.8413086	756.7436523	60	130
163	Spectrogram 1	1	755.8413086	756.7436523	60	130
165	Waveform 1	1	758.8061523	759.8374023	90	160
165	Spectrogram 1	1	758.8061523	759.8374023	90	160
180	Waveform 1	1	824.1616211	824.8706055	80	140
180	Spectrogram 1	1	824.1616211	824.8706055	80	140
225	Waveform 1	1	992.2553711	993.4799805	60	190
225	Spectrogram 1	1	992.2553711	993.4799805	60	190
251	Waveform 1	1	1078.04248	1079.202637	100	180
251	Spectrogram 1	1	1078.04248	1079.202637	100	180
284	Waveform 1	1	1202.888184	1203.919434	70	220
284	Spectrogram 1	1	1202.888184	1203.919434	70	220
302	Waveform 1	1	1275.784668	1277.26709	60	160
302	Spectrogram 1	1	1275.784668	1277.26709	60	160
310	Waveform 1	1	1331.278809	1332.310059	60	140
310	Spectrogram 1	1	1331.278809	1332.310059	60	140
314	Waveform 1	1	1341.849121	1342.815918	60	140
314	Spectrogram 1	1	1341.849121	1342.815918	60	140
372	Waveform 1	1	1555.70459	1556.026855	110	160
372	Spectrogram 1	1	1555.70459	1556.026855	110	160
378	Waveform 1	1	1580.519043	1581.550293	100	190
378	Spectrogram 1	1	1580.519043	1581.550293	100	190
409	Waveform 1	1	1710.327637	1711.22998	60	180
409	Spectrogram 1	1	1710.327637	1711.22998	60	180
475	Waveform 1	1	2022.538574	2023.312012	110	200
475	Spectrogram 1	1	2022.538574	2023.312012	110	200
499	Waveform 1	1	2125.019043	2126.501465	70	170
499	Spectrogram 1	1	2125.019043	2126.501465	70	170
514	Waveform 1	1	2210.677246	2211.901855	90	210
514	Spectrogram 1	1	2210.677246	2211.901855	90	210
524	Waveform 1	1	2245.546387	2246.770996	120	200
524	Spectrogram 1	1	2245.546387	2246.770996	120	200
532	Waveform 1	1	2279.706543	2281.382324	80	230
532	Spectrogram 1	1	2279.706543	2281.382324	80	230
536	Waveform 1	1	2297.237793	2297.624512	170	230
536	Spectrogram 1	1	2297.237793	2297.624512	170	230
543	Waveform 1	1	2337.649902	2339.132324	80	180
543	Spectrogram 1	1	2337.649902	2339.132324	80	180
611	Waveform 1	1	2640.192871	2641.739746	80	170
611	Spectrogram 1	1	2640.192871	2641.739746	80	170
652	Waveform 1	1	2833.810059	2835.163574	70	150
652	Spectrogram 1	1	2833.810059	2835.163574	70	150
724	Waveform 1	1	3194.231934	3195.778809	80	250
724	Spectrogram 1	1	3194.231934	3195.778809	80	250
739	Waveform 1	1	3297.872559	3299.032715	90	210
739	Spectrogram 1	1	3297.872559	3299.032715	90	210
748	Waveform 1	1	3341.120605	3342.151855	110	210
748	Spectrogram 1	1	3341.120605	3342.151855	110	210
751	Waveform 1	1	3362.841309	3363.937012	60	200
751	Spectrogram 1	1	3362.841309	3363.937012	60	200
759	Waveform 1	1	3391.458496	3392.36084	120	230
759	Spectrogram 1	1	3391.458496	3392.36084	120	230
790	Waveform 1	1	3557.103027	3558.327637	60	160
790	Spectrogram 1	1	3557.103027	3558.327637	60	160
849	Waveform 1	1	3801.76709	3802.991699	90	210
849	Spectrogram 1	1	3801.76709	3802.991699	90	210
851	Waveform 1	1	3820.651855	3820.974121	140	200
851	Spectrogram 1	1	3820.651855	3820.974121	140	200
873	Waveform 1	1	3922.358887	3924.614746	60	230
873	Spectrogram 1	1	3922.358887	3924.614746	60	230
928	Waveform 1	1	4164.187012	4165.411621	100	240
928	Spectrogram 1	1	4164.187012	4165.411621	100	240
936	Waveform 1	1	4209.11084	4210.335449	90	230
936	Spectrogram 1	1	4209.11084	4210.335449	90	230
965	Waveform 1	1	4335.245605	4336.147949	70	170
965	Spectrogram 1	1	4335.245605	4336.147949	70	170
999	Waveform 1	1	4467.374512	4467.825684	120	160
999	Spectrogram 1	1	4467.374512	4467.825684	120	160
1032	Waveform 1	1	4574.044434	4575.591309	80	240
1032	Spectrogram 1	1	4574.044434	4575.591309	80	240
1051	Waveform 1	1	4665.052246	4666.405762	120	220
1051	Spectrogram 1	1	4665.052246	4666.405762	120	220
1061	Waveform 1	1	4695.731934	4696.376465	110	190
1061	Spectrogram 1	1	4695.731934	4696.376465	110	190
1079	Waveform 1	1	4748.583496	4750.32373	60	180
1079	Spectrogram 1	1	4748.583496	4750.32373	60	180
1086	Waveform 1	1	4778.16748	4781.325684	60	200
1086	Spectrogram 1	1	4778.16748	4781.325684	60	200
1088	Waveform 1	1	4786.868652	4788.351074	60	190
1088	Spectrogram 1	1	4786.868652	4788.351074	60	190
1090	Waveform 1	1	4793.378418	4795.054199	70	170
1090	Spectrogram 1	1	4793.378418	4795.054199	70	170
1097	Waveform 1	1	4815.937012	4817.032715	70	160
1097	Spectrogram 1	1	4815.937012	4817.032715	70	160
1158	Waveform 1	1	5057.313965	5058.86084	60	110
1158	Spectrogram 1	1	5057.313965	5058.86084	60	110
1159	Waveform 1	1	5058.345215	5060.020996	100	250
1159	Spectrogram 1	1	5058.345215	5060.020996	100	250
1172	Waveform 1	1	5119.188965	5120.606934	80	200
1172	Spectrogram 1	1	5119.188965	5120.606934	80	200
1174	Waveform 1	1	5137.687012	5139.878418	60	240
1174	Spectrogram 1	1	5137.687012	5139.878418	60	240
1204	Waveform 1	1	5289.538574	5291.665527	60	220
1204	Spectrogram 1	1	5289.538574	5291.665527	60	220
1213	Waveform 1	1	5336.138184	5336.718262	70	110
1213	Spectrogram 1	1	5336.138184	5336.718262	70	110
1214	Waveform 1	1	5336.847168	5338.394043	70	200
1214	Spectrogram 1	1	5336.847168	5338.394043	70	200
1220	Waveform 1	1	5355.280762	5356.956543	70	210
1220	Spectrogram 1	1	5355.280762	5356.956543	70	210
1221	Waveform 1	1	5368.880371	5371.458496	60	240
1221	Spectrogram 1	1	5368.880371	5371.458496	60	240
1261	Waveform 1	1	5560.88623	5563.270996	60	240
1261	Spectrogram 1	1	5560.88623	5563.270996	60	240
1291	Waveform 1	1	5694.175293	5695.077637	70	140
1291	Spectrogram 1	1	5694.175293	5695.077637	70	140
1292	Waveform 1	1	5695.593262	5696.495605	110	200
1292	Spectrogram 1	1	5695.593262	5696.495605	110	200
1305	Waveform 1	1	5747.671387	5749.862793	60	230
1305	Spectrogram 1	1	5747.671387	5749.862793	60	230
1324	Waveform 1	1	5813.54248	5815.79834	60	240
1324	Spectrogram 1	1	5813.54248	5815.79834	60	240
1331	Waveform 1	1	5837.519043	5839.32373	70	230
1331	Spectrogram 1	1	5837.519043	5839.32373	70	230
1340	Waveform 1	1	5868.714355	5870.26123	60	210
1340	Spectrogram 1	1	5868.714355	5870.26123	60	210
1350	Waveform 1	1	5905.130371	5906.612793	110	200
1350	Spectrogram 1	1	5905.130371	5906.612793	110	200
1411	Waveform 1	1	6203.612793	6204.450684	90	180
1411	Spectrogram 1	1	6203.612793	6204.450684	90	180
1422	Waveform 1	1	6274.962402	6275.864746	80	150
1422	Spectrogram 1	1	6274.962402	6275.864746	80	150
1441	Waveform 1	1	6358.171387	6359.138184	80	150
1441	Spectrogram 1	1	6358.171387	6359.138184	80	150
1452	Waveform 1	1	6450.468262	6451.563965	90	220
1452	Spectrogram 1	1	6450.468262	6451.563965	90	220
1459	Waveform 1	1	6488.624512	6489.01123	140	180
1459	Spectrogram 1	1	6488.624512	6489.01123	140	180
1460	Waveform 1	1	6495.585449	6496.165527	120	180
1460	Spectrogram 1	1	6495.585449	6496.165527	120	180
1479	Waveform 1	1	6548.82373	6550.04834	70	200
1479	Spectrogram 1	1	6548.82373	6550.04834	70	200
1481	Waveform 1	1	6564.743652	6566.097168	70	190
1481	Spectrogram 1	1	6564.743652	6566.097168	70	190
1506	Waveform 1	1	6719.108887	6720.526855	70	170
1506	Spectrogram 1	1	6719.108887	6720.526855	70	170
1534	Waveform 1	1	6879.468262	6880.757324	60	210
1534	Spectrogram 1	1	6879.468262	6880.757324	60	210
1540	Waveform 1	1	6902.800293	6903.122559	100	150
1540	Spectrogram 1	1	6902.800293	6903.122559	100	150
1544	Waveform 1	1	6931.868652	6933.028809	60	190
1544	Spectrogram 1	1	6931.868652	6933.028809	60	190
1554	Waveform 1	1	7000.060059	7001.155762	60	180
1554	Spectrogram 1	1	7000.060059	7001.155762	60	180
1559	Waveform 1	1	7029.38623	7030.61084	70	190
1559	Spectrogram 1	1	7029.38623	7030.61084	70	190
1561	Waveform 1	1	7044.726074	7046.07959	80	200
1561	Spectrogram 1	1	7044.726074	7046.07959	80	200
1567	Waveform 1	1	7069.862793	7071.409668	60	240
1567	Spectrogram 1	1	7069.862793	7071.409668	60	240
1569	Waveform 1	1	7085.524902	7086.749512	80	170
1569	Spectrogram 1	1	7085.524902	7086.749512	80	170
1575	Waveform 1	1	7102.669434	7104.022949	90	200
1575	Spectrogram 1	1	7102.669434	7104.022949	90	200
1583	Waveform 1	1	7181.044434	7182.269043	80	190
1583	Spectrogram 1	1	7181.044434	7182.269043	80	190
1590	Waveform 1	1	7245.755371	7247.688965	60	250
1590	Spectrogram 1	1	7245.755371	7247.688965	60	250
1599	Waveform 1	1	7312.14209	7313.366699	100	170
1599	Spectrogram 1	1	7312.14209	7313.366699	100	170
1629	Waveform 1	1	7429.317871	7430.284668	110	210
1629	Spectrogram 1	1	7429.317871	7430.284668	110	210
1644	Waveform 1	1	7502.794434	7504.019043	60	160
1644	Spectrogram 1	1	7502.794434	7504.019043	60	160
1647	Waveform 1	1	7522.259277	7522.968262	90	190
1647	Spectrogram 1	1	7522.259277	7522.968262	90	190
1648	Waveform 1	1	7528.51123	7530.122559	90	210
1648	Spectrogram 1	1	7528.51123	7530.122559	90	210
1688	Waveform 1	1	7718.519043	7719.48584	80	160
1688	Spectrogram 1	1	7718.519043	7719.48584	80	160
1719	Waveform 1	1	7868.372559	7870.177246	70	200
1719	Spectrogram 1	1	7868.372559	7870.177246	70	200
1774	Waveform 1	1	8195.085449	8196.245605	60	180
1774	Spectrogram 1	1	8195.085449	8196.245605	60	180
1776	Waveform 1	1	8203.077637	8203.335449	110	160
1776	Spectrogram 1	1	8203.077637	8203.335449	110	160
1780	Waveform 1	1	8220.093262	8221.188965	60	180
1780	Spectrogram 1	1	8220.093262	8221.188965	60	180
1789	Waveform 1	1	8362.341309	8364.274902	60	200
1789	Spectrogram 1	1	8362.341309	8364.274902	60	200
1804	Waveform 1	1	8524.054199	8525.407715	60	100
1804	Spectrogram 1	1	8524.054199	8525.407715	60	100
1805	Waveform 1	1	8524.69873	8526.052246	90	180
1805	Spectrogram 1	1	8524.69873	8526.052246	90	180
1834	Waveform 1	1	8805.972168	8808.163574	70	210
1834	Spectrogram 1	1	8805.972168	8808.163574	70	210
1838	Waveform 1	1	8823.696777	8825.308105	60	170
1838	Spectrogram 1	1	8823.696777	8825.308105	60	170
1864	Waveform 1	1	9066.040527	9067.651855	90	180
1864	Spectrogram 1	1	9066.040527	9067.651855	90	180
1884	Waveform 1	1	9223.757324	9224.208496	180	240
1884	Spectrogram 1	1	9223.757324	9224.208496	180	240
1886	Waveform 1	1	9231.29834	9233.747559	70	210
1886	Spectrogram 1	1	9231.29834	9233.747559	70	210
1892	Waveform 1	1	9282.087402	9284.149902	60	250
1892	Spectrogram 1	1	9282.087402	9284.149902	60	250
1900	Waveform 1	1	9382.505371	9383.020996	130	210
1900	Spectrogram 1	1	9382.505371	9383.020996	130	210
1902	Waveform 1	1	9390.497559	9392.560059	60	250
1902	Spectrogram 1	1	9390.497559	9392.560059	60	250
1904	Waveform 1	1	9430.265137	9432.520996	70	210
1904	Spectrogram 1	1	9430.265137	9432.520996	70	210
1905	Waveform 1	1	9455.07959	9456.755371	60	120
1905	Spectrogram 1	1	9455.07959	9456.755371	60	120
1906	Waveform 1	1	9456.046387	9457.915527	110	210
1906	Spectrogram 1	1	9456.046387	9457.915527	110	210
1911	Waveform 1	1	9519.726074	9522.497559	70	210
1911	Spectrogram 1	1	9519.726074	9522.497559	70	210
1916	Waveform 1	1	9556.528809	9559.04248	60	200
1916	Spectrogram 1	1	9556.528809	9559.04248	60	200
1920	Waveform 1	1	9600.099121	9602.35498	60	220
1920	Spectrogram 1	1	9600.099121	9602.35498	60	220
1926	Waveform 1	1	9646.247559	9646.763184	80	120
1926	Spectrogram 1	1	9646.247559	9646.763184	80	120
1927	Waveform 1	1	9648.052246	9650.437012	60	240
1927	Spectrogram 1	1	9648.052246	9650.437012	60	240
1928	Waveform 1	1	9653.530762	9654.11084	120	200
1928	Spectrogram 1	1	9653.530762	9654.11084	120	200
1934	Waveform 1	1	9682.083496	9683.694824	60	110
1934	Spectrogram 1	1	9682.083496	9683.694824	60	110
1935	Waveform 1	1	9683.050293	9684.532715	100	220
1935	Spectrogram 1	1	9683.050293	9684.532715	100	220
1948	Waveform 1	1	9857.976074	9859.007324	80	190
1948	Spectrogram 1	1	9857.976074	9859.007324	80	190
1968	Waveform 1	1	10087.30029	10088.396	90	180
1968	Spectrogram 1	1	10087.30029	10088.396	90	180
1969	Waveform 1	1	10093.03662	10093.93896	100	160
1969	Spectrogram 1	1	10093.03662	10093.93896	100	160
1979	Waveform 1	1	10169.86475	10170.63818	80	200
1979	Spectrogram 1	1	10169.86475	10170.63818	80	200
1983	Waveform 1	1	10182.62646	10184.10889	70	210
1983	Spectrogram 1	1	10182.62646	10184.10889	70	210
2014	Waveform 1	1	10410.46826	10411.62842	90	190
2014	Spectrogram 1	1	10410.46826	10411.62842	90	190
2040	Waveform 1	1	10721.77686	10722.74365	80	160
2040	Spectrogram 1	1	10721.77686	10722.74365	80	160
2044	Waveform 1	1	10758.25732	10759.41748	80	180
2044	Spectrogram 1	1	10758.25732	10759.41748	80	180
2046	Waveform 1	1	10798.79834	10800.28076	70	190
2046	Spectrogram 1	1	10798.79834	10800.28076	70	190
2060	Waveform 1	1	10991.44873	10992.80225	70	180
2060	Spectrogram 1	1	10991.44873	10992.80225	70	180
2073	Waveform 1	1	11068.14795	11069.24365	80	210
2073	Spectrogram 1	1	11068.14795	11069.24365	80	210
2080	Waveform 1	1	11131.82764	11133.05225	60	180
2080	Spectrogram 1	1	11131.82764	11133.05225	60	180
2081	Waveform 1	1	11139.23975	11139.62646	90	150
2081	Spectrogram 1	1	11139.23975	11139.62646	90	150
2083	Waveform 1	1	11147.5542	11148.77881	60	190
2083	Spectrogram 1	1	11147.5542	11148.77881	60	190
2084	Waveform 1	1	11161.15381	11161.86279	70	160
2084	Spectrogram 1	1	11161.15381	11161.86279	70	160
2099	Waveform 1	1	11274.91357	11276.20264	90	200
2099	Spectrogram 1	1	11274.91357	11276.20264	90	200
2109	Waveform 1	1	11361.92529	11363.08545	80	180
2109	Spectrogram 1	1	11361.92529	11363.08545	80	180
2113	Waveform 1	1	11381.97021	11383.00146	70	180
2113	Spectrogram 1	1	11381.97021	11383.00146	70	180
2116	Waveform 1	1	11408.84717	11409.87842	70	180
2116	Spectrogram 1	1	11408.84717	11409.87842	70	180
2124	Waveform 1	1	11442.68506	11443.5874	80	190
2124	Spectrogram 1	1	11442.68506	11443.5874	80	190
2131	Waveform 1	1	11470.97998	11473.62256	60	160
2131	Spectrogram 1	1	11470.97998	11473.62256	60	160
2137	Waveform 1	1	11510.36084	11510.81201	60	150
2137	Spectrogram 1	1	11510.36084	11510.81201	60	150
2159	Waveform 1	1	11771.13818	11772.10498	90	170
2159	Spectrogram 1	1	11771.13818	11772.10498	90	170
2168	Waveform 1	1	11900.43115	11901.78467	70	190
2168	Spectrogram 1	1	11900.43115	11901.78467	70	190
2175	Waveform 1	1	11944.00146	11945.35498	80	230
2175	Spectrogram 1	1	11944.00146	11945.35498	80	230
2177	Waveform 1	1	11980.54639	11981.64209	80	210
2177	Spectrogram 1	1	11980.54639	11981.64209	80	210
2180	Waveform 1	1	12008.19678	12010.25928	60	200
2180	Spectrogram 1	1	12008.19678	12010.25928	60	200
2182	Waveform 1	1	12016.06006	12017.60693	60	180
2182	Spectrogram 1	1	12016.06006	12017.60693	60	180
2185	Waveform 1	1	12039.6499	12040.55225	60	160
2185	Spectrogram 1	1	12039.6499	12040.55225	60	160
2196	Waveform 1	1	12127.37061	12128.72412	70	230
2196	Spectrogram 1	1	12127.37061	12128.72412	70	230
2198	Waveform 1	1	12150.44482	12151.54053	70	200
2198	Spectrogram 1	1	12150.44482	12151.54053	70	200
2205	Waveform 1	1	12231.78467	12233.13818	100	200
2205	Spectrogram 1	1	12231.78467	12233.13818	100	200
2215	Waveform 1	1	12317.63623	12318.86084	60	200
2215	Spectrogram 1	1	12317.63623	12318.86084	60	200
2217	Waveform 1	1	12336.39209	12337.68115	90	170
2217	Spectrogram 1	1	12336.39209	12337.68115	90	170
2227	Waveform 1	1	12381.38037	12382.47607	70	200
2227	Spectrogram 1	1	12381.38037	12382.47607	70	200
2233	Waveform 1	1	12438.93701	12440.03271	70	190
2233	Spectrogram 1	1	12438.93701	12440.03271	70	190
2241	Waveform 1	1	12475.09521	12476.31982	70	160
2241	Spectrogram 1	1	12475.09521	12476.31982	70	160
2266	Waveform 1	1	12665.29639	12666.00537	120	210
2266	Spectrogram 1	1	12665.29639	12666.00537	120	210
2271	Waveform 1	1	12713.37842	12714.34521	110	200
2271	Spectrogram 1	1	12713.37842	12714.34521	110	200
2289	Waveform 1	1	12806.31982	12807.73779	70	180
2289	Spectrogram 1	1	12806.31982	12807.73779	70	180
2296	Waveform 1	1	12882.50342	12883.66357	70	200
2296	Spectrogram 1	1	12882.50342	12883.66357	70	200
2301	Waveform 1	1	12932.13232	12933.42139	80	190
2301	Spectrogram 1	1	12932.13232	12933.42139	80	190
2309	Waveform 1	1	12969.12842	12971.70654	60	210
2309	Spectrogram 1	1	12969.12842	12971.70654	60	210
2312	Waveform 1	1	13000.51709	13001.48389	100	190
2312	Spectrogram 1	1	13000.51709	13001.48389	100	190
2316	Waveform 1	1	13046.40771	13047.31006	90	170
2316	Spectrogram 1	1	13046.40771	13047.31006	90	170
2320	Waveform 1	1	13085.46631	13086.75537	70	180
2320	Spectrogram 1	1	13085.46631	13086.75537	70	180
2323	Waveform 1	1	13100.41943	13101.51514	60	150
2323	Spectrogram 1	1	13100.41943	13101.51514	60	150
2340	Waveform 1	1	13216.37061	13217.14404	100	150
2340	Spectrogram 1	1	13216.37061	13217.14404	100	150
2347	Waveform 1	1	13279.40576	13280.11475	60	150
2347	Spectrogram 1	1	13279.40576	13280.11475	60	150
2350	Waveform 1	1	13295.97021	13297.19482	70	180
2350	Spectrogram 1	1	13295.97021	13297.19482	70	180
2358	Waveform 1	1	13344.31006	13346.05029	80	210
2358	Spectrogram 1	1	13344.31006	13346.05029	80	210
2377	Waveform 1	1	13509.1167	13510.79248	60	200
2377	Spectrogram 1	1	13509.1167	13510.79248	60	200
2386	Waveform 1	1	13588.52295	13589.94092	70	200
2386	Spectrogram 1	1	13588.52295	13589.94092	70	200
2398	Waveform 1	1	13665.73779	13667.15576	80	190
2398	Spectrogram 1	1	13665.73779	13667.15576	80	190
2419	Waveform 1	1	13821.58545	13822.03662	160	220
2419	Spectrogram 1	1	13821.58545	13822.03662	160	220
2436	Waveform 1	1	13931.86475	13933.21826	120	220
2436	Spectrogram 1	1	13931.86475	13933.21826	120	220
2465	Waveform 1	1	14135.21436	14137.72803	60	180
2465	Spectrogram 1	1	14135.21436	14137.72803	60	180
2470	Waveform 1	1	14176.85107	14178.3335	80	170
2470	Spectrogram 1	1	14176.85107	14178.3335	80	170
2515	Waveform 1	1	14525.54248	14526.96045	90	200
2515	Spectrogram 1	1	14525.54248	14526.96045	90	200
2532	Waveform 1	1	14688.54443	14690.09131	70	160
2532	Spectrogram 1	1	14688.54443	14690.09131	70	160
2547	Waveform 1	1	14831.88818	14832.46826	120	170
2547	Spectrogram 1	1	14831.88818	14832.46826	120	170
2550	Waveform 1	1	14855.02686	14856.83154	60	190
2550	Spectrogram 1	1	14855.02686	14856.83154	60	190
2562	Waveform 1	1	14977.42334	14978.7124	80	180
2562	Spectrogram 1	1	14977.42334	14978.7124	80	180
2577	Waveform 1	1	15211.00146	15212.7417	60	200
2577	Spectrogram 1	1	15211.00146	15212.7417	60	200
2580	Waveform 1	1	15256.95654	15258.24561	60	190
2580	Spectrogram 1	1	15256.95654	15258.24561	60	190
2590	Waveform 1	1	15349.06006	15350.34912	90	190
2590	Spectrogram 1	1	15349.06006	15350.34912	90	190
2595	Waveform 1	1	15390.89014	15391.79248	70	140
2595	Spectrogram 1	1	15390.89014	15391.79248	70	140
2611	Waveform 1	1	15563.62451	15565.81592	80	220
2611	Spectrogram 1	1	15563.62451	15565.81592	80	220
2615	Waveform 1	1	15605.26123	15607.32373	70	190
2615	Spectrogram 1	1	15605.26123	15607.32373	70	190
2616	Waveform 1	1	15629.30225	15631.36475	60	190
2616	Spectrogram 1	1	15629.30225	15631.36475	60	190
2635	Waveform 1	1	15774.51514	15775.99756	70	190
2635	Spectrogram 1	1	15774.51514	15775.99756	70	190
2639	Waveform 1	1	15810.80225	15812.15576	80	220
2639	Spectrogram 1	1	15810.80225	15812.15576	80	220
2659	Waveform 1	1	15975.28662	15976.70459	70	220
2659	Spectrogram 1	1	15975.28662	15976.70459	70	220
2666	Waveform 1	1	16028.33154	16029.62061	80	180
2666	Spectrogram 1	1	16028.33154	16029.62061	80	180
2674	Waveform 1	1	16067.77686	16069.00146	90	170
2674	Spectrogram 1	1	16067.77686	16069.00146	90	170
2678	Waveform 1	1	16095.4917	16096.90967	80	240
2678	Spectrogram 1	1	16095.4917	16096.90967	80	240
2709	Waveform 1	1	16252.30615	16253.78857	60	220
2709	Spectrogram 1	1	16252.30615	16253.78857	60	220
2710	Waveform 1	1	16267.06592	16268.54834	70	240
2710	Spectrogram 1	1	16267.06592	16268.54834	70	240
2719	Waveform 1	1	16298.5835	16299.42139	100	190
2719	Spectrogram 1	1	16298.5835	16299.42139	100	190
2755	Waveform 1	1	16452.11084	16452.62646	110	180
2755	Spectrogram 1	1	16452.11084	16452.62646	110	180
2776	Waveform 1	1	16552.97998	16553.88232	80	170
2776	Spectrogram 1	1	16552.97998	16553.88232	80	170
2782	Waveform 1	1	16580.88818	16581.33936	110	160
2782	Spectrogram 1	1	16580.88818	16581.33936	110	160
2836	Waveform 1	1	16804.41162	16804.9917	140	210
2836	Spectrogram 1	1	16804.41162	16804.9917	140	210
2844	Waveform 1	1	16845.146	16848.04639	60	240
2844	Spectrogram 1	1	16845.146	16848.04639	60	240
2865	Waveform 1	1	16933.8335	16934.80029	130	190
2865	Spectrogram 1	1	16933.8335	16934.80029	130	190
2896	Waveform 1	1	17047.72217	17048.23779	80	140
2896	Spectrogram 1	1	17047.72217	17048.23779	80	140
2926	Waveform 1	1	17166.896	17167.66943	90	160
2926	Spectrogram 1	1	17166.896	17167.66943	90	160
2952	Waveform 1	1	17274.53271	17275.56396	110	200
2952	Spectrogram 1	1	17274.53271	17275.56396	110	200
2955	Waveform 1	1	17295.09326	17296.06006	70	150
2955	Spectrogram 1	1	17295.09326	17296.06006	70	150
2972	Waveform 1	1	17370.50342	17371.01904	90	130
2972	Spectrogram 1	1	17370.50342	17371.01904	90	130
2978	Waveform 1	1	17393.12646	17393.771	100	170
2978	Spectrogram 1	1	17393.12646	17393.771	100	170
2995	Waveform 1	1	17452.10107	17453.32568	90	160
2995	Spectrogram 1	1	17452.10107	17453.32568	90	160
2996	Waveform 1	1	17455.71045	17456.7417	70	190
2996	Spectrogram 1	1	17455.71045	17456.7417	70	190
3010	Waveform 1	1	17528.09131	17529.96045	80	240
3010	Spectrogram 1	1	17528.09131	17529.96045	80	240
3050	Waveform 1	1	17673.75537	17674.52881	100	200
3050	Spectrogram 1	1	17673.75537	17674.52881	100	200
3051	Waveform 1	1	17676.20459	17676.78467	110	160
3051	Spectrogram 1	1	17676.20459	17676.78467	110	160
3066	Waveform 1	1	17740.271	17741.23779	80	170
3066	Spectrogram 1	1	17740.271	17741.23779	80	170
3074	Waveform 1	1	17786.41943	17787.32178	90	170
3074	Spectrogram 1	1	17786.41943	17787.32178	90	170
3084	Waveform 1	1	17811.16943	17811.62061	120	190
3084	Spectrogram 1	1	17811.16943	17811.62061	120	190
3092	Waveform 1	1	17847.06982	17848.35889	70	170
3092	Spectrogram 1	1	17847.06982	17848.35889	70	170
3093	Waveform 1	1	17853.51514	17854.67529	60	170
3093	Spectrogram 1	1	17853.51514	17854.67529	60	170
3099	Waveform 1	1	17878.20068	17879.29639	80	150
3099	Spectrogram 1	1	17878.20068	17879.29639	80	150
3106	Waveform 1	1	17899.53467	17900.63037	60	160
3106	Spectrogram 1	1	17899.53467	17900.63037	60	160
3142	Waveform 1	1	18044.36084	18045.06982	120	210
3142	Spectrogram 1	1	18044.36084	18045.06982	120	210
3162	Waveform 1	1	18130.2124	18131.82373	60	180
3162	Spectrogram 1	1	18130.2124	18131.82373	60	180
3166	Waveform 1	1	18159.15186	18159.53857	90	160
3166	Spectrogram 1	1	18159.15186	18159.53857	90	160
3168	Waveform 1	1	18168.81982	18170.49561	90	210
3168	Spectrogram 1	1	18168.81982	18170.49561	90	210
3193	Waveform 1	1	18264.33936	18265.04834	140	200
3193	Spectrogram 1	1	18264.33936	18265.04834	140	200
3200	Waveform 1	1	18287.73584	18289.9917	60	180
3200	Spectrogram 1	1	18287.73584	18289.9917	60	180
3237	Waveform 1	1	18461.95264	18462.66162	70	150
3237	Spectrogram 1	1	18461.95264	18462.66162	70	150
3239	Waveform 1	1	18468.97803	18469.62256	80	120
3239	Spectrogram 1	1	18468.97803	18469.62256	80	120
3240	Waveform 1	1	18469.17139	18471.16943	70	230
3240	Spectrogram 1	1	18469.17139	18471.16943	70	230
3338	Waveform 1	1	18868.97412	18869.68311	110	180
3338	Spectrogram 1	1	18868.97412	18869.68311	110	180
3401	Waveform 1	1	19092.81982	19093.59326	100	200
3401	Spectrogram 1	1	19092.81982	19093.59326	100	200
3402	Waveform 1	1	19100.10303	19102.22998	150	250
3402	Spectrogram 1	1	19100.10303	19102.22998	150	250
3417	Waveform 1	1	19147.66943	19149.0874	110	160
3417	Spectrogram 1	1	19147.66943	19149.0874	110	160
3460	Waveform 1	1	19363.5874	19364.16748	130	200
3460	Spectrogram 1	1	19363.5874	19364.16748	130	200
3486	Waveform 1	1	19501.06592	19502.29053	80	180
3486	Spectrogram 1	1	19501.06592	19502.29053	80	180
3499	Waveform 1	1	19549.34131	19549.85693	110	170
3499	Spectrogram 1	1	19549.34131	19549.85693	110	170
3505	Waveform 1	1	19572.99561	19573.9624	110	210
3505	Spectrogram 1	1	19572.99561	19573.9624	110	210
3515	Waveform 1	1	19630.35889	19631.13232	120	190
3515	Spectrogram 1	1	19630.35889	19631.13232	120	190
3531	Waveform 1	1	19695.58545	19696.55225	100	190
3531	Spectrogram 1	1	19695.58545	19696.55225	100	190
3582	Waveform 1	1	19919.04443	19919.75342	100	150
3582	Spectrogram 1	1	19919.04443	19919.75342	100	150
3617	Waveform 1	1	20051.81787	20052.97803	70	220
3617	Spectrogram 1	1	20051.81787	20052.97803	70	220
3625	Waveform 1	1	20090.23193	20090.94092	80	180
3625	Spectrogram 1	1	20090.23193	20090.94092	80	180
3630	Waveform 1	1	20109.56787	20111.05029	60	180
3630	Spectrogram 1	1	20109.56787	20111.05029	60	180
3633	Waveform 1	1	20123.74756	20125.74561	90	210
3633	Spectrogram 1	1	20123.74756	20125.74561	90	210
3635	Waveform 1	1	20132.771	20133.8667	100	150
3635	Spectrogram 1	1	20132.771	20133.8667	100	150
3636	Waveform 1	1	20140.31201	20141.34326	70	200
3636	Spectrogram 1	1	20140.31201	20141.34326	70	200
3639	Waveform 1	1	20153.97607	20155.4585	90	240
3639	Spectrogram 1	1	20153.97607	20155.4585	90	240
3647	Waveform 1	1	20183.68896	20184.84912	70	240
3647	Spectrogram 1	1	20183.68896	20184.84912	70	240
3653	Waveform 1	1	20198.31982	20198.57764	170	210
3653	Spectrogram 1	1	20198.31982	20198.57764	170	210
3655	Waveform 1	1	20202.83154	20203.34717	170	220
3655	Spectrogram 1	1	20202.83154	20203.34717	170	220
3660	Waveform 1	1	20219.97607	20220.94287	130	190
3660	Spectrogram 1	1	20219.97607	20220.94287	130	190
3690	Waveform 1	1	20306.66553	20307.82568	70	210
3690	Spectrogram 1	1	20306.66553	20307.82568	70	210
3695	Waveform 1	1	20323.87451	20324.64795	80	210
3695	Spectrogram 1	1	20323.87451	20324.64795	80	210
3700	Waveform 1	1	20336.44287	20337.73193	60	190
3700	Spectrogram 1	1	20336.44287	20337.73193	60	190
3710	Waveform 1	1	20377.75732	20379.11084	80	220
3710	Spectrogram 1	1	20377.75732	20379.11084	80	220
3721	Waveform 1	1	20447.68896	20448.72021	90	190
3721	Spectrogram 1	1	20447.68896	20448.72021	90	190
3727	Waveform 1	1	20487.06982	20488.22998	70	220
3727	Spectrogram 1	1	20487.06982	20488.22998	70	220
3763	Waveform 1	1	20638.72803	20639.82373	80	190
3763	Spectrogram 1	1	20638.72803	20639.82373	80	190
3785	Waveform 1	1	20718.39209	20719.87451	90	200
3785	Spectrogram 1	1	20718.39209	20719.87451	90	200
3804	Waveform 1	1	20814.55615	20815.4585	80	210
3804	Spectrogram 1	1	20814.55615	20815.4585	80	210
3829	Waveform 1	1	20902.98584	20905.11279	60	210
3829	Spectrogram 1	1	20902.98584	20905.11279	60	210
3841	Waveform 1	1	20971.95068	20973.75537	80	240
3841	Spectrogram 1	1	20971.95068	20973.75537	80	240
3844	Waveform 1	1	20990.38428	20991.80225	110	230
3844	Spectrogram 1	1	20990.38428	20991.80225	110	230
3847	Waveform 1	1	21014.23193	21015.45654	90	170
3847	Spectrogram 1	1	21014.23193	21015.45654	90	170
3850	Waveform 1	1	21030.0874	21031.0542	60	220
3850	Spectrogram 1	1	21030.0874	21031.0542	60	220
3852	Waveform 1	1	21038.98193	21040.3999	100	200
3852	Spectrogram 1	1	21038.98193	21040.3999	100	200
3859	Waveform 1	1	21078.04053	21079.13623	80	180
3859	Spectrogram 1	1	21078.04053	21079.13623	80	180
3882	Waveform 1	1	21178.84521	21180.32764	80	220
3882	Spectrogram 1	1	21178.84521	21180.32764	80	220
3885	Waveform 1	1	21202.49951	21204.04639	60	170
3885	Spectrogram 1	1	21202.49951	21204.04639	60	170
3892	Waveform 1	1	21228.60303	21229.69873	60	190
3892	Spectrogram 1	1	21228.60303	21229.69873	60	190
3906	Waveform 1	1	21288.02881	21289.18896	90	200
3906	Spectrogram 1	1	21288.02881	21289.18896	90	200
3912	Waveform 1	1	21303.3042	21304.3999	100	200
3912	Spectrogram 1	1	21303.3042	21304.3999	100	200
3926	Waveform 1	1	21359.24951	21360.40967	90	190
3926	Spectrogram 1	1	21359.24951	21360.40967	90	190
3936	Waveform 1	1	21390.57373	21391.47607	100	220
3936	Spectrogram 1	1	21390.57373	21391.47607	100	220
3943	Waveform 1	1	21432.33936	21433.30615	80	210
3943	Spectrogram 1	1	21432.33936	21433.30615	80	210
3947	Waveform 1	1	21447.61475	21448.96826	70	190
3947	Spectrogram 1	1	21447.61475	21448.96826	70	190
3952	Waveform 1	1	21464.95264	21465.21045	100	140
3952	Spectrogram 1	1	21464.95264	21465.21045	100	140
3955	Waveform 1	1	21477.13428	21478.48779	70	220
3955	Spectrogram 1	1	21477.13428	21478.48779	70	220
3966	Waveform 1	1	21523.41162	21524.31396	90	210
3966	Spectrogram 1	1	21523.41162	21524.31396	90	210
3998	Waveform 1	1	21649.67529	21652.64014	60	220
3998	Spectrogram 1	1	21649.67529	21652.64014	60	220
4045	Waveform 1	1	21874.93896	21876.35693	60	140
4045	Spectrogram 1	1	21874.93896	21876.35693	60	140
4046	Waveform 1	1	21881.57764	21882.35107	60	110
4046	Spectrogram 1	1	21881.57764	21882.35107	60	110
4055	Waveform 1	1	21920.57178	21922.18311	60	210
4055	Spectrogram 1	1	21920.57178	21922.18311	60	210
4119	Waveform 1	1	22247.86475	22249.47607	60	230
4119	Spectrogram 1	1	22247.86475	22249.47607	60	230
4123	Waveform 1	1	22266.04053	22267.00732	120	190
4123	Spectrogram 1	1	22266.04053	22267.00732	120	190
4131	Waveform 1	1	22321.01904	22321.59912	110	170
4131	Spectrogram 1	1	22321.01904	22321.59912	110	170
4155	Waveform 1	1	22466.36084	22468.03662	90	240
4155	Spectrogram 1	1	22466.36084	22468.03662	90	240
4161	Waveform 1	1	22501.93896	22503.87256	70	230
4161	Spectrogram 1	1	22501.93896	22503.87256	70	230
4188	Waveform 1	1	22617.76123	22619.05029	80	200
4188	Spectrogram 1	1	22617.76123	22619.05029	80	200
4199	Waveform 1	1	22675.64014	22676.54248	100	180
4199	Spectrogram 1	1	22675.64014	22676.54248	100	180
4207	Waveform 1	1	22712.76514	22713.79639	70	180
4207	Spectrogram 1	1	22712.76514	22713.79639	70	180
4265	Waveform 1	1	22929.58545	22930.74561	90	200
4265	Spectrogram 1	1	22929.58545	22930.74561	90	200
4289	Waveform 1	1	23026.52295	23027.23193	80	160
4289	Spectrogram 1	1	23026.52295	23027.23193	80	160
4294	Waveform 1	1	23065.58154	23068.03076	60	220
4294	Spectrogram 1	1	23065.58154	23068.03076	60	220
4302	Waveform 1	1	23097.74365	23098.58154	90	160
4302	Spectrogram 1	1	23097.74365	23098.58154	90	160
4308	Waveform 1	1	23123.91162	23124.87842	60	150
4308	Spectrogram 1	1	23123.91162	23124.87842	60	150
4343	Waveform 1	1	23311.85693	23313.66162	70	210
4343	Spectrogram 1	1	23311.85693	23313.66162	70	210
4364	Waveform 1	1	23400.41553	23401.06006	130	190
4364	Spectrogram 1	1	23400.41553	23401.06006	130	190
4378	Waveform 1	1	23444.43701	23444.88818	120	160
4378	Spectrogram 1	1	23444.43701	23444.88818	120	160
4406	Waveform 1	1	23581.52881	23582.94678	90	190
4406	Spectrogram 1	1	23581.52881	23582.94678	90	190
4446	Waveform 1	1	23773.59912	23775.40381	60	210
4446	Spectrogram 1	1	23773.59912	23775.40381	60	210
4474	Waveform 1	1	23891.61279	23892.8374	90	200
4474	Spectrogram 1	1	23891.61279	23892.8374	90	200
4490	Waveform 1	1	23970.63232	23971.66357	90	200
4490	Spectrogram 1	1	23970.63232	23971.66357	90	200
4535	Waveform 1	1	24152.90576	24153.80811	110	200
4535	Spectrogram 1	1	24152.90576	24153.80811	110	200
4585	Waveform 1	1	24406.20654	24407.23779	70	200
4585	Spectrogram 1	1	24406.20654	24407.23779	70	200
4625	Waveform 1	1	24620.12646	24621.35107	70	220
4625	Spectrogram 1	1	24620.12646	24621.35107	70	220
4628	Waveform 1	1	24629.72998	24630.89014	70	240
4628	Spectrogram 1	1	24629.72998	24630.89014	70	240
4630	Waveform 1	1	24640.36475	24641.396	90	190
4630	Spectrogram 1	1	24640.36475	24641.396	90	190
4632	Waveform 1	1	24652.48193	24653.64209	60	190
4632	Spectrogram 1	1	24652.48193	24653.64209	60	190
4633	Waveform 1	1	24656.73584	24658.08936	70	190
4633	Spectrogram 1	1	24656.73584	24658.08936	70	190
4646	Waveform 1	1	24711.58545	24712.6167	90	180
4646	Spectrogram 1	1	24711.58545	24712.6167	90	180
4654	Waveform 1	1	24737.56006	24738.52686	90	190
4654	Spectrogram 1	1	24737.56006	24738.52686	90	190
4659	Waveform 1	1	24757.86279	24759.0874	100	180
4659	Spectrogram 1	1	24757.86279	24759.0874	100	180
4665	Waveform 1	1	24774.81396	24775.5874	140	240
4665	Spectrogram 1	1	24774.81396	24775.5874	140	240
4668	Waveform 1	1	24784.86865	24785.8999	110	180
4668	Spectrogram 1	1	24784.86865	24785.8999	110	180
4682	Waveform 1	1	24846.03467	24847.32373	70	200
4682	Spectrogram 1	1	24846.03467	24847.32373	70	200
4685	Waveform 1	1	24865.30615	24866.78857	60	210
4685	Spectrogram 1	1	24865.30615	24866.78857	60	210
4694	Waveform 1	1	24911.26123	24912.29248	110	220
4694	Spectrogram 1	1	24911.26123	24912.29248	110	220
4705	Waveform 1	1	24964.69287	24965.40186	130	170
4705	Spectrogram 1	1	24964.69287	24965.40186	130	170
4709	Waveform 1	1	24985.76904	24986.28467	120	180
4709	Spectrogram 1	1	24985.76904	24986.28467	120	180
4714	Waveform 1	1	25005.42725	25006.84521	110	190
4714	Spectrogram 1	1	25005.42725	25006.84521	110	190
4735	Waveform 1	1	25100.23779	25102.17139	100	230
4735	Spectrogram 1	1	25100.23779	25102.17139	100	230
4744	Waveform 1	1	25149.93115	25151.09131	100	160
4744	Spectrogram 1	1	25149.93115	25151.09131	100	160
4751	Waveform 1	1	25183.12451	25183.89795	120	210
4751	Spectrogram 1	1	25183.12451	25183.89795	120	210
4770	Waveform 1	1	25297.3999	25298.3667	60	180
4770	Spectrogram 1	1	25297.3999	25298.3667	60	180
4786	Waveform 1	1	25368.04053	25369.39404	60	190
4786	Spectrogram 1	1	25368.04053	25369.39404	60	190
4791	Waveform 1	1	25393.17725	25394.27295	60	170
4791	Spectrogram 1	1	25393.17725	25394.27295	60	170
4806	Waveform 1	1	25471.42334	25472.5835	60	140
4806	Spectrogram 1	1	25471.42334	25472.5835	60	140
4867	Waveform 1	1	25745.9292	25746.76709	90	170
4867	Spectrogram 1	1	25745.9292	25746.76709	90	170
4894	Waveform 1	1	25862.33154	25863.42725	60	140
4894	Spectrogram 1	1	25862.33154	25863.42725	60	140
4917	Waveform 1	1	25971.06396	25971.7085	120	170
4917	Spectrogram 1	1	25971.06396	25971.7085	120	170
4925	Waveform 1	1	26000.97021	26002.06592	60	190
4925	Spectrogram 1	1	26000.97021	26002.06592	60	190
4932	Waveform 1	1	26026.17139	26027.13818	100	140
4932	Spectrogram 1	1	26026.17139	26027.13818	100	140
4947	Waveform 1	1	26112.40967	26113.63428	60	190
4947	Spectrogram 1	1	26112.40967	26113.63428	60	190
4970	Waveform 1	1	26262.90771	26263.93896	90	190
4970	Spectrogram 1	1	26262.90771	26263.93896	90	190
4975	Waveform 1	1	26290.10693	26291.00928	80	150
4975	Spectrogram 1	1	26290.10693	26291.00928	80	150
4997	Waveform 1	1	26401.09521	26402.06201	60	190
4997	Spectrogram 1	1	26401.09521	26402.06201	60	190
5039	Waveform 1	1	26648.72412	26650.65771	70	230
5039	Spectrogram 1	1	26648.72412	26650.65771	70	230
5041	Waveform 1	1	26658.97217	26659.81006	80	180
5041	Spectrogram 1	1	26658.97217	26659.81006	80	180
5046	Waveform 1	1	26685.84912	26687.396	80	210
5046	Spectrogram 1	1	26685.84912	26687.396	80	210
5051	Waveform 1	1	26710.14795	26711.82373	80	220
5051	Spectrogram 1	1	26710.14795	26711.82373	80	220
5055	Waveform 1	1	26725.42334	26725.87451	80	140
5055	Spectrogram 1	1	26725.42334	26725.87451	80	140
5065	Waveform 1	1	26762.35498	26762.87061	90	160
5065	Spectrogram 1	1	26762.35498	26762.87061	90	160
5107	Waveform 1	1	26939.98779	26941.2124	60	160
5107	Spectrogram 1	1	26939.98779	26941.2124	60	160
5139	Waveform 1	1	27119.94092	27122.45459	80	190
5139	Spectrogram 1	1	27119.94092	27122.45459	80	190
5148	Waveform 1	1	27164.41357	27166.08936	70	220
5148	Spectrogram 1	1	27164.41357	27166.08936	70	220
5226	Waveform 1	1	27562.54053	27563.76514	70	150
5226	Spectrogram 1	1	27562.54053	27563.76514	70	150
5250	Waveform 1	1	27655.61084	27655.93311	150	190
5250	Spectrogram 1	1	27655.61084	27655.93311	150	190
5261	Waveform 1	1	27701.37256	27702.08154	60	160
5261	Spectrogram 1	1	27701.37256	27702.08154	60	160
5262	Waveform 1	1	27707.43115	27708.84912	60	160
5262	Spectrogram 1	1	27707.43115	27708.84912	60	160
5311	Waveform 1	1	27940.75146	27942.42725	70	230
5311	Spectrogram 1	1	27940.75146	27942.42725	70	230
5315	Waveform 1	1	27966.2749	27967.49951	90	150
5315	Spectrogram 1	1	27966.2749	27967.49951	90	150
5317	Waveform 1	1	27975.10498	27976.13623	90	160
5317	Spectrogram 1	1	27975.10498	27976.13623	90	160
5318	Waveform 1	1	27979.55225	27980.26123	90	140
5318	Spectrogram 1	1	27979.55225	27980.26123	90	140
5319	Waveform 1	1	27989.28467	27991.47607	70	220
5319	Spectrogram 1	1	27989.28467	27991.47607	70	220
5322	Waveform 1	1	28004.30225	28005.14014	90	150
5322	Spectrogram 1	1	28004.30225	28005.14014	90	150
5328	Waveform 1	1	28028.60107	28029.56787	60	160
5328	Spectrogram 1	1	28028.60107	28029.56787	60	160
5334	Waveform 1	1	28059.21631	28060.18311	70	190
5334	Spectrogram 1	1	28059.21631	28060.18311	70	190
5350	Waveform 1	1	28154.73584	28155.25146	100	170
5350	Spectrogram 1	1	28154.73584	28155.25146	100	170
5354	Waveform 1	1	28176.32764	28177.35889	90	160
5354	Spectrogram 1	1	28176.32764	28177.35889	90	160
5355	Waveform 1	1	28185.73779	28187.47803	70	200
5355	Spectrogram 1	1	28185.73779	28187.47803	70	200
5363	Waveform 1	1	28222.08936	28223.12061	60	170
5363	Spectrogram 1	1	28222.08936	28223.12061	60	170
5365	Waveform 1	1	28232.78857	28233.75537	120	180
5365	Spectrogram 1	1	28232.78857	28233.75537	120	180
5369	Waveform 1	1	28263.79053	28265.3374	60	150
5369	Spectrogram 1	1	28263.79053	28265.3374	60	150
5378	Waveform 1	1	28315.48193	28316.19092	70	170
5378	Spectrogram 1	1	28315.48193	28316.19092	70	170
5386	Waveform 1	1	28353.83154	28355.12061	70	220
5386	Spectrogram 1	1	28353.83154	28355.12061	70	220
5392	Waveform 1	1	28382.83545	28384.44678	60	160
5392	Spectrogram 1	1	28382.83545	28384.44678	60	160
5396	Waveform 1	1	28410.42139	28411.7749	100	180
5396	Spectrogram 1	1	28410.42139	28411.7749	100	180
5397	Waveform 1	1	28418.28467	28419.38037	60	140
5397	Spectrogram 1	1	28418.28467	28419.38037	60	140
5398	Waveform 1	1	28419.05811	28420.08936	140	220
5398	Spectrogram 1	1	28419.05811	28420.08936	140	220
5399	Waveform 1	1	28427.50146	28428.146	80	170
5399	Spectrogram 1	1	28427.50146	28428.146	80	170
5401	Waveform 1	1	28432.20654	28433.30225	70	180
5401	Spectrogram 1	1	28432.20654	28433.30225	70	180
5405	Waveform 1	1	28444.25928	28446.38623	60	140
5405	Spectrogram 1	1	28444.25928	28446.38623	60	140
5419	Waveform 1	1	28540.48779	28541.77686	60	170
5419	Spectrogram 1	1	28540.48779	28541.77686	60	170
5435	Waveform 1	1	28654.44092	28656.18115	60	170
5435	Spectrogram 1	1	28654.44092	28656.18115	60	170
5440	Waveform 1	1	28689.89014	28691.75928	60	160
5440	Spectrogram 1	1	28689.89014	28691.75928	60	160
5452	Waveform 1	1	28786.0542	28787.72998	70	150
5452	Spectrogram 1	1	28786.0542	28787.72998	70	150
5459	Waveform 1	1	28829.62451	28831.10693	60	160
5459	Spectrogram 1	1	28829.62451	28831.10693	60	160
5463	Waveform 1	1	28875.57959	28877.51318	60	160
5463	Spectrogram 1	1	28875.57959	28877.51318	60	160
5467	Waveform 1	1	28894.20654	28895.75342	60	170
5467	Spectrogram 1	1	28894.20654	28895.75342	60	170
5471	Waveform 1	1	28919.60107	28920.89014	60	180
5471	Spectrogram 1	1	28919.60107	28920.89014	60	180
5476	Waveform 1	1	28946.41357	28948.54053	60	240
5476	Spectrogram 1	1	28946.41357	28948.54053	60	240
5482	Waveform 1	1	28992.69092	28993.91553	60	190
5482	Spectrogram 1	1	28992.69092	28993.91553	60	190
5488	Waveform 1	1	29026.07764	29027.88232	70	160
5488	Spectrogram 1	1	29026.07764	29027.88232	70	160
5502	Waveform 1	1	29113.60498	29114.70068	70	180
5502	Spectrogram 1	1	29113.60498	29114.70068	70	180
5508	Waveform 1	1	29161.68701	29162.26709	80	140
5508	Spectrogram 1	1	29161.68701	29162.26709	80	140
5511	Waveform 1	1	29185.53467	29187.66162	60	200
5511	Spectrogram 1	1	29185.53467	29187.66162	60	200
5536	Waveform 1	1	29469.96631	29471.44873	80	180
5536	Spectrogram 1	1	29469.96631	29471.44873	80	180
5549	Waveform 1	1	29553.56201	29554.91553	60	160
5549	Spectrogram 1	1	29553.56201	29554.91553	60	160
5553	Waveform 1	1	29589.91357	29591.91162	60	180
5553	Spectrogram 1	1	29589.91357	29591.91162	60	180
5563	Waveform 1	1	29654.43115	29655.59131	100	220
5563	Spectrogram 1	1	29654.43115	29655.59131	100	220
5572	Waveform 1	1	29697.48584	29699.41943	70	200
5572	Spectrogram 1	1	29697.48584	29699.41943	70	200
5576	Waveform 1	1	29730.93701	29732.48389	60	170
5576	Spectrogram 1	1	29730.93701	29732.48389	60	170
5582	Waveform 1	1	29772.44482	29774.12061	60	190
5582	Spectrogram 1	1	29772.44482	29774.12061	60	190
5584	Waveform 1	1	29786.04443	29786.88232	70	160
5584	Spectrogram 1	1	29786.04443	29786.88232	70	160
5609	Waveform 1	1	30029.16162	30030.51514	80	200
5609	Spectrogram 1	1	30029.16162	30030.51514	80	200
5611	Waveform 1	1	30051.01123	30051.59131	90	160
5611	Spectrogram 1	1	30051.01123	30051.59131	90	160
5614	Waveform 1	1	30071.12061	30072.66748	70	230
5614	Spectrogram 1	1	30071.12061	30072.66748	70	230
5619	Waveform 1	1	30117.59131	30119.00928	60	200
5619	Spectrogram 1	1	30117.59131	30119.00928	60	200
5621	Waveform 1	1	30127.13037	30129.06396	80	200
5621	Spectrogram 1	1	30127.13037	30129.06396	80	200
5627	Waveform 1	1	30189.6499	30190.93896	70	170
5627	Spectrogram 1	1	30189.6499	30190.93896	70	170
5633	Waveform 1	1	30239.1499	30240.82568	70	160
5633	Spectrogram 1	1	30239.1499	30240.82568	70	160
5638	Waveform 1	1	30283.62256	30284.46045	90	140
5638	Spectrogram 1	1	30283.62256	30284.46045	90	140
5643	Waveform 1	1	30317.26709	30318.62061	60	190
5643	Spectrogram 1	1	30317.26709	30318.62061	60	190
5647	Waveform 1	1	30353.48975	30354.6499	80	200
5647	Spectrogram 1	1	30353.48975	30354.6499	80	200
5649	Waveform 1	1	30375.85498	30377.2085	60	180
5649	Spectrogram 1	1	30375.85498	30377.2085	60	180
5653	Waveform 1	1	30429.47998	30430.57568	70	150
5653	Spectrogram 1	1	30429.47998	30430.57568	70	150
5667	Waveform 1	1	30567.0874	30568.50537	90	180
5667	Spectrogram 1	1	30567.0874	30568.50537	90	180
5671	Waveform 1	1	30612.01123	30612.52686	80	160
5671	Spectrogram 1	1	30612.01123	30612.52686	80	160
5687	Waveform 1	1	30701.66553	30702.63232	100	190
5687	Spectrogram 1	1	30701.66553	30702.63232	100	190
5699	Waveform 1	1	30791.19092	30792.15771	70	140
5699	Spectrogram 1	1	30791.19092	30792.15771	70	140
5703	Waveform 1	1	30812.71826	30813.36279	110	170
5703	Spectrogram 1	1	30812.71826	30813.36279	110	170
5715	Waveform 1	1	30916.81006	30917.77686	80	200
5715	Spectrogram 1	1	30916.81006	30917.77686	80	200
5718	Waveform 1	1	30960.70264	30962.12061	60	190
5718	Spectrogram 1	1	30960.70264	30962.12061	60	190
5719	Waveform 1	1	30983.51904	30984.74365	60	180
5719	Spectrogram 1	1	30983.51904	30984.74365	60	180
5720	Waveform 1	1	30993.76709	30994.34717	100	160
5720	Spectrogram 1	1	30993.76709	30994.34717	100	160
5722	Waveform 1	1	31010.5249	31011.62061	60	170
5722	Spectrogram 1	1	31010.5249	31011.62061	60	170
5725	Waveform 1	1	31042.10693	31043.396	60	170
5725	Spectrogram 1	1	31042.10693	31043.396	60	170
5727	Waveform 1	1	31059.63818	31061.12061	70	190
5727	Spectrogram 1	1	31059.63818	31061.12061	70	190
5732	Waveform 1	1	31125.31592	31126.54053	60	170
5732	Spectrogram 1	1	31125.31592	31126.54053	60	170
5734	Waveform 1	1	31147.55225	31148.06787	80	120
5734	Spectrogram 1	1	31147.55225	31148.06787	80	120
5735	Waveform 1	1	31156.25342	31157.73584	70	160
5735	Spectrogram 1	1	31156.25342	31157.73584	70	160
5772	Waveform 1	1	31621.9917	31622.31396	140	180
5772	Spectrogram 1	1	31621.9917	31622.31396	140	180
5781	Waveform 1	1	31680.45068	31681.48193	60	130
5781	Spectrogram 1	1	31680.45068	31681.48193	60	130
5783	Waveform 1	1	31736.00928	31736.91162	70	120
5783	Spectrogram 1	1	31736.00928	31736.91162	70	120
5785	Waveform 1	1	31760.95264	31762.37061	60	150
5785	Spectrogram 1	1	31760.95264	31762.37061	60	150
5787	Waveform 1	1	31796.3374	31797.62646	60	140
5787	Spectrogram 1	1	31796.3374	31797.62646	60	140
5791	Waveform 1	1	31822.89209	31824.05225	70	130
5791	Spectrogram 1	1	31822.89209	31824.05225	70	130
5797	Waveform 1	1	31888.50537	31889.98779	60	120
5797	Spectrogram 1	1	31888.50537	31889.98779	60	120
5799	Waveform 1	1	31949.09131	31950.25146	70	130
5799	Spectrogram 1	1	31949.09131	31950.25146	70	130
5805	Waveform 1	1	31995.04639	31995.75537	60	110
5805	Spectrogram 1	1	31995.04639	31995.75537	60	110
5818	Waveform 1	1	32160.3042	32161.271	120	210
5818	Spectrogram 1	1	32160.3042	32161.271	120	210
5819	Waveform 1	1	32187.24561	32187.82568	100	180
5819	Spectrogram 1	1	32187.24561	32187.82568	100	180
5873	Waveform 1	1	32583.89014	32584.72803	60	150
5873	Spectrogram 1	1	32583.89014	32584.72803	60	150
5878	Waveform 1	1	32620.30615	32620.62842	80	130
5878	Spectrogram 1	1	32620.30615	32620.62842	80	130
