Selection	View	Channel	Begin Time (s)	End Time (s)	Low Freq (Hz)	High Freq (Hz)
1	Spectrogram 1	1	22.93920898	23.00512695	50	250
2	Spectrogram 1	1	24.98266602	25.18041992	25	200
3	Spectrogram 1	1	81.86987305	81.93579102	50	175
4	Spectrogram 1	1	355.8908691	356.0227051	25	200
5	Spectrogram 1	1	388.9157715	388.9816895	50	250
6	Spectrogram 1	1	396.0349121	396.166748	25	225
7	Spectrogram 1	1	412.1848145	412.2507324	75	200
8	Spectrogram 1	1	446.923584	446.989502	50	200
9	Spectrogram 1	1	464.3259277	464.5236816	25	175
10	Spectrogram 1	1	469.2697754	469.3356934	25	175
11	Spectrogram 1	1	488.3859863	488.5178223	25	250
12	Spectrogram 1	1	766.3620605	766.4279785	50	200
13	Spectrogram 1	1	821.9309082	822.1286621	50	250
14	Spectrogram 1	1	882.7072754	882.7731934	100	250
15	Spectrogram 1	1	934.9143066	934.9802246	75	250
16	Spectrogram 1	1	969.1257324	969.1916504	50	200
17	Spectrogram 1	1	972.8830566	972.9489746	0	250
18	Spectrogram 1	1	1071.232666	1071.298584	50	175
19	Spectrogram 1	1	1250.002197	1250.068115	25	250
20	Spectrogram 1	1	1280.851807	1280.917725	50	225
21	Spectrogram 1	1	1349.999756	1350.065674	50	250
22	Spectrogram 1	1	1413.412842	1413.47876	50	200
23	Spectrogram 1	1	1592.248291	1592.314209	25	250
24	Spectrogram 1	1	1675.436768	1675.502686	50	175
25	Spectrogram 1	1	1725.00708	1725.072998	25	175
26	Spectrogram 1	1	1819.401611	1819.665283	25	150
27	Spectrogram 1	1	1836.342529	1836.606201	25	150
28	Spectrogram 1	1	2024.999756	2025.065674	25	150
29	Spectrogram 1	1	2154.594482	2154.924072	0	175
30	Spectrogram 1	1	2163.163818	2163.493408	25	175
31	Spectrogram 1	1	2233.036865	2233.300537	0	250
32	Spectrogram 1	1	2493.47876	2493.874268	25	150
33	Spectrogram 1	1	2623.666748	2623.93042	25	150
34	Spectrogram 1	1	2845.942139	2846.205811	25	150
35	Spectrogram 1	1	2926.098389	2926.362061	25	150
36	Spectrogram 1	1	2933.678955	2933.942627	25	150
37	Spectrogram 1	1	2966.242432	2966.506104	0	125
38	Spectrogram 1	1	2975.734619	2975.998291	25	150
39	Spectrogram 1	1	3137.695068	3138.024658	25	150
40	Spectrogram 1	1	3185.551514	3185.881104	0	175
41	Spectrogram 1	1	3193.197998	3193.46167	25	150
42	Spectrogram 1	1	3301.171631	3301.435303	0	175
43	Spectrogram 1	1	3491.872314	3492.267822	0	175
44	Spectrogram 1	1	3499.914307	3500.177979	25	150
45	Spectrogram 1	1	3541.244873	3541.640381	25	150
46	Spectrogram 1	1	3549.484619	3549.880127	25	150
47	Spectrogram 1	1	3678.552002	3678.815674	25	150
48	Spectrogram 1	1	3718.630127	3718.893799	25	150
49	Spectrogram 1	1	3788.041748	3788.371338	25	150
50	Spectrogram 1	1	3803.598389	3803.927979	25	175
51	Spectrogram 1	1	3810.915283	3811.244873	25	175
52	Spectrogram 1	1	3865.759033	3866.154541	0	175
53	Spectrogram 1	1	3902.409424	3902.673096	25	150
54	Spectrogram 1	1	3921.393799	3921.789307	25	150
55	Spectrogram 1	1	3938.400635	3938.796143	0	175
56	Spectrogram 1	1	3977.424072	3977.753662	0	175
57	Spectrogram 1	1	4028.576416	4028.971924	25	175
58	Spectrogram 1	1	4046.703857	4047.033447	0	175
59	Spectrogram 1	1	4078.4104	4078.73999	25	150
60	Spectrogram 1	1	4082.62915	4082.826904	25	150
61	Spectrogram 1	1	4098.647217	4098.976807	25	150
62	Spectrogram 1	1	4116.181396	4116.510986	0	175
63	Spectrogram 1	1	4174.848389	4175.243896	0	175
64	Spectrogram 1	1	4191.921143	4192.118896	25	175
65	Spectrogram 1	1	4197.260498	4197.458252	25	150
66	Spectrogram 1	1	4212.883057	4213.080811	25	150
67	Spectrogram 1	1	4216.574463	4216.838135	0	175
68	Spectrogram 1	1	4224.616455	4225.011963	0	175
69	Spectrogram 1	1	4232.131104	4232.526611	25	175
70	Spectrogram 1	1	4277.746338	4278.141846	25	150
71	Spectrogram 1	1	4286.44751	4286.843018	0	150
72	Spectrogram 1	1	4336.08374	4336.347412	25	175
73	Spectrogram 1	1	4458.42749	4458.822998	0	175
74	Spectrogram 1	1	4467.128662	4467.392334	0	175
75	Spectrogram 1	1	4479.323486	4479.52124	25	150
76	Spectrogram 1	1	4486.904053	4486.969971	25	150
77	Spectrogram 1	1	4502.988037	4503.251709	25	150
78	Spectrogram 1	1	4521.576904	4522.03833	25	150
79	Spectrogram 1	1	4568.312744	4568.642334	25	150
80	Spectrogram 1	1	4628.627686	4628.891357	25	150
81	Spectrogram 1	1	4636.669678	4636.801514	25	150
82	Spectrogram 1	1	4644.250244	4644.513916	25	150
83	Spectrogram 1	1	4715.112061	4715.375732	25	150
84	Spectrogram 1	1	4722.890381	4723.022217	25	150
85	Spectrogram 1	1	4725.856689	4726.120361	0	175
86	Spectrogram 1	1	4737.919678	4738.18335	25	150
87	Spectrogram 1	1	4746.489014	4746.950439	25	150
88	Spectrogram 1	1	4879.775146	4880.104736	0	150
89	Spectrogram 1	1	4888.080811	4888.344482	25	150
90	Spectrogram 1	1	4909.174561	4909.50415	25	150
91	Spectrogram 1	1	4921.501221	4921.830811	25	250
92	Spectrogram 1	1	4926.37915	4926.445068	25	150
93	Spectrogram 1	1	4929.675049	4930.466064	25	175
94	Spectrogram 1	1	4937.914795	4938.442139	25	150
95	Spectrogram 1	1	4942.265381	4942.594971	25	150
96	Spectrogram 1	1	4945.824951	4946.352295	25	175
97	Spectrogram 1	1	4990.583252	4990.97876	25	150
98	Spectrogram 1	1	4999.548096	4999.811768	25	150
99	Spectrogram 1	1	5098.293213	5098.556885	25	150
100	Spectrogram 1	1	5105.412354	5105.676025	25	150
101	Spectrogram 1	1	5149.313721	5149.577393	25	150
102	Spectrogram 1	1	5156.630615	5156.960205	25	150
103	Spectrogram 1	1	5164.079346	5164.408936	25	150
104	Spectrogram 1	1	5171.132568	5171.330322	25	150
105	Spectrogram 1	1	5179.042725	5179.372314	25	150
106	Spectrogram 1	1	5187.546143	5187.94165	25	150
107	Spectrogram 1	1	5206.794189	5207.123779	25	150
108	Spectrogram 1	1	5213.979248	5214.374756	0	175
109	Spectrogram 1	1	5221.296143	5221.559814	25	150
110	Spectrogram 1	1	5229.206299	5229.535889	0	175
111	Spectrogram 1	1	5237.314209	5237.775635	25	150
112	Spectrogram 1	1	5277.787842	5278.051514	25	150
113	Spectrogram 1	1	5286.027588	5286.357178	0	175
114	Spectrogram 1	1	5289.85083	5289.982666	25	150
115	Spectrogram 1	1	5310.087646	5310.549072	0	175
116	Spectrogram 1	1	5317.668213	5318.063721	25	175
117	Spectrogram 1	1	5401.252197	5401.449951	25	150
118	Spectrogram 1	1	5409.030518	5409.426025	25	150
119	Spectrogram 1	1	5417.4021	5417.731689	25	150
120	Spectrogram 1	1	5458.60083	5458.798584	25	150
121	Spectrogram 1	1	5466.181396	5466.37915	25	150
122	Spectrogram 1	1	5473.893799	5474.223389	25	150
123	Spectrogram 1	1	5871.642822	5871.840576	0	175
124	Spectrogram 1	1	5879.157471	5879.223389	0	150
125	Spectrogram 1	1	5890.561279	5890.759033	25	150
126	Spectrogram 1	1	5911.918701	5912.050537	0	125
127	Spectrogram 1	1	5926.025146	5926.2229	25	175
128	Spectrogram 1	1	5940.329346	5940.461182	25	150
129	Spectrogram 1	1	5947.843994	5948.041748	25	150
130	Spectrogram 1	1	5955.358643	5955.490479	25	150
131	Spectrogram 1	1	5984.164795	5984.296631	25	150
132	Spectrogram 1	1	5991.613525	5991.745361	25	150
133	Spectrogram 1	1	6029.714111	6029.845947	25	150
134	Spectrogram 1	1	6033.207764	6033.3396	50	175
135	Spectrogram 1	1	6069.264893	6069.462646	25	150
136	Spectrogram 1	1	6141.972412	6142.170166	25	150
137	Spectrogram 1	1	6374.992432	6375.05835	25	225
138	Spectrogram 1	1	6380.925049	6381.056885	25	150
139	Spectrogram 1	1	6390.61499	6390.812744	25	150
141	Spectrogram 1	1	6425.485596	6425.617432	25	150
142	Spectrogram 1	1	6464.970459	6465.168213	25	150
143	Spectrogram 1	1	6468.727783	6468.859619	25	150
144	Spectrogram 1	1	6473.210205	6473.342041	25	150
145	Spectrogram 1	1	6476.30835	6476.572021	25	150
146	Spectrogram 1	1	6483.0979	6483.163818	25	150
147	Spectrogram 1	1	6507.289795	6507.553467	25	150
148	Spectrogram 1	1	6510.190186	6510.387939	25	150
149	Spectrogram 1	1	6525.61499	6525.746826	25	150
150	Spectrogram 1	1	6532.470459	6532.734131	25	150
151	Spectrogram 1	1	6540.116943	6540.314697	50	175
152	Spectrogram 1	1	6552.970947	6553.102783	25	150
153	Spectrogram 1	1	6560.090088	6560.221924	25	150
154	Spectrogram 1	1	6598.915771	6599.047607	25	150
155	Spectrogram 1	1	6601.88208	6601.947998	25	150
157	Spectrogram 1	1	6659.494385	6659.692139	0	150
158	Spectrogram 1	1	6662.922119	6662.988037	0	125
159	Spectrogram 1	1	6667.602295	6667.734131	25	150
160	Spectrogram 1	1	6675.644287	6675.842041	25	150
161	Spectrogram 1	1	6686.388916	6686.520752	25	150
162	Spectrogram 1	1	6690.937256	6691.069092	25	150
163	Spectrogram 1	1	6698.056396	6698.25415	25	150
164	Spectrogram 1	1	6799.83374	6800.097412	0	175
165	Spectrogram 1	1	6807.216553	6807.348389	0	150
166	Spectrogram 1	1	6828.046631	6828.244385	25	175
167	Spectrogram 1	1	6854.545654	6854.611572	25	250
168	Spectrogram 1	1	6862.126221	6862.323975	25	150
169	Spectrogram 1	1	6907.873291	6907.939209	25	150
170	Spectrogram 1	1	6955.334229	6955.531982	0	175
171	Spectrogram 1	1	6973.725342	6973.923096	0	150
172	Spectrogram 1	1	6993.368896	6993.500732	25	150
173	Spectrogram 1	1	7002.729248	7002.861084	25	150
174	Spectrogram 1	1	7022.109131	7022.306885	0	150
175	Spectrogram 1	1	7024.811768	7024.943604	25	150
176	Spectrogram 1	1	7032.919678	7033.051514	25	150
177	Spectrogram 1	1	7065.812744	7066.010498	25	150
178	Spectrogram 1	1	7087.829346	7087.895264	0	250
179	Spectrogram 1	1	7108.923096	7108.989014	25	150
180	Spectrogram 1	1	7182.883057	7183.014893	0	150
181	Spectrogram 1	1	7202.724365	7202.856201	0	150
182	Spectrogram 1	1	7220.785889	7220.983643	0	150
183	Spectrogram 1	1	7228.036865	7228.168701	50	175
184	Spectrogram 1	1	7274.113525	7274.311279	25	150
185	Spectrogram 1	1	7281.496338	7281.628174	25	150
186	Spectrogram 1	1	7312.873291	7312.939209	75	250
187	Spectrogram 1	1	7338.383545	7338.515381	25	150
188	Spectrogram 1	1	7346.030029	7346.161865	0	150
189	Spectrogram 1	1	7364.025635	7364.223389	25	150
190	Spectrogram 1	1	7411.288818	7411.420654	0	150
191	Spectrogram 1	1	7415.837158	7415.968994	25	150
192	Spectrogram 1	1	7423.483643	7423.681396	25	150
193	Spectrogram 1	1	7430.998291	7431.130127	0	150
194	Spectrogram 1	1	7458.486084	7458.749756	25	150
195	Spectrogram 1	1	7465.671143	7465.868896	25	150
196	Spectrogram 1	1	7488.017334	7488.083252	25	150
197	Spectrogram 1	1	7503.705811	7503.837646	25	150
198	Spectrogram 1	1	7582.345947	7582.675537	0	175
199	Spectrogram 1	1	7629.015869	7629.213623	25	150
200	Spectrogram 1	1	7631.982178	7632.048096	0	150
201	Spectrogram 1	1	7644.177002	7644.308838	0	150
202	Spectrogram 1	1	7674.565186	7674.697021	0	150
203	Spectrogram 1	1	7682.936768	7683.068604	25	175
204	Spectrogram 1	1	7697.043213	7697.240967	25	175
205	Spectrogram 1	1	7762.69751	7762.763428	100	250
206	Spectrogram 1	1	7781.022705	7781.088623	0	150
207	Spectrogram 1	1	7785.636963	7785.834717	25	150
208	Spectrogram 1	1	7812.465576	7812.597412	0	150
209	Spectrogram 1	1	7838.569092	7838.766846	25	150
210	Spectrogram 1	1	7906.596436	7906.728271	25	150
211	Spectrogram 1	1	8030.522217	8030.654053	25	150
212	Spectrogram 1	1	8058.801025	8058.932861	25	150
213	Spectrogram 1	1	8179.69458	8179.892334	0	175
214	Spectrogram 1	1	8210.346436	8210.478271	25	150
215	Spectrogram 1	1	8217.99292	8218.124756	25	150
216	Spectrogram 1	1	8228.869385	8229.001221	0	150
217	Spectrogram 1	1	8326.230225	8326.427979	0	150
218	Spectrogram 1	1	8402.563232	8402.62915	50	175
219	Spectrogram 1	1	8417.790283	8417.922119	25	150
220	Spectrogram 1	1	8455.495361	8455.627197	25	150
221	Spectrogram 1	1	8474.941162	8475.072998	50	175
222	Spectrogram 1	1	8523.852295	8523.918213	25	150
223	Spectrogram 1	1	8526.62085	8526.752686	0	150
224	Spectrogram 1	1	8547.582764	8547.780518	25	150
225	Spectrogram 1	1	8567.753662	8567.885498	25	150
226	Spectrogram 1	1	8573.224854	8573.488525	0	175
227	Spectrogram 1	1	8669.531006	8669.662842	25	150
228	Spectrogram 1	1	8724.9021	8725.033936	25	150
229	Spectrogram 1	1	8810.331787	8810.463623	50	175
230	Spectrogram 1	1	8975.654053	8975.785889	25	150
231	Spectrogram 1	1	9025.026611	9025.092529	25	150
232	Spectrogram 1	1	9028.190674	9028.32251	25	150
234	Spectrogram 1	1	9086.132568	9086.264404	0	150
235	Spectrogram 1	1	9088.571533	9088.703369	50	175
236	Spectrogram 1	1	9096.811279	9096.943115	0	150
237	Spectrogram 1	1	9138.932861	9139.130615	0	150
238	Spectrogram 1	1	9163.124756	9163.32251	25	150
239	Spectrogram 1	1	9189.294189	9189.426025	50	175
240	Spectrogram 1	1	9285.534424	9285.798096	0	175
241	Spectrogram 1	1	9293.180908	9293.378662	25	150
242	Spectrogram 1	1	9407.35083	9407.416748	25	150
243	Spectrogram 1	1	9411.701416	9411.833252	50	175
244	Spectrogram 1	1	9415.195068	9415.524658	25	175
245	Spectrogram 1	1	9456.393799	9456.591553	0	150
246	Spectrogram 1	1	9520.334229	9520.400146	25	150
247	Spectrogram 1	1	9527.848877	9527.980713	25	150
248	Spectrogram 1	1	9615.585693	9615.849365	25	175
249	Spectrogram 1	1	9616.838135	9617.035889	0	150
250	Spectrogram 1	1	9648.281006	9648.47876	0	150
251	Spectrogram 1	1	9708.925537	9709.057373	50	175
252	Spectrogram 1	1	9714.396729	9714.594482	25	175
253	Spectrogram 1	1	9722.240967	9722.438721	0	175
254	Spectrogram 1	1	9782.292236	9782.424072	0	150
255	Spectrogram 1	1	9791.454834	9791.520752	100	225
257	Spectrogram 1	1	9923.224854	9923.422607	50	175
258	Spectrogram 1	1	10025.99097	10026.18872	0	175
259	Spectrogram 1	1	10173.38354	10173.51538	25	150
260	Spectrogram 1	1	10207.46313	10207.66089	25	150
261	Spectrogram 1	1	10215.17554	10215.30737	25	150
262	Spectrogram 1	1	10288.73999	10288.87183	25	150
263	Spectrogram 1	1	10320.11694	10320.24878	25	150
264	Spectrogram 1	1	10328.0271	10328.22485	25	150
265	Spectrogram 1	1	10339.56274	10339.62866	50	225
266	Spectrogram 1	1	10354.72388	10354.92163	0	150
267	Spectrogram 1	1	10409.43579	10409.56763	25	150
268	Spectrogram 1	1	10466.323	10466.45483	25	250
269	Spectrogram 1	1	10524.6604	10524.72632	125	250
270	Spectrogram 1	1	10563.81567	10564.01343	25	150
271	Spectrogram 1	1	10614.77026	10614.9021	50	175
272	Spectrogram 1	1	10631.84302	10632.04077	50	175
273	Spectrogram 1	1	10666.38403	10666.58179	25	175
274	Spectrogram 1	1	10715.55884	10715.69067	50	175
275	Spectrogram 1	1	10722.94165	10723.1394	50	175
276	Spectrogram 1	1	10752.40698	10752.67065	0	175
277	Spectrogram 1	1	10766.97485	10767.30444	0	175
278	Spectrogram 1	1	10806.98706	10807.1189	50	175
280	Spectrogram 1	1	10836.25464	10836.32056	50	250
282	Spectrogram 1	1	10881.93579	10882.13354	0	175
283	Spectrogram 1	1	10905.27075	10905.40259	0	150
284	Spectrogram 1	1	10907.18237	10907.31421	25	150
285	Spectrogram 1	1	10911.59888	10911.73071	25	150
286	Spectrogram 1	1	10955.23657	10955.50024	0	175
287	Spectrogram 1	1	10963.47632	10964.33325	0	175
288	Spectrogram 1	1	10968.22241	10968.42017	25	150
289	Spectrogram 1	1	11043.83032	11044.09399	0	150
290	Spectrogram 1	1	11051.87231	11052.13599	0	150
291	Spectrogram 1	1	11060.57349	11060.90308	25	150
292	Spectrogram 1	1	11068.74731	11069.20874	25	150
293	Spectrogram 1	1	11093.13696	11093.46655	0	175
294	Spectrogram 1	1	11100.9812	11101.24487	25	150
295	Spectrogram 1	1	11108.2981	11108.62769	25	150
296	Spectrogram 1	1	11158.72534	11159.05493	25	175
297	Spectrogram 1	1	11166.83325	11167.55835	25	175
299	Spectrogram 1	1	11178.43481	11178.63257	25	150
300	Spectrogram 1	1	11182.38989	11182.7854	0	150
301	Spectrogram 1	1	11187.13599	11187.46558	25	150
302	Spectrogram 1	1	11204.67017	11204.99976	0	175
303	Spectrogram 1	1	11246.46216	11246.9895	25	150
304	Spectrogram 1	1	11251.66968	11251.99927	25	150
305	Spectrogram 1	1	11268.01733	11268.41284	0	175
306	Spectrogram 1	1	11295.83472	11296.09839	25	150
307	Spectrogram 1	1	11311.72095	11312.24829	0	175
308	Spectrogram 1	1	11320.3562	11320.68579	25	175
309	Spectrogram 1	1	11344.08667	11344.41626	0	175
310	Spectrogram 1	1	11359.18188	11359.70923	25	175
311	Spectrogram 1	1	11366.69653	11367.02612	0	175
312	Spectrogram 1	1	11374.60669	11374.93628	25	175
313	Spectrogram 1	1	11383.17603	11383.50562	25	175
314	Spectrogram 1	1	11441.97485	11442.5022	25	175
315	Spectrogram 1	1	11451.20337	11451.59888	25	175
316	Spectrogram 1	1	11475.98853	11476.2522	25	150
317	Spectrogram 1	1	11484.42603	11484.75562	25	150
318	Spectrogram 1	1	11492.00659	11492.4021	25	150
319	Spectrogram 1	1	11535.3147	11535.57837	25	150
320	Spectrogram 1	1	11541.84058	11542.03833	25	150
321	Spectrogram 1	1	11552.58521	11552.84888	25	175
322	Spectrogram 1	1	11589.6311	11589.89478	25	150
323	Spectrogram 1	1	11598.13452	11598.46411	25	175
324	Spectrogram 1	1	11629.05005	11629.37964	0	175
325	Spectrogram 1	1	11645.59546	11645.92505	0	175
326	Spectrogram 1	1	11662.07495	11662.20679	0	175
327	Spectrogram 1	1	11678.15894	11678.48853	25	175
328	Spectrogram 1	1	11686.13501	11686.39868	25	150
329	Spectrogram 1	1	11693.64966	11693.97925	25	175
330	Spectrogram 1	1	11701.55981	11701.8894	25	150
331	Spectrogram 1	1	11708.74487	11709.00854	25	150
332	Spectrogram 1	1	11716.65503	11716.98462	25	150
333	Spectrogram 1	1	11723.84009	11724.16968	25	175
334	Spectrogram 1	1	11732.34351	11732.60718	0	150
335	Spectrogram 1	1	11740.58325	11740.91284	0	175
336	Spectrogram 1	1	11760.82007	11761.21558	0	175
337	Spectrogram 1	1	11774.99243	11775.05835	50	250
340	Spectrogram 1	1	11925.02173	11925.08765	75	250
343	Spectrogram 1	1	12021.78931	12021.92114	50	250
344	Spectrogram 1	1	12022.31665	12022.64624	25	250
345	Spectrogram 1	1	12074.98511	12075.05103	25	225
348	Spectrogram 1	1	12165.82007	12165.88599	50	250
349	Spectrogram 1	1	12173.07104	12173.20288	50	250
351	Spectrogram 1	1	12220.79565	12220.92749	25	225
353	Spectrogram 1	1	12331.7356	12332.46069	25	175
357	Spectrogram 1	1	12529.09399	12529.22583	125	250
358	Spectrogram 1	1	13280.88843	13281.02026	25	250
367	Spectrogram 1	1	14723.9646	14724.29419	25	150
368	Spectrogram 1	1	14731.80884	14732.13843	0	150
370	Spectrogram 1	1	14925.0144	14925.08032	50	200
371	Spectrogram 1	1	15035.88843	15036.02026	25	150
372	Spectrogram 1	1	15824.99243	15825.05835	25	175
373	Spectrogram 1	1	16049.97046	16050.10229	25	250
374	Spectrogram 1	1	17131.75024	17131.948	25	175
375	Spectrogram 1	1	17198.98657	17199.25024	25	150
376	Spectrogram 1	1	17209.66528	17209.79712	25	150
377	Spectrogram 1	1	17218.76196	17219.02563	25	175
378	Spectrogram 1	1	17227.46313	17227.79272	25	150
379	Spectrogram 1	1	17235.30737	17235.57104	25	150
380	Spectrogram 1	1	17239.72388	17239.78979	25	225
381	Spectrogram 1	1	17243.94263	17244.2063	25	150
382	Spectrogram 1	1	17252.6438	17252.90747	25	150
383	Spectrogram 1	1	17261.8064	17262.00415	0	175
384	Spectrogram 1	1	17545.3855	17545.45142	75	225
385	Spectrogram 1	1	17752.03833	17752.17017	0	150
386	Spectrogram 1	1	17760.14624	17760.34399	25	150
387	Spectrogram 1	1	17806.48657	17806.68433	25	150
388	Spectrogram 1	1	17834.04028	17834.30396	25	150
389	Spectrogram 1	1	17837.66577	17837.79761	25	250
390	Spectrogram 1	1	17863.37378	17863.63745	0	175
391	Spectrogram 1	1	17868.44946	17868.51538	125	250
392	Spectrogram 1	1	18045.10962	18045.17554	25	250
394	Spectrogram 1	1	18255.19019	18255.38794	0	150
395	Spectrogram 1	1	18273.84497	18273.97681	25	150
397	Spectrogram 1	1	18289.79712	18289.92896	0	175
398	Spectrogram 1	1	18315.43921	18315.57104	25	150
399	Spectrogram 1	1	18706.39868	18706.66235	0	150
400	Spectrogram 1	1	18717.27515	18717.40698	25	250
401	Spectrogram 1	1	18735.86401	18736.12769	25	150
402	Spectrogram 1	1	18746.27905	18746.54272	25	150
404	Spectrogram 1	1	18886.88208	18887.14575	0	150
405	Spectrogram 1	1	18888.85962	18889.12329	25	150
406	Spectrogram 1	1	18897.2312	18897.42896	25	150
407	Spectrogram 1	1	18950.88843	18951.1521	25	150
408	Spectrogram 1	1	18957.80981	18958.00757	0	125
409	Spectrogram 1	1	18965.52222	18965.78589	25	150
410	Spectrogram 1	1	18970.26831	18970.46606	25	150
411	Spectrogram 1	1	18973.23462	18973.56421	25	175
412	Spectrogram 1	1	18981.27661	18981.54028	25	150
413	Spectrogram 1	1	19135.98608	19136.052	25	200
414	Spectrogram 1	1	19185.29272	19185.49048	25	150
415	Spectrogram 1	1	19187.66577	19187.79761	25	150
416	Spectrogram 1	1	19231.56714	19231.83081	0	150
417	Spectrogram 1	1	19241.45483	19241.71851	25	150
418	Spectrogram 1	1	19246.39868	19246.59644	25	150
419	Spectrogram 1	1	19249.10132	19249.29907	25	150
422	Spectrogram 1	1	19655.28784	19655.41968	25	150
423	Spectrogram 1	1	19683.83032	19683.96216	25	175
424	Spectrogram 1	1	19684.29175	19684.42358	0	175
425	Spectrogram 1	1	19689.43335	19689.6311	25	150
426	Spectrogram 1	1	19698.66187	19698.92554	25	150
427	Spectrogram 1	1	19702.0896	19702.22144	25	175
428	Spectrogram 1	1	19707.82446	19707.9563	25	150
429	Spectrogram 1	1	19710.85669	19710.98853	50	175
430	Spectrogram 1	1	19755.35132	19755.48315	25	175
431	Spectrogram 1	1	19764.38208	19764.51392	25	175
432	Spectrogram 1	1	19783.56421	19783.69604	50	175
433	Spectrogram 1	1	19822.98315	19823.18091	25	175
434	Spectrogram 1	1	19832.34351	19832.47534	50	175
435	Spectrogram 1	1	19877.8269	19878.02466	50	175
436	Spectrogram 1	1	19889.95581	19890.08765	25	150
437	Spectrogram 1	1	19898.7229	19898.98657	25	150
440	Spectrogram 1	1	20080.45874	20080.59058	50	175
442	Spectrogram 1	1	20147.23364	20147.36548	25	150
444	Spectrogram 1	1	20328.37622	20328.50806	50	175
445	Spectrogram 1	1	20448.47876	20448.67651	50	175
446	Spectrogram 1	1	20451.90649	20452.03833	25	150
447	Spectrogram 1	1	20490.7981	20491.1936	25	150
448	Spectrogram 1	1	20499.56519	20499.96069	25	150
449	Spectrogram 1	1	20541.68677	20541.75269	0	150
457	Spectrogram 1	1	20851.83081	20852.02856	50	175
458	Spectrogram 1	1	20934.82153	20934.95337	25	150
459	Spectrogram 1	1	20951.63062	20951.82837	25	150
460	Spectrogram 1	1	20991.11548	20991.1814	0	150
461	Spectrogram 1	1	21031.85278	21032.11646	50	175
462	Spectrogram 1	1	21034.4895	21034.62134	25	150
463	Spectrogram 1	1	21059.99976	21060.13159	25	175
464	Spectrogram 1	1	21061.12036	21061.31812	25	175
466	Spectrogram 1	1	21069.16235	21069.36011	50	175
467	Spectrogram 1	1	21070.28296	21070.48071	50	175
469	Spectrogram 1	1	21088.60815	21088.73999	25	175
470	Spectrogram 1	1	21093.88159	21094.07935	50	175
471	Spectrogram 1	1	21096.78198	21096.97974	25	175
472	Spectrogram 1	1	21180.36597	21180.56372	0	150
473	Spectrogram 1	1	21204.49194	21204.6897	25	175
474	Spectrogram 1	1	21214.90698	21215.17065	25	150
475	Spectrogram 1	1	21241.80151	21241.93335	25	175
476	Spectrogram 1	1	21251.88696	21251.95288	25	150
480	Spectrogram 1	1	21313.58618	21314.11353	0	150
481	Spectrogram 1	1	21374.62622	21374.75806	25	175
482	Spectrogram 1	1	21375.68091	21375.81274	25	175
483	Spectrogram 1	1	21381.28394	21381.41577	50	175
484	Spectrogram 1	1	21394.26978	21394.46753	25	175
485	Spectrogram 1	1	21449.44312	21449.57495	25	150
486	Spectrogram 1	1	21466.64771	21466.97729	25	175
489	Spectrogram 1	1	21484.05005	21484.18188	25	175
490	Spectrogram 1	1	21490.97144	21491.10327	25	175
491	Spectrogram 1	1	21516.81128	21517.00903	50	175
492	Spectrogram 1	1	21531.77466	21531.90649	50	175
493	Spectrogram 1	1	21547.72681	21547.85864	0	125
494	Spectrogram 1	1	21627.75122	21627.88306	25	150
495	Spectrogram 1	1	21656.55737	21656.82104	25	175
496	Spectrogram 1	1	21725.37573	21725.44165	25	150
497	Spectrogram 1	1	21735.72485	21735.92261	50	175
498	Spectrogram 1	1	21747.32642	21747.45825	25	150
499	Spectrogram 1	1	21772.37524	21772.573	25	150
500	Spectrogram 1	1	21778.57153	21778.63745	100	225
501	Spectrogram 1	1	21810.93726	21811.13501	0	150
503	Spectrogram 1	1	21899.72876	21899.99243	50	175
504	Spectrogram 1	1	21949.43091	21949.56274	50	175
505	Spectrogram 1	1	21958.72534	21958.9231	25	175
506	Spectrogram 1	1	21994.65063	21994.84839	25	175
507	Spectrogram 1	1	22003.41772	22003.54956	25	175
508	Spectrogram 1	1	22008.16382	22008.29565	25	150
513	Spectrogram 1	1	22030.24634	22030.51001	25	150
514	Spectrogram 1	1	22048.17603	22048.4397	25	175
515	Spectrogram 1	1	22049.23071	22049.36255	25	150
516	Spectrogram 1	1	22069.20386	22069.40161	0	150
517	Spectrogram 1	1	22072.36792	22072.56567	25	150
518	Spectrogram 1	1	22091.15454	22091.35229	25	150
519	Spectrogram 1	1	22096.62573	22096.82349	50	175
520	Spectrogram 1	1	22141.12036	22141.44995	0	150
521	Spectrogram 1	1	22165.64185	22165.77368	0	150
523	Spectrogram 1	1	22194.18433	22194.38208	25	150
524	Spectrogram 1	1	22320.87866	22321.0105	50	175
525	Spectrogram 1	1	22360.56128	22360.69312	25	150
527	Spectrogram 1	1	22430.50024	22430.56616	50	175
528	Spectrogram 1	1	22473.34692	22473.6106	50	175
529	Spectrogram 1	1	22486.33276	22486.4646	0	150
530	Spectrogram 1	1	22493.58374	22493.78149	25	175
531	Spectrogram 1	1	22520.9397	22521.13745	25	150
532	Spectrogram 1	1	22530.10229	22530.36597	25	150
534	Spectrogram 1	1	22563.19312	22563.32495	25	175
535	Spectrogram 1	1	22563.78638	22563.91821	50	175
536	Spectrogram 1	1	22574.53101	22574.66284	50	175
537	Spectrogram 1	1	22575.58569	22575.84937	50	175
538	Spectrogram 1	1	22581.78198	22581.91382	50	175
539	Spectrogram 1	1	22609.7312	22610.06079	25	150
540	Spectrogram 1	1	22660.81763	22661.01538	25	150
541	Spectrogram 1	1	22671.3645	22671.62817	25	150
542	Spectrogram 1	1	22679.93384	22680.13159	25	175
543	Spectrogram 1	1	22760.94702	22761.07886	50	175
544	Spectrogram 1	1	22783.6228	22783.82056	25	150
545	Spectrogram 1	1	22786.9187	22786.98462	0	150
546	Spectrogram 1	1	22814.60425	22814.67017	25	150
549	Spectrogram 1	1	22914.27222	22914.60181	25	150
550	Spectrogram 1	1	22973.20288	22973.2688	50	175
551	Spectrogram 1	1	22992.7146	22992.84644	25	150
552	Spectrogram 1	1	23006.95288	23007.15063	50	175
553	Spectrogram 1	1	23051.7771	23052.04077	25	150
554	Spectrogram 1	1	23089.35034	23089.5481	25	150
555	Spectrogram 1	1	23117.49731	23117.69507	25	150
556	Spectrogram 1	1	23168.32007	23168.4519	50	175
557	Spectrogram 1	1	23208.66187	23208.7937	25	150
558	Spectrogram 1	1	23217.69263	23217.82446	25	150
559	Spectrogram 1	1	23231.93091	23232.06274	25	150
560	Spectrogram 1	1	23302.46313	23302.59497	25	150
561	Spectrogram 1	1	23311.69165	23311.82349	25	150
562	Spectrogram 1	1	23337.86108	23338.12476	25	150
563	Spectrogram 1	1	23347.22144	23348.21021	25	175
564	Spectrogram 1	1	23355.59302	23355.79077	25	150
565	Spectrogram 1	1	23363.83276	23364.03052	25	175
566	Spectrogram 1	1	23364.95337	23365.21704	25	175
567	Spectrogram 1	1	23391.8479	23392.11157	25	150
568	Spectrogram 1	1	23445.37329	23445.50513	25	175
569	Spectrogram 1	1	23447.74634	23447.94409	50	175
570	Spectrogram 1	1	23448.86694	23449.13062	25	175
571	Spectrogram 1	1	23467.7854	23467.98315	25	150
572	Spectrogram 1	1	23476.02515	23476.15698	50	175
573	Spectrogram 1	1	23494.02075	23494.28442	50	175
574	Spectrogram 1	1	23526.8479	23526.97974	75	200
575	Spectrogram 1	1	23582.54858	23582.68042	50	175
576	Spectrogram 1	1	23632.90991	23633.04175	50	175
577	Spectrogram 1	1	23679.84351	23680.04126	25	150
578	Spectrogram 1	1	23720.38306	23720.51489	50	175
579	Spectrogram 1	1	23736.79663	23736.92847	50	175
581	Spectrogram 1	1	23760.92261	23761.18628	0	150
582	Spectrogram 1	1	23779.05005	23779.2478	0	150
583	Spectrogram 1	1	23782.47778	23782.74146	0	150
584	Spectrogram 1	1	23791.77222	23792.03589	25	150
585	Spectrogram 1	1	23811.1521	23811.48169	25	150
586	Spectrogram 1	1	23821.03979	23821.23755	25	175
587	Spectrogram 1	1	23834.22339	23834.42114	50	175
588	Spectrogram 1	1	23836.92603	23837.1897	25	150
589	Spectrogram 1	1	23841.67212	23841.80396	50	175
590	Spectrogram 1	1	23867.51196	23867.70972	0	175
591	Spectrogram 1	1	23886.03491	23886.29858	25	150
592	Spectrogram 1	1	23906.40356	23906.5354	50	175
593	Spectrogram 1	1	23911.54517	23911.677	50	175
595	Spectrogram 1	1	23963.42261	23963.81812	25	150
596	Spectrogram 1	1	23990.1853	23990.77856	25	150
597	Spectrogram 1	1	24000.00708	24000.073	50	175
599	Spectrogram 1	1	24092.42407	24092.48999	0	200
600	Spectrogram 1	1	24127.69019	24127.88794	25	175
601	Spectrogram 1	1	24135.86401	24136.32544	25	175
602	Spectrogram 1	1	24167.70239	24167.90015	25	150
603	Spectrogram 1	1	24289.65063	24289.78247	50	175
604	Spectrogram 1	1	24299.86792	24300.06567	50	175
605	Spectrogram 1	1	24301.44995	24301.58179	0	225
607	Spectrogram 1	1	24335.13403	24335.26587	50	175
608	Spectrogram 1	1	24345.48315	24345.81274	25	150
609	Spectrogram 1	1	24371.85034	24371.98218	25	150
611	Spectrogram 1	1	24405.00708	24405.53442	25	175
612	Spectrogram 1	1	24418.98169	24419.24536	25	175
613	Spectrogram 1	1	24427.74878	24427.88062	25	175
614	Spectrogram 1	1	24436.31812	24436.64771	25	150
615	Spectrogram 1	1	24443.76685	24443.89868	25	175
619	Spectrogram 1	1	24584.56763	24584.69946	50	175
620	Spectrogram 1	1	24603.552	24603.74976	25	150
621	Spectrogram 1	1	24613.30786	24613.50562	25	150
622	Spectrogram 1	1	24641.45483	24641.58667	25	150
623	Spectrogram 1	1	24666.76733	24666.89917	50	175
624	Spectrogram 1	1	24694.58472	24694.98022	50	175
625	Spectrogram 1	1	24697.48511	24697.61694	0	150
626	Spectrogram 1	1	24719.04028	24719.17212	50	175
627	Spectrogram 1	1	24752.26294	24752.39478	50	175
628	Spectrogram 1	1	24796.23022	24796.42798	50	175
629	Spectrogram 1	1	24837.89038	24838.02222	50	175
630	Spectrogram 1	1	24879.74829	24879.88013	25	150
631	Spectrogram 1	1	24907.36792	24907.63159	50	175
632	Spectrogram 1	1	24949.15991	24949.22583	25	150
633	Spectrogram 1	1	25004.46509	25004.59692	25	150
634	Spectrogram 1	1	25062.4729	25062.60474	0	150
636	Spectrogram 1	1	25080.86401	25081.06177	50	175
637	Spectrogram 1	1	25089.89478	25090.02661	50	175
638	Spectrogram 1	1	25099.05737	25099.25513	50	175
639	Spectrogram 1	1	25117.58032	25117.64624	25	150
640	Spectrogram 1	1	25140.05835	25140.19019	0	150
641	Spectrogram 1	1	25146.38647	25146.51831	50	175
642	Spectrogram 1	1	25189.62866	25189.69458	50	250
643	Spectrogram 1	1	25237.22144	25237.41919	25	175
644	Spectrogram 1	1	25252.31665	25252.44849	25	150
645	Spectrogram 1	1	25263.65454	25263.78638	25	175
646	Spectrogram 1	1	25290.35132	25290.61499	0	150
647	Spectrogram 1	1	25305.44653	25305.71021	25	150
648	Spectrogram 1	1	25339.59204	25339.78979	25	150
649	Spectrogram 1	1	25351.58911	25351.72095	25	150
650	Spectrogram 1	1	25367.47534	25367.80493	50	200
651	Spectrogram 1	1	25375.51733	25375.84692	25	150
652	Spectrogram 1	1	25414.93628	25415.13403	0	175
653	Spectrogram 1	1	25424.95581	25425.21948	50	175
654	Spectrogram 1	1	25435.37085	25435.5686	50	175
655	Spectrogram 1	1	25443.01733	25443.21509	50	175
656	Spectrogram 1	1	25450.20239	25450.40015	0	200
657	Spectrogram 1	1	25452.50952	25452.64136	25	175
658	Spectrogram 1	1	25459.62866	25459.7605	25	175
659	Spectrogram 1	1	25480.59058	25480.78833	50	175
660	Spectrogram 1	1	25489.09399	25489.22583	50	175
661	Spectrogram 1	1	25511.83569	25511.96753	25	150
662	Spectrogram 1	1	25621.65503	25621.78687	25	150
664	Spectrogram 1	1	25676.23511	25676.36694	25	175
667	Spectrogram 1	1	25779.92407	25780.05591	25	150
668	Spectrogram 1	1	25788.16382	25788.29565	25	150
670	Spectrogram 1	1	25820.19995	25820.46362	25	175
671	Spectrogram 1	1	25834.3064	25834.43823	25	175
672	Spectrogram 1	1	25842.80981	25843.00757	50	175
673	Spectrogram 1	1	25851.51099	25851.77466	50	175
676	Spectrogram 1	1	25904.90454	25905.23413	0	175
677	Spectrogram 1	1	25913.60571	25913.86938	25	175
678	Spectrogram 1	1	25923.22974	25923.36157	50	175
679	Spectrogram 1	1	25974.38208	25974.57983	25	150
680	Spectrogram 1	1	25991.85034	25991.98218	50	175
681	Spectrogram 1	1	26010.37329	26010.50513	25	175
682	Spectrogram 1	1	26040.10229	26040.23413	25	175
683	Spectrogram 1	1	26059.08667	26059.28442	0	175
684	Spectrogram 1	1	26067.39233	26067.52417	0	175
685	Spectrogram 1	1	26076.48901	26076.62085	50	175
686	Spectrogram 1	1	26112.48022	26112.7439	0	175
687	Spectrogram 1	1	26120.32446	26120.58813	25	175
688	Spectrogram 1	1	26127.70728	26127.90503	50	175
689	Spectrogram 1	1	26129.68481	26130.0144	50	175
690	Spectrogram 1	1	26136.73804	26136.93579	50	175
691	Spectrogram 1	1	26145.90063	26146.03247	50	175
692	Spectrogram 1	1	26158.82056	26158.95239	0	175
693	Spectrogram 1	1	26166.99438	26167.12622	25	175
695	Spectrogram 1	1	26176.948	26177.21167	25	175
696	Spectrogram 1	1	26186.44019	26186.57202	25	175
697	Spectrogram 1	1	26234.16479	26234.36255	0	150
698	Spectrogram 1	1	26334.22827	26334.42603	50	175
699	Spectrogram 1	1	26345.23657	26345.43433	25	150
700	Spectrogram 1	1	26353.54224	26353.80591	25	175
701	Spectrogram 1	1	26358.15649	26358.28833	25	175
702	Spectrogram 1	1	26365.27563	26365.47339	25	150
703	Spectrogram 1	1	26414.18677	26414.38452	25	175
704	Spectrogram 1	1	26438.97192	26439.10376	25	150
705	Spectrogram 1	1	26475.82007	26475.9519	25	150
706	Spectrogram 1	1	26484.65308	26484.78491	25	150
707	Spectrogram 1	1	26488.87183	26489.00366	0	150
708	Spectrogram 1	1	26497.44116	26497.573	25	150
709	Spectrogram 1	1	26505.15356	26505.35132	25	175
710	Spectrogram 1	1	26537.1897	26537.32153	25	175
711	Spectrogram 1	1	26565.92993	26566.06177	25	175
712	Spectrogram 1	1	26566.32544	26566.45728	25	175
713	Spectrogram 1	1	26598.29565	26598.42749	50	175
714	Spectrogram 1	1	26646.41577	26646.54761	25	150
715	Spectrogram 1	1	26654.85327	26655.18286	25	150
716	Spectrogram 1	1	26675.68335	26675.81519	25	150
717	Spectrogram 1	1	26729.47241	26729.60425	25	175
718	Spectrogram 1	1	26782.80005	26782.9978	25	175
720	Spectrogram 1	1	26879.04028	26879.17212	25	150
721	Spectrogram 1	1	26928.21509	26928.34692	0	175
722	Spectrogram 1	1	26932.69751	26933.0271	25	150
723	Spectrogram 1	1	26936.12524	26936.38892	0	175
724	Spectrogram 1	1	26944.0354	26944.29907	25	150
725	Spectrogram 1	1	26952.67065	26953.00024	25	175
726	Spectrogram 1	1	26956.75757	26957.02124	50	175
727	Spectrogram 1	1	26960.1853	26960.38306	50	175
728	Spectrogram 1	1	26969.74341	26969.94116	50	175
729	Spectrogram 1	1	26977.85132	26977.98315	50	175
730	Spectrogram 1	1	26983.45435	26983.84985	25	175
731	Spectrogram 1	1	27004.67993	27005.07544	0	175
732	Spectrogram 1	1	27012.72192	27012.85376	50	175
734	Spectrogram 1	1	27029.79468	27029.92651	50	175
735	Spectrogram 1	1	27036.32056	27036.45239	25	150
737	Spectrogram 1	1	27038.62769	27038.82544	50	175
738	Spectrogram 1	1	27046.80151	27047.1311	0	175
739	Spectrogram 1	1	27054.97534	27055.1731	50	175
740	Spectrogram 1	1	27060.71021	27060.84204	25	150
741	Spectrogram 1	1	27090.70288	27090.90063	50	175
742	Spectrogram 1	1	27134.01099	27134.27466	50	175
743	Spectrogram 1	1	27142.25073	27142.5144	50	175
744	Spectrogram 1	1	27151.61108	27151.80884	0	175
745	Spectrogram 1	1	27167.29956	27167.4314	25	150
746	Spectrogram 1	1	27187.47046	27187.66821	25	175
747	Spectrogram 1	1	27205.13647	27205.40015	25	175
748	Spectrogram 1	1	27213.11255	27213.24438	50	175
749	Spectrogram 1	1	27221.22046	27221.55005	50	175
750	Spectrogram 1	1	27223.9231	27224.12085	0	175
751	Spectrogram 1	1	27227.81226	27228.07593	25	175
752	Spectrogram 1	1	27236.052	27236.18384	50	175
753	Spectrogram 1	1	27256.68433	27256.81616	50	175
755	Spectrogram 1	1	27285.9519	27286.08374	25	150
756	Spectrogram 1	1	27292.21411	27292.47778	25	175
757	Spectrogram 1	1	27351.80396	27352.00171	25	150
758	Spectrogram 1	1	27377.44604	27377.84155	0	150
759	Spectrogram 1	1	27385.81763	27386.27905	25	175
760	Spectrogram 1	1	27397.15552	27397.28735	0	150
761	Spectrogram 1	1	27408.03198	27408.42749	25	150
762	Spectrogram 1	1	27419.63354	27419.8313	50	175
763	Spectrogram 1	1	27428.59839	27428.79614	25	175
764	Spectrogram 1	1	27433.67407	27433.93774	50	175
765	Spectrogram 1	1	27457.9978	27458.19556	0	150
768	Spectrogram 1	1	27480.0144	27480.27808	25	175
769	Spectrogram 1	1	27489.04517	27489.30884	25	175
771	Spectrogram 1	1	27539.86792	27539.99976	50	175
772	Spectrogram 1	1	27547.5144	27547.64624	25	150
773	Spectrogram 1	1	27636.70142	27636.89917	50	175
774	Spectrogram 1	1	27648.63257	27648.83032	50	175
775	Spectrogram 1	1	27657.26782	27657.53149	25	150
777	Spectrogram 1	1	27705.05835	27705.19019	50	175
779	Spectrogram 1	1	27712.30933	27712.573	50	175
780	Spectrogram 1	1	27737.22632	27737.62183	0	150
781	Spectrogram 1	1	27740.58813	27740.85181	25	175
782	Spectrogram 1	1	27767.94409	27768.27368	0	175
783	Spectrogram 1	1	27771.6355	27771.83325	25	150
784	Spectrogram 1	1	27784.55542	27784.75317	50	175
785	Spectrogram 1	1	27827.66577	27827.86353	50	175
786	Spectrogram 1	1	27840.51978	27840.78345	25	150
787	Spectrogram 1	1	27842.49731	27842.62915	50	175
788	Spectrogram 1	1	27867.67798	27868.00757	25	150
789	Spectrogram 1	1	27916.9187	27917.38013	0	175
791	Spectrogram 1	1	27921.79663	27921.99438	25	175
794	Spectrogram 1	1	27956.86499	27957.12866	50	175
795	Spectrogram 1	1	27976.83813	27977.16772	25	150
796	Spectrogram 1	1	27991.47192	27991.60376	25	150
797	Spectrogram 1	1	27995.03149	27995.22925	25	150
799	Spectrogram 1	1	28022.65112	28022.84888	50	175
803	Spectrogram 1	1	28048.55688	28048.75464	50	175
804	Spectrogram 1	1	28072.8147	28072.94653	50	175
805	Spectrogram 1	1	28074.98999	28075.18774	25	150
806	Spectrogram 1	1	28081.05444	28081.31812	0	175
808	Spectrogram 1	1	28152.77319	28152.90503	50	175
809	Spectrogram 1	1	28241.03735	28241.23511	50	175
810	Spectrogram 1	1	28250.0022	28250.26587	25	175
814	Spectrogram 1	1	28276.63306	28276.76489	0	150
815	Spectrogram 1	1	28282.96118	28283.22485	0	125
816	Spectrogram 1	1	28323.7644	28324.02808	25	150
817	Spectrogram 1	1	28347.29712	28347.49487	50	200
818	Spectrogram 1	1	28400.95435	28401.1521	50	175
819	Spectrogram 1	1	28426.20093	28426.4646	0	150
820	Spectrogram 1	1	28463.77417	28463.90601	50	175
822	Spectrogram 1	1	28494.6897	28494.95337	25	175
823	Spectrogram 1	1	28503.32495	28503.45679	50	175
824	Spectrogram 1	1	28531.34009	28531.53784	50	175
825	Spectrogram 1	1	28539.51392	28539.71167	50	200
826	Spectrogram 1	1	28548.28101	28548.47876	50	175
828	Spectrogram 1	1	28567.79272	28567.92456	0	150
829	Spectrogram 1	1	28571.81372	28572.20923	25	175
830	Spectrogram 1	1	28593.63257	28593.7644	50	175
831	Spectrogram 1	1	28596.99438	28597.12622	50	175
832	Spectrogram 1	1	28606.2229	28606.68433	25	150
833	Spectrogram 1	1	28609.98022	28610.2439	25	175
834	Spectrogram 1	1	28619.01099	28619.20874	50	175
835	Spectrogram 1	1	28655.46362	28655.66138	25	150
837	Spectrogram 1	1	28695.14624	28695.21216	0	175
840	Spectrogram 1	1	28744.45288	28744.71655	25	150
841	Spectrogram 1	1	28799.49438	28799.82397	25	150
842	Spectrogram 1	1	28840.82495	28841.02271	25	150
843	Spectrogram 1	1	28864.22583	28864.4895	25	150
844	Spectrogram 1	1	28868.84009	28868.97192	50	175
845	Spectrogram 1	1	28872.46558	28872.72925	25	150
847	Spectrogram 1	1	28936.14233	28936.27417	0	150
848	Spectrogram 1	1	28962.50952	28962.70728	50	175
849	Spectrogram 1	1	29008.45435	29008.58618	0	175
850	Spectrogram 1	1	29037.65601	29037.85376	25	150
851	Spectrogram 1	1	29057.95874	29058.15649	50	175
852	Spectrogram 1	1	29067.25317	29067.45093	50	175
853	Spectrogram 1	1	29074.89966	29075.22925	25	150
854	Spectrogram 1	1	29082.61206	29082.7439	25	175
855	Spectrogram 1	1	29097.11401	29097.24585	50	175
856	Spectrogram 1	1	29122.55835	29122.7561	25	175
859	Spectrogram 1	1	29213.19556	29213.39331	50	175
860	Spectrogram 1	1	29220.38062	29220.64429	50	200
861	Spectrogram 1	1	29224.59937	29224.79712	50	175
862	Spectrogram 1	1	29233.03687	29233.1687	50	175
863	Spectrogram 1	1	29241.86987	29242.00171	50	175
864	Spectrogram 1	1	29246.94556	29247.14331	50	175
865	Spectrogram 1	1	29273.04907	29273.18091	25	175
866	Spectrogram 1	1	29284.12329	29284.18921	50	175
867	Spectrogram 1	1	29289.85815	29290.05591	25	175
870	Spectrogram 1	1	29365.46606	29365.72974	50	175
871	Spectrogram 1	1	29400.00708	29400.53442	0	150
872	Spectrogram 1	1	29413.98169	29414.04761	50	175
873	Spectrogram 1	1	29420.17798	29420.30981	25	175
874	Spectrogram 1	1	29434.87769	29435.07544	25	150
876	Spectrogram 1	1	29449.57739	29449.77515	50	175
878	Spectrogram 1	1	29468.2981	29468.49585	25	175
879	Spectrogram 1	1	29483.98657	29484.18433	25	200
880	Spectrogram 1	1	29494.07202	29494.53345	50	175
881	Spectrogram 1	1	29511.6062	29511.73804	50	175
882	Spectrogram 1	1	29518.198	29518.39575	50	175
883	Spectrogram 1	1	29526.83325	29527.09692	50	175
884	Spectrogram 1	1	29574.49194	29574.62378	25	175
885	Spectrogram 1	1	29577.72192	29577.85376	0	150
886	Spectrogram 1	1	29587.28003	29587.60962	25	175
887	Spectrogram 1	1	29603.82544	29604.08911	0	175
888	Spectrogram 1	1	29636.52075	29636.91626	0	175
889	Spectrogram 1	1	29659.65796	29659.78979	50	175
892	Spectrogram 1	1	29720.30249	29720.43433	50	175
894	Spectrogram 1	1	29790.30737	29790.7688	25	175
895	Spectrogram 1	1	29807.70972	29807.90747	50	175
896	Spectrogram 1	1	29834.802	29834.99976	25	150
897	Spectrogram 1	1	29842.90991	29842.97583	50	175
898	Spectrogram 1	1	29869.80444	29870.19995	0	175
899	Spectrogram 1	1	29922.4729	29922.60474	50	175
901	Spectrogram 1	1	29948.24683	29948.5105	0	175
903	Spectrogram 1	1	29972.17505	29972.30688	75	200
904	Spectrogram 1	1	29981.40356	29981.5354	50	175
905	Spectrogram 1	1	30019.17456	30019.3064	50	175
907	Spectrogram 1	1	30093.99146	30094.25513	50	175
908	Spectrogram 1	1	30185.74927	30185.8811	25	175
909	Spectrogram 1	1	30190.23169	30190.42944	0	150
910	Spectrogram 1	1	30202.03101	30202.16284	0	150
911	Spectrogram 1	1	30215.08276	30215.14868	0	150
912	Spectrogram 1	1	30226.09106	30226.2229	50	175
913	Spectrogram 1	1	30259.44556	30259.70923	50	175
916	Spectrogram 1	1	30354.16968	30354.43335	50	175
917	Spectrogram 1	1	30358.84985	30358.98169	25	150
918	Spectrogram 1	1	30362.80493	30363.00269	25	150
919	Spectrogram 1	1	30365.90308	30366.03491	25	175
920	Spectrogram 1	1	30373.41772	30373.61548	50	175
925	Spectrogram 1	1	30542.76099	30542.95874	25	150
926	Spectrogram 1	1	30550.27563	30550.40747	25	175
927	Spectrogram 1	1	30554.69214	30554.82397	50	175
928	Spectrogram 1	1	30588.37622	30588.50806	0	150
929	Spectrogram 1	1	30648.0979	30648.16382	0	150
930	Spectrogram 1	1	30667.93921	30668.07104	25	150
931	Spectrogram 1	1	30699.18433	30699.38208	50	175
935	Spectrogram 1	1	30809.06958	30809.20142	0	175
937	Spectrogram 1	1	30865.09985	30865.42944	0	175
938	Spectrogram 1	1	30951.91382	30952.04565	0	150
939	Spectrogram 1	1	30960.15356	30960.2854	0	150
940	Spectrogram 1	1	31065.35864	31065.42456	25	150
942	Spectrogram 1	1	31193.43726	31193.63501	25	150
943	Spectrogram 1	1	31201.34741	31201.54517	25	150
944	Spectrogram 1	1	31269.177	31269.30884	0	150
945	Spectrogram 1	1	31323.55933	31323.75708	0	175
948	Spectrogram 1	1	31350.58569	31350.78345	25	150
950	Spectrogram 1	1	31563.17114	31563.43481	0	150
951	Spectrogram 1	1	31571.54272	31571.8064	25	150
952	Spectrogram 1	1	31580.30981	31580.6394	0	175
953	Spectrogram 1	1	31584.6604	31584.98999	0	150
956	Spectrogram 1	1	31683.99878	31684.26245	25	150
957	Spectrogram 1	1	31708.71802	31708.84985	25	150
958	Spectrogram 1	1	31762.24341	31762.44116	25	150
959	Spectrogram 1	1	31836.13745	31836.33521	25	150
960	Spectrogram 1	1	31858.6814	31859.0769	25	175
962	Spectrogram 1	1	31871.60132	31871.66724	50	175
964	Spectrogram 1	1	31879.70923	31879.9729	25	150
965	Spectrogram 1	1	31922.68774	31922.81958	25	150
966	Spectrogram 1	1	31976.60864	31976.87231	25	150
967	Spectrogram 1	1	32049.38208	32049.51392	0	175
969	Spectrogram 1	1	32115.69556	32115.89331	0	150
970	Spectrogram 1	1	32120.11206	32120.44165	25	150
972	Spectrogram 1	1	32132.30688	32132.43872	25	150
975	Spectrogram 1	1	32164.73853	32165.06812	25	150
976	Spectrogram 1	1	32169.35278	32169.4187	25	150
977	Spectrogram 1	1	32177.46069	32177.65845	25	150
978	Spectrogram 1	1	32181.41577	32181.54761	25	150
979	Spectrogram 1	1	32212.39722	32212.52905	25	175
982	Spectrogram 1	1	32341.13501	32341.26685	25	150
983	Spectrogram 1	1	32345.74927	32346.07886	25	150
984	Spectrogram 1	1	32349.83618	32349.96802	25	150
985	Spectrogram 1	1	32354.45044	32354.78003	25	150
986	Spectrogram 1	1	32358.27368	32358.53735	0	150
987	Spectrogram 1	1	32400.79077	32400.85669	0	150
988	Spectrogram 1	1	32403.22974	32403.49341	0	150
990	Spectrogram 1	1	32420.30249	32420.43433	0	150
993	Spectrogram 1	1	32488.98901	32489.12085	25	150
994	Spectrogram 1	1	32500.39282	32500.59058	25	150
995	Spectrogram 1	1	32533.21997	32533.48364	25	150
996	Spectrogram 1	1	32544.03052	32544.16235	0	175
999	Spectrogram 1	1	32564.99243	32565.19019	25	150
1001	Spectrogram 1	1	32605.07056	32605.5979	25	150
1002	Spectrogram 1	1	32613.17847	32613.50806	0	150
1003	Spectrogram 1	1	32639.61157	32639.80933	25	150
1004	Spectrogram 1	1	32646.99438	32647.19214	25	150
1005	Spectrogram 1	1	32653.98169	32654.24536	25	150
1006	Spectrogram 1	1	32657.6731	32657.80493	0	175
1007	Spectrogram 1	1	32677.1189	32677.25073	50	175
1008	Spectrogram 1	1	32680.87622	32681.00806	0	150
1009	Spectrogram 1	1	32757.73657	32758.00024	25	175
1010	Spectrogram 1	1	32779.22583	32779.42358	25	175
1011	Spectrogram 1	1	32795.17798	32795.37573	25	150
1012	Spectrogram 1	1	32798.73755	32798.9353	25	150
1013	Spectrogram 1	1	32802.9563	32803.21997	0	150
1014	Spectrogram 1	1	32810.27319	32810.53687	25	150
1015	Spectrogram 1	1	32825.698	32826.02759	25	150
1016	Spectrogram 1	1	32882.91479	32883.11255	25	150
1017	Spectrogram 1	1	32931.3645	32931.56226	25	150
1018	Spectrogram 1	1	32942.96606	32943.22974	50	175
1019	Spectrogram 1	1	32947.90991	32948.17358	50	175
1020	Spectrogram 1	1	32951.5354	32951.73315	50	175
1021	Spectrogram 1	1	32960.76392	32960.96167	0	175
1022	Spectrogram 1	1	32965.24634	32965.44409	25	175
1023	Spectrogram 1	1	32968.80591	32969.46509	0	175
1024	Spectrogram 1	1	32972.95874	32973.35425	25	150
1025	Spectrogram 1	1	32976.45239	32976.71606	0	175
1026	Spectrogram 1	1	32984.23071	32984.62622	25	175
1027	Spectrogram 1	1	33046.1936	33046.39136	0	175
1028	Spectrogram 1	1	33093.98413	33094.37964	25	150
1029	Spectrogram 1	1	33119.23071	33119.62622	25	150
1030	Spectrogram 1	1	33143.15894	33143.68628	25	150
1031	Spectrogram 1	1	33159.57251	33159.96802	25	150
1032	Spectrogram 1	1	33193.58618	33193.84985	25	175
1034	Spectrogram 1	1	33384.94604	33385.01196	25	250
1041	Spectrogram 1	1	33615.5271	33615.59302	25	175
1054	Spectrogram 1	1	33734.24536	33734.44312	0	125
1057	Spectrogram 1	1	33906.15942	33906.22534	100	250
1084	Spectrogram 1	1	34705.94214	34706.00806	50	250
1085	Spectrogram 1	1	34800.00708	34800.073	25	250
1087	Spectrogram 1	1	34921.55981	34921.75757	0	150
1088	Spectrogram 1	1	34959.13306	34959.26489	0	225
1089	Spectrogram 1	1	34989.71899	34989.78491	25	175
1090	Spectrogram 1	1	35025.38062	35025.51245	25	150
1091	Spectrogram 1	1	35156.62329	35157.0188	25	150
1092	Spectrogram 1	1	35161.10571	35161.23755	0	150
1108	Spectrogram 1	1	35311.00317	35311.26685	25	175
1109	Spectrogram 1	1	35335.19507	35335.59058	25	150
1110	Spectrogram 1	1	35337.04077	35337.23853	25	150
1111	Spectrogram 1	1	35346.00562	35346.20337	50	225
1112	Spectrogram 1	1	35373.22974	35373.49341	0	150
1116	Spectrogram 1	1	35414.09888	35414.29663	25	150
1117	Spectrogram 1	1	35422.27271	35422.66821	50	175
1127	Spectrogram 1	1	35512.71216	35512.90991	25	175
1129	Spectrogram 1	1	35524.51147	35524.84106	25	150
1130	Spectrogram 1	1	35529.71899	35529.91675	50	175
1143	Spectrogram 1	1	35598.80103	35599.0647	25	150
1148	Spectrogram 1	1	35646.13013	35646.32788	25	150
1150	Spectrogram 1	1	35655.09497	35655.22681	25	150
1153	Spectrogram 1	1	35697.61206	35698.00757	25	150
1154	Spectrogram 1	1	35705.65405	35706.11548	25	150
1155	Spectrogram 1	1	35715.60767	35715.93726	25	175
1156	Spectrogram 1	1	35725.56128	35725.69312	25	150
1157	Spectrogram 1	1	35754.10376	35754.30151	25	175
1158	Spectrogram 1	1	35762.27759	35762.60718	25	150
1160	Spectrogram 1	1	35778.823	35779.02075	25	175
1174	Spectrogram 1	1	35858.32007	35858.51782	25	175
1179	Spectrogram 1	1	35901.29858	35901.56226	25	150
1180	Spectrogram 1	1	35906.30835	35906.44019	50	175
1181	Spectrogram 1	1	35914.74585	35915.14136	25	175
1182	Spectrogram 1	1	35918.37134	35918.70093	25	150
1183	Spectrogram 1	1	35923.18335	35923.44702	25	150
1189	Spectrogram 1	1	35983.69604	35983.76196	25	175
1191	Spectrogram 1	1	36012.69995	36013.09546	25	150
1192	Spectrogram 1	1	36026.34497	36026.41089	125	250
1195	Spectrogram 1	1	36061.80884	36062.07251	25	150
1207	Spectrogram 1	1	36104.52368	36104.85327	25	150
1211	Spectrogram 1	1	36117.90503	36118.30054	25	225
1214	Spectrogram 1	1	36134.58228	36134.97778	25	175
1215	Spectrogram 1	1	36154.4895	36154.68726	25	150
1216	Spectrogram 1	1	36156.13745	36156.33521	25	150
1217	Spectrogram 1	1	36158.97192	36159.10376	0	175
1218	Spectrogram 1	1	36167.14575	36167.34351	50	175
1220	Spectrogram 1	1	36172.8147	36173.14429	25	150
1221	Spectrogram 1	1	36184.21851	36184.81177	0	150
1222	Spectrogram 1	1	36214.60669	36215.0022	25	150
1223	Spectrogram 1	1	36259.16724	36259.43091	25	175
1224	Spectrogram 1	1	36267.60474	36267.93433	25	150
1225	Spectrogram 1	1	36272.41675	36272.6145	25	150
1226	Spectrogram 1	1	36276.04224	36276.43774	25	175
1227	Spectrogram 1	1	36284.3479	36284.47974	0	175
1228	Spectrogram 1	1	36288.89624	36289.09399	50	175
1229	Spectrogram 1	1	36292.52173	36292.7854	25	175
1230	Spectrogram 1	1	36305.37573	36305.70532	25	175
1231	Spectrogram 1	1	36333.25903	36333.45679	0	200
1232	Spectrogram 1	1	36338.2688	36338.59839	25	175
1233	Spectrogram 1	1	36343.67407	36343.80591	50	175
1234	Spectrogram 1	1	36354.55054	36354.74829	50	175
1236	Spectrogram 1	1	36365.427	36365.62476	25	175
1238	Spectrogram 1	1	36369.90942	36370.10718	50	175
1245	Spectrogram 1	1	36402.93433	36403.06616	25	175
1249	Spectrogram 1	1	36406.62573	36406.82349	25	150
1254	Spectrogram 1	1	36430.3562	36430.42212	50	250
1257	Spectrogram 1	1	36436.61841	36436.88208	50	175
1261	Spectrogram 1	1	36490.60522	36490.80298	50	175
1262	Spectrogram 1	1	36500.16333	36500.36108	25	175
1264	Spectrogram 1	1	36508.40308	36508.66675	25	175
1266	Spectrogram 1	1	36542.28491	36542.54858	0	175
1274	Spectrogram 1	1	36570.56372	36571.15698	50	225
1277	Spectrogram 1	1	36579.52856	36579.72632	50	175
1285	Spectrogram 1	1	36641.75513	36642.08472	25	150
1286	Spectrogram 1	1	36662.98071	36663.3103	25	200
1288	Spectrogram 1	1	36680.77856	36680.97632	0	175
1291	Spectrogram 1	1	36689.61157	36689.87524	25	150
1294	Spectrogram 1	1	36704.77271	36705.10229	25	150
1295	Spectrogram 1	1	36713.34204	36713.67163	25	200
1297	Spectrogram 1	1	36720.46118	36720.72485	25	150
1299	Spectrogram 1	1	36745.70776	36745.8396	25	175
1300	Spectrogram 1	1	36749.99243	36750.05835	50	200
1321	Spectrogram 1	1	37424.99243	37425.05835	50	250
1323	Spectrogram 1	1	37513.19067	37513.32251	50	250
1324	Spectrogram 1	1	37684.31372	37684.37964	75	200
1325	Spectrogram 1	1	37763.81079	37763.87671	75	250
1326	Spectrogram 1	1	37786.55249	37786.61841	25	175
1327	Spectrogram 1	1	37819.18188	37819.2478	75	250
1329	Spectrogram 1	1	38122.47046	38122.53638	100	225
1330	Spectrogram 1	1	38124.31616	38124.38208	50	200
1333	Spectrogram 1	1	38208.36157	38208.49341	0	125
1338	Spectrogram 1	1	38624.96313	38625.09497	50	250
1340	Spectrogram 1	1	38643.94751	38644.01343	75	250
1341	Spectrogram 1	1	38649.61646	38649.81421	25	150
1342	Spectrogram 1	1	38702.87817	38702.94409	100	250
1343	Spectrogram 1	1	38719.88501	38719.95093	50	175
1344	Spectrogram 1	1	38720.2146	38720.28052	50	250
1345	Spectrogram 1	1	38770.31226	38770.37817	75	250
1346	Spectrogram 1	1	38770.90552	38770.97144	75	225
1347	Spectrogram 1	1	38783.95728	38784.02319	50	175
1348	Spectrogram 1	1	38794.96558	38795.09741	25	175
1349	Spectrogram 1	1	38796.02026	38796.08618	75	225
1350	Spectrogram 1	1	38809.40161	38809.53345	25	175
1351	Spectrogram 1	1	38840.97632	38841.04224	50	200
1352	Spectrogram 1	1	38857.65356	38857.71948	50	225
1353	Spectrogram 1	1	38875.71509	38875.78101	25	225
1354	Spectrogram 1	1	38903.59839	38903.66431	50	250
1355	Spectrogram 1	1	38910.45386	38910.58569	50	250
1356	Spectrogram 1	1	38918.6936	38918.75952	75	200
1357	Spectrogram 1	1	38970.57104	38970.63696	50	175
1358	Spectrogram 1	1	39011.63794	39011.76978	0	225
1359	Spectrogram 1	1	39022.64624	39022.71216	50	175
1360	Spectrogram 1	1	39070.83228	39070.96411	25	200
1361	Spectrogram 1	1	39074.98511	39075.05103	25	250
1362	Spectrogram 1	1	39129.96069	39130.02661	25	250
1363	Spectrogram 1	1	39131.54272	39131.60864	75	250
1364	Spectrogram 1	1	39138.13452	39138.20044	100	225
1365	Spectrogram 1	1	39243.20776	39243.27368	75	250
1366	Spectrogram 1	1	39247.03101	39247.09692	50	175
1367	Spectrogram 1	1	39284.34058	39284.40649	50	175
1368	Spectrogram 1	1	39299.96313	39300.88599	25	150
1369	Spectrogram 1	1	39316.83813	39316.90405	100	250
1370	Spectrogram 1	1	39337.14087	39337.20679	0	150
1371	Spectrogram 1	1	39356.85034	39356.98218	50	250
1372	Spectrogram 1	1	39359.28931	39359.35522	125	250
1373	Spectrogram 1	1	39380.44897	39380.58081	25	200
1374	Spectrogram 1	1	39393.50073	39393.63257	100	250
1376	Spectrogram 1	1	39471.02026	39471.08618	25	150
1377	Spectrogram 1	1	39492.31177	39492.37769	50	250
1378	Spectrogram 1	1	39545.96899	39546.03491	50	200
1379	Spectrogram 1	1	39547.0896	39547.15552	50	200
1380	Spectrogram 1	1	39607.73413	39607.86597	25	175
1381	Spectrogram 1	1	39660.13892	39660.27075	25	250
1382	Spectrogram 1	1	39713.53247	39713.59839	50	200
1383	Spectrogram 1	1	39739.43823	39739.7019	25	175
1384	Spectrogram 1	1	39744.64575	39744.71167	25	200
1385	Spectrogram 1	1	39798.63257	39798.69849	50	200
1386	Spectrogram 1	1	39814.5188	39814.58472	100	250
1387	Spectrogram 1	1	39820.25366	39820.31958	50	200
1388	Spectrogram 1	1	39835.34888	39835.41479	0	250
1389	Spectrogram 1	1	39854.53101	39854.66284	25	150
1390	Spectrogram 1	1	39860.59546	39860.66138	125	250
1392	Spectrogram 1	1	39976.34741	39976.41333	100	225
1393	Spectrogram 1	1	39984.91675	39984.98267	75	250
1394	Spectrogram 1	1	39992.10181	39992.16772	100	225
1395	Spectrogram 1	1	40007.46069	40007.52661	100	250
1396	Spectrogram 1	1	40059.79956	40059.9314	25	150
1397	Spectrogram 1	1	40075.88354	40076.01538	50	175
1398	Spectrogram 1	1	40104.22827	40104.29419	0	250
1399	Spectrogram 1	1	40140.2854	40140.35132	25	250
1400	Spectrogram 1	1	40149.31616	40149.448	25	250
1401	Spectrogram 1	1	40177.46313	40177.59497	50	175
1402	Spectrogram 1	1	40205.08276	40205.14868	50	250
1403	Spectrogram 1	1	40210.81763	40210.88354	25	225
1404	Spectrogram 1	1	40246.34741	40246.41333	50	175
1405	Spectrogram 1	1	40275.02173	40275.08765	25	200
1408	Spectrogram 1	1	40410.15356	40410.21948	50	200
1409	Spectrogram 1	1	40433.09302	40433.15894	50	175
1410	Spectrogram 1	1	40466.51343	40466.57935	75	250
1411	Spectrogram 1	1	40531.83813	40531.90405	25	200
1412	Spectrogram 1	1	40543.24194	40543.30786	50	225
1413	Spectrogram 1	1	40596.10815	40596.30591	25	175
1417	Spectrogram 1	1	40637.90015	40637.96606	50	250
1419	Spectrogram 1	1	40799.99243	40800.05835	50	225
1421	Spectrogram 1	1	40974.01587	40974.08179	50	200
1427	Spectrogram 1	1	41174.99976	41175.06567	75	250
1434	Spectrogram 1	1	41752.30933	41752.37524	50	250
1446	Spectrogram 1	1	42237.46558	42237.53149	50	200
1449	Spectrogram 1	1	42380.2439	42380.50757	25	150
1452	Spectrogram 1	1	42388.41772	42388.81323	25	150
1462	Spectrogram 1	1	42425.46362	42425.66138	0	150
1467	Spectrogram 1	1	42439.96558	42440.16333	25	150
1474	Spectrogram 1	1	42470.09009	42470.28784	25	175
1481	Spectrogram 1	1	42556.90405	42557.29956	0	150
1484	Spectrogram 1	1	42567.31909	42567.51685	25	150
1485	Spectrogram 1	1	42574.96558	42575.427	25	150
1486	Spectrogram 1	1	42582.41431	42582.80981	0	150
1487	Spectrogram 1	1	42590.25854	42590.39038	25	150
1525	Spectrogram 1	1	42806.33765	42806.60132	25	150
1532	Spectrogram 1	1	42847.9978	42848.32739	25	150
1533	Spectrogram 1	1	42856.17163	42856.4353	25	150
1535	Spectrogram 1	1	42897.69995	42897.89771	50	175
1536	Spectrogram 1	1	42904.88501	42904.95093	25	150
1538	Spectrogram 1	1	42912.53149	42912.66333	25	150
1539	Spectrogram 1	1	42913.6521	42913.84985	25	150
1541	Spectrogram 1	1	42939.03052	42939.75562	25	150
1542	Spectrogram 1	1	42955.18042	42955.64185	25	150
1550	Spectrogram 1	1	43020.63696	43020.90063	25	225
1551	Spectrogram 1	1	43043.90601	43044.10376	0	150
1552	Spectrogram 1	1	43054.32104	43054.71655	25	150
1554	Spectrogram 1	1	43061.63794	43061.96753	25	150
1556	Spectrogram 1	1	43105.1438	43105.34155	25	150
1557	Spectrogram 1	1	43116.8772	43117.00903	25	150
1558	Spectrogram 1	1	43128.87427	43129.0061	25	150
1579	Spectrogram 1	1	43279.36499	43279.7605	25	150
1580	Spectrogram 1	1	43295.25122	43295.64673	25	175
1581	Spectrogram 1	1	43299.53589	43300.12915	0	150
1582	Spectrogram 1	1	43307.38013	43307.84155	0	175
1583	Spectrogram 1	1	43310.87378	43311.20337	25	150
1584	Spectrogram 1	1	43315.09253	43315.61987	25	150
1595	Spectrogram 1	1	43852.58765	43852.65356	0	125
1596	Spectrogram 1	1	43911.58423	43911.65015	75	250
1598	Spectrogram 1	1	43946.19116	43946.25708	100	225
1626	Spectrogram 1	1	44869.04272	44869.10864	125	250
1627	Spectrogram 1	1	44887.56567	44887.69751	25	150
1629	Spectrogram 1	1	45203.24683	45203.31274	0	225
1631	Spectrogram 1	1	45570.34399	45570.40991	25	150
1632	Spectrogram 1	1	45749.97046	45750.30005	50	250
1633	Spectrogram 1	1	45766.51587	45766.64771	25	150
1634	Spectrogram 1	1	45796.24487	45796.37671	75	250
1635	Spectrogram 1	1	45871.45728	45871.58911	0	175
1636	Spectrogram 1	1	45880.09253	45880.3562	25	150
1637	Spectrogram 1	1	45901.38403	45901.91138	25	175
1638	Spectrogram 1	1	46047.45825	46047.72192	0	150
1639	Spectrogram 1	1	46087.33862	46087.47046	50	175
1640	Spectrogram 1	1	46207.44116	46207.50708	0	150
1641	Spectrogram 1	1	46215.41724	46215.68091	0	175
1642	Spectrogram 1	1	46258.52759	46258.72534	25	150
1643	Spectrogram 1	1	46259.45044	46259.58228	25	150
1645	Spectrogram 1	1	46402.22876	46402.55835	25	175
1646	Spectrogram 1	1	46424.97046	46425.03638	75	200
1647	Spectrogram 1	1	46470.84937	46470.9812	25	175
1649	Spectrogram 1	1	46540.85425	46540.98608	50	175
1650	Spectrogram 1	1	46554.82886	46554.96069	50	175
1651	Spectrogram 1	1	46572.82446	46572.9563	50	175
1652	Spectrogram 1	1	46582.05298	46582.18481	50	175
1653	Spectrogram 1	1	46631.62329	46631.88696	25	150
1654	Spectrogram 1	1	46660.95679	46661.08862	50	175
1655	Spectrogram 1	1	46671.70142	46671.89917	50	175
1656	Spectrogram 1	1	46674.14038	46674.33813	50	175
1657	Spectrogram 1	1	46680.40259	46680.66626	25	175
1658	Spectrogram 1	1	46687.7854	46688.11499	50	175
1659	Spectrogram 1	1	46689.30151	46689.56519	25	175
1661	Spectrogram 1	1	46769.12817	46769.39185	25	150
1662	Spectrogram 1	1	46935.90063	46936.29614	0	175
1663	Spectrogram 1	1	46944.99731	46945.19507	50	175
1665	Spectrogram 1	1	46986.26196	46986.45972	50	175
1668	Spectrogram 1	1	47059.69458	47059.82642	50	175
1672	Spectrogram 1	1	47304.84351	47305.04126	25	175
1673	Spectrogram 1	1	47376.69409	47376.82593	25	150
1674	Spectrogram 1	1	47378.53979	47378.67163	25	175
1675	Spectrogram 1	1	47423.42993	47423.6936	25	150
1676	Spectrogram 1	1	47434.50415	47434.7019	50	175
1679	Spectrogram 1	1	47453.42261	47453.68628	25	175
1680	Spectrogram 1	1	47486.57935	47486.71118	25	150
1683	Spectrogram 1	1	47595.0144	47595.21216	25	175
1684	Spectrogram 1	1	47621.7771	47621.90894	50	175
1686	Spectrogram 1	1	47649.39673	47649.52856	50	175
1687	Spectrogram 1	1	47662.25073	47662.38257	50	175
1689	Spectrogram 1	1	47677.34595	47677.5437	50	175
1690	Spectrogram 1	1	47684.92651	47685.12427	0	175
1692	Spectrogram 1	1	47747.08716	47747.28491	50	175
1693	Spectrogram 1	1	47756.84302	47757.17261	25	150
1694	Spectrogram 1	1	47763.89624	47764.09399	25	150
1698	Spectrogram 1	1	48052.8147	48052.94653	25	150
1699	Spectrogram 1	1	48079.2478	48079.37964	50	175
1700	Spectrogram 1	1	48222.22388	48222.42163	50	175
1702	Spectrogram 1	1	48248.52515	48248.65698	50	175
1703	Spectrogram 1	1	48316.948	48317.21167	50	175
1704	Spectrogram 1	1	48326.24243	48326.5061	50	175
1706	Spectrogram 1	1	48426.23999	48426.37183	0	150
1707	Spectrogram 1	1	48599.99976	48600.06567	125	250
1708	Spectrogram 1	1	48666.70874	48666.97241	50	175
1709	Spectrogram 1	1	48674.68481	48674.88257	25	150
1710	Spectrogram 1	1	48680.22192	48680.35376	0	175
1717	Spectrogram 1	1	48973.6228	48973.82056	75	200
1721	Spectrogram 1	1	49373.67896	49374.00854	0	150
1722	Spectrogram 1	1	49396.15698	49396.35474	0	150
1723	Spectrogram 1	1	49405.97876	49406.37427	25	150
1724	Spectrogram 1	1	49414.35034	49414.67993	0	150
1725	Spectrogram 1	1	49418.10767	49418.30542	25	150
1726	Spectrogram 1	1	49422.59009	49422.78784	25	150
1727	Spectrogram 1	1	49431.22534	49431.62085	0	175
1729	Spectrogram 1	1	49476.97241	49477.56567	25	150
1730	Spectrogram 1	1	49480.66382	49480.92749	25	150
1732	Spectrogram 1	1	49515.40259	49515.60034	25	150
1733	Spectrogram 1	1	49524.2356	49524.56519	0	150
1734	Spectrogram 1	1	49530.30005	49530.69556	25	150
1735	Spectrogram 1	1	49538.73755	49539.13306	25	150
1736	Spectrogram 1	1	49546.64771	49546.97729	25	150
1737	Spectrogram 1	1	49550.20728	49550.53687	25	150
1738	Spectrogram 1	1	49564.9729	49565.10474	25	150
1739	Spectrogram 1	1	49574.00366	49574.20142	25	150
