Selection	View	Channel	Begin Time (s)	End Time (s)	Low Freq (Hz)	High Freq (Hz)
1	Waveform 1	1	285.254206253	285.974543771	111.7	197.0
1	Spectrogram 1	1	285.254206253	285.974543771	111.7	197.0
2	Waveform 1	1	623.097453360	623.669486094	102.5	157.8
2	Spectrogram 1	1	623.097453360	623.669486094	102.5	157.8
3	Waveform 1	1	670.457581428	671.093173356	84.1	153.2
3	Spectrogram 1	1	670.457581428	671.093173356	84.1	153.2
5	Waveform 1	1	756.953387891	757.313556650	95.6	162.4
5	Spectrogram 1	1	756.953387891	757.313556650	95.6	162.4
6	Waveform 1	1	922.999989827	924.122868899	40.3	137.0
6	Spectrogram 1	1	922.999989827	924.122868899	40.3	137.0
7	Waveform 1	1	1127.042332105	1128.694871116	40.3	118.6
7	Spectrogram 1	1	1127.042332105	1128.694871116	40.3	118.6
8	Waveform 1	1	1205.394032408	1207.131317009	40.3	125.5
8	Spectrogram 1	1	1205.394032408	1207.131317009	40.3	125.5
9	Waveform 1	1	1273.470329888	1275.038123309	47.2	160.1
9	Spectrogram 1	1	1273.470329888	1275.038123309	47.2	160.1
10	Waveform 1	1	1323.605876039	1325.173669459	40.3	144.0
10	Spectrogram 1	1	1323.605876039	1325.173669459	40.3	144.0
11	Waveform 1	1	1362.838956930	1363.813531218	100.2	194.7
11	Spectrogram 1	1	1362.838956930	1363.813531218	100.2	194.7
12	Waveform 1	1	1388.927941834	1389.881329725	65.6	123.2
12	Spectrogram 1	1	1388.927941834	1389.881329725	65.6	123.2
13	Waveform 1	1	1402.953337028	1403.716047341	79.4	173.9
13	Spectrogram 1	1	1402.953337028	1403.716047341	79.4	173.9
14	Waveform 1	1	1416.182178605	1416.966075315	51.8	178.5
14	Spectrogram 1	1	1416.182178605	1416.966075315	51.8	178.5
15	Waveform 1	1	1450.237248997	1451.127077695	79.4	201.6
15	Spectrogram 1	1	1450.237248997	1451.127077695	79.4	201.6
16	Waveform 1	1	1495.677944377	1496.758450654	72.5	153.2
16	Spectrogram 1	1	1495.677944377	1496.758450654	72.5	153.2
17	Waveform 1	1	1505.614364840	1506.355888755	74.8	160.1
17	Spectrogram 1	1	1505.614364840	1506.355888755	74.8	160.1
18	Waveform 1	1	1537.105881125	1537.805032245	81.7	134.7
18	Spectrogram 1	1	1537.105881125	1537.805032245	81.7	134.7
19	Waveform 1	1	1688.025395194	1688.703359916	91.0	173.9
19	Spectrogram 1	1	1688.025395194	1688.703359916	91.0	173.9
20	Waveform 1	1	1732.470329888	1733.169481008	74.8	164.7
20	Spectrogram 1	1	1732.470329888	1733.169481008	74.8	164.7
21	Waveform 1	1	1765.317775619	1766.016926739	77.1	157.8
21	Spectrogram 1	1	1765.317775619	1766.016926739	77.1	157.8
22	Waveform 1	1	1767.775397737	1768.707599230	100.2	157.8
22	Spectrogram 1	1	1767.775397737	1768.707599230	100.2	157.8
23	Waveform 1	1	1797.190647061	1798.144034951	70.2	180.8
23	Spectrogram 1	1	1797.190647061	1798.144034951	70.2	180.8
24	Waveform 1	1	1851.932170976	1852.716067686	81.7	180.8
24	Spectrogram 1	1	1851.932170976	1852.716067686	81.7	180.8
25	Waveform 1	1	1894.449143491	1895.338972189	84.1	155.5
25	Spectrogram 1	1	1894.449143491	1895.338972189	84.1	155.5
26	Waveform 1	1	2044.894027322	2045.635551237	88.7	160.1
26	Spectrogram 1	1	2044.894027322	2045.635551237	88.7	160.1
27	Waveform 1	1	2080.135535978	2080.940619086	91.0	167.0
27	Spectrogram 1	1	2080.135535978	2080.940619086	91.0	167.0
28	Waveform 1	1	2115.999979655	2116.762689968	65.6	169.3
28	Spectrogram 1	1	2115.999979655	2116.762689968	65.6	169.3
29	Waveform 1	1	2118.309296991	2118.987261713	100.2	180.8
29	Spectrogram 1	1	2118.309296991	2118.987261713	100.2	180.8
30	Waveform 1	1	2150.415218806	2151.241488311	77.1	199.3
30	Spectrogram 1	1	2150.415218806	2151.241488311	77.1	199.3
31	Waveform 1	1	2180.529619249	2181.610125526	88.7	171.6
31	Spectrogram 1	1	2180.529619249	2181.610125526	88.7	171.6
32	Waveform 1	1	2226.288110593	2227.135566496	79.4	157.8
32	Spectrogram 1	1	2226.288110593	2227.135566496	79.4	157.8
33	Waveform 1	1	2239.423677089	2240.144014606	79.4	167.0
33	Spectrogram 1	1	2239.423677089	2240.144014606	79.4	167.0
34	Waveform 1	1	2242.029603990	2242.855873496	88.7	157.8
34	Spectrogram 1	1	2242.029603990	2242.855873496	88.7	157.8
35	Waveform 1	1	2277.639810896	2278.317775619	81.7	187.7
35	Spectrogram 1	1	2277.639810896	2278.317775619	81.7	187.7
36	Waveform 1	1	2325.262705226	2326.131347527	84.1	222.3
36	Spectrogram 1	1	2325.262705226	2326.131347527	84.1	222.3
37	Waveform 1	1	2374.550795474	2375.186387402	77.1	176.2
37	Spectrogram 1	1	2374.550795474	2375.186387402	77.1	176.2
38	Waveform 1	1	2486.584740504	2487.559314792	93.3	178.5
38	Spectrogram 1	1	2486.584740504	2487.559314792	93.3	178.5
39	Waveform 1	1	2511.542316846	2513.025364676	84.1	137.0
39	Spectrogram 1	1	2511.542316846	2513.025364676	84.1	137.0
40	Waveform 1	1	2515.406770695	2516.169481008	79.4	167.0
40	Spectrogram 1	1	2515.406770695	2516.169481008	79.4	167.0
41	Waveform 1	1	2543.889818526	2544.610156043	93.3	171.6
41	Spectrogram 1	1	2543.889818526	2544.610156043	93.3	171.6
42	Waveform 1	1	2585.762669623	2586.483007140	88.7	164.7
42	Spectrogram 1	1	2585.762669623	2586.483007140	88.7	164.7
43	Waveform 1	1	2633.258445567	2634.211833458	65.6	160.1
43	Spectrogram 1	1	2633.258445567	2634.211833458	65.6	160.1
44	Waveform 1	1	2679.822020019	2680.605916729	79.4	155.5
44	Spectrogram 1	1	2679.822020019	2680.605916729	79.4	155.5
45	Waveform 1	1	2718.368606697	2719.067757817	70.2	141.7
45	Spectrogram 1	1	2718.368606697	2719.067757817	70.2	141.7
46	Waveform 1	1	2728.898246291	2729.533838218	74.8	141.7
46	Spectrogram 1	1	2728.898246291	2729.533838218	74.8	141.7
47	Waveform 1	1	2778.936389945	2779.529609077	84.1	167.0
47	Spectrogram 1	1	2778.936389945	2779.529609077	84.1	167.0
48	Waveform 1	1	2975.779637051	2976.648279352	70.2	132.4
48	Spectrogram 1	1	2975.779637051	2976.648279352	70.2	132.4
49	Waveform 1	1	3012.758430309	3013.499954224	74.8	125.5
49	Spectrogram 1	1	3012.758430309	3013.499954224	74.8	125.5
50	Waveform 1	1	3053.601677415	3054.152523752	70.2	153.2
50	Spectrogram 1	1	3053.601677415	3054.152523752	70.2	153.2
51	Waveform 1	1	3090.834707443	3091.639790551	72.5	173.9
51	Spectrogram 1	1	3090.834707443	3091.639790551	72.5	173.9
52	Waveform 1	1	3115.716067686	3116.457591601	86.4	185.4
52	Spectrogram 1	1	3115.716067686	3116.457591601	86.4	185.4
53	Waveform 1	1	3180.487287144	3181.461861433	84.1	155.5
53	Spectrogram 1	1	3180.487287144	3181.461861433	84.1	155.5
54	Waveform 1	1	3360.224520883	3361.050790388	77.1	146.3
54	Spectrogram 1	1	3360.224520883	3361.050790388	77.1	146.3
55	Waveform 1	1	3466.995709823	3467.673674546	100.2	173.9
55	Spectrogram 1	1	3466.995709823	3467.673674546	100.2	173.9
56	Waveform 1	1	3476.792354993	3478.042352450	74.8	153.2
56	Spectrogram 1	1	3476.792354993	3478.042352450	74.8	153.2
57	Waveform 1	1	3487.957586515	3488.699110430	114.0	167.0
57	Spectrogram 1	1	3487.957586515	3488.699110430	114.0	167.0
58	Waveform 1	1	3776.716077858	3778.093193701	38.0	148.6
58	Spectrogram 1	1	3776.716077858	3778.093193701	38.0	148.6
59	Waveform 1	1	3791.525369763	3792.690621629	44.9	176.2
59	Spectrogram 1	1	3791.525369763	3792.690621629	44.9	176.2
60	Waveform 1	1	3820.326213556	3821.364347038	51.8	141.7
60	Spectrogram 1	1	3820.326213556	3821.364347038	51.8	141.7
61	Waveform 1	1	3835.652508493	3836.754201167	47.2	130.1
61	Spectrogram 1	1	3835.652508493	3836.754201167	47.2	130.1
62	Waveform 1	1	3958.004229141	3959.402531381	70.2	141.7
62	Spectrogram 1	1	3958.004229141	3959.402531381	70.2	141.7
63	Waveform 1	1	4095.758460826	4096.542357536	81.7	127.8
63	Spectrogram 1	1	4095.758460826	4096.542357536	81.7	127.8
64	Waveform 1	1	4121.423717779	4122.144055296	120.9	213.1
64	Spectrogram 1	1	4121.423717779	4122.144055296	120.9	213.1
65	Waveform 1	1	4148.614395357	4150.182188778	47.2	208.5
65	Spectrogram 1	1	4148.614395357	4150.182188778	47.2	208.5
66	Waveform 1	1	4166.516901307	4167.491475596	84.1	226.9
66	Spectrogram 1	1	4166.516901307	4167.491475596	84.1	226.9
67	Waveform 1	1	4302.237238825	4303.148253920	84.1	169.3
67	Spectrogram 1	1	4302.237238825	4303.148253920	84.1	169.3
68	Waveform 1	1	4368.194866030	4369.127067523	104.8	217.7
68	Spectrogram 1	1	4368.194866030	4369.127067523	104.8	217.7
69	Waveform 1	1	4414.504203710	4415.563523589	88.7	233.8
69	Spectrogram 1	1	4414.504203710	4415.563523589	88.7	233.8
70	Waveform 1	1	4497.940639431	4499.084704900	100.2	208.5
70	Spectrogram 1	1	4497.940639431	4499.084704900	100.2	208.5
71	Waveform 1	1	4522.186407747	4523.055050047	118.6	185.4
71	Spectrogram 1	1	4522.186407747	4523.055050047	118.6	185.4
72	Waveform 1	1	4591.999989827	4593.186428092	63.3	197.0
72	Spectrogram 1	1	4591.999989827	4593.186428092	63.3	197.0
73	Waveform 1	1	4622.199135861	4622.834727788	74.8	180.8
73	Spectrogram 1	1	4622.199135861	4622.834727788	74.8	180.8
74	Waveform 1	1	4648.669481353	4649.474564461	58.7	155.5
74	Spectrogram 1	1	4648.669481353	4649.474564461	58.7	155.5
75	Waveform 1	1	4664.567809024	4665.457637722	58.7	183.1
75	Spectrogram 1	1	4664.567809024	4665.457637722	58.7	183.1
76	Waveform 1	1	4686.156748152	4687.025390453	54.1	148.6
76	Spectrogram 1	1	4686.156748152	4687.025390453	54.1	148.6
77	Waveform 1	1	4737.932176407	4738.906750695	67.9	173.9
77	Spectrogram 1	1	4737.932176407	4738.906750695	67.9	173.9
78	Waveform 1	1	4751.245763574	4752.898302585	79.4	178.5
78	Spectrogram 1	1	4751.245763574	4752.898302585	79.4	178.5
79	Waveform 1	1	4769.084710331	4770.313521391	74.8	178.5
79	Spectrogram 1	1	4769.084710331	4770.313521391	74.8	178.5
80	Waveform 1	1	4784.771174027	4785.766934713	91.0	197.0
80	Spectrogram 1	1	4784.771174027	4785.766934713	91.0	197.0
81	Waveform 1	1	4792.694886719	4793.648274610	74.8	144.0
81	Spectrogram 1	1	4792.694886719	4793.648274610	74.8	144.0
82	Waveform 1	1	4805.754237116	4806.707625007	70.2	157.8
82	Spectrogram 1	1	4805.754237116	4806.707625007	70.2	157.8
83	Waveform 1	1	4995.576287652	4996.720353121	63.3	171.6
83	Spectrogram 1	1	4995.576287652	4996.720353121	63.3	171.6
84	Waveform 1	1	5038.021171484	5039.631337699	86.4	185.4
84	Spectrogram 1	1	5038.021171484	5039.631337699	86.4	185.4
85	Waveform 1	1	5048.402506295	5049.144030210	74.8	187.7
85	Spectrogram 1	1	5048.402506295	5049.144030210	74.8	187.7
86	Waveform 1	1	5071.567768334	5072.415224237	81.7	150.9
86	Spectrogram 1	1	5071.567768334	5072.415224237	81.7	150.9
87	Waveform 1	1	5123.491501372	5124.826244419	91.0	208.5
87	Spectrogram 1	1	5123.491501372	5124.826244419	91.0	208.5
88	Waveform 1	1	5150.703365347	5151.656753238	86.4	203.9
88	Spectrogram 1	1	5150.703365347	5151.656753238	86.4	203.9
89	Waveform 1	1	5177.322010191	5178.233025287	74.8	167.0
89	Spectrogram 1	1	5177.322010191	5178.233025287	74.8	167.0
90	Waveform 1	1	5308.911000182	5309.800828880	93.3	201.6
90	Spectrogram 1	1	5308.911000182	5309.800828880	93.3	201.6
91	Waveform 1	1	5365.410995095	5366.512687769	97.9	208.5
91	Spectrogram 1	1	5365.410995095	5366.512687769	97.9	208.5
92	Waveform 1	1	5408.330509164	5409.326269850	86.4	217.7
92	Spectrogram 1	1	5408.330509164	5409.326269850	86.4	217.7
93	Waveform 1	1	5432.682209467	5433.614410961	70.2	178.5
93	Spectrogram 1	1	5432.682209467	5433.614410961	70.2	178.5
94	Waveform 1	1	5468.707614834	5469.809307508	91.0	192.3
94	Spectrogram 1	1	5468.707614834	5469.809307508	91.0	192.3
95	Waveform 1	1	5513.915259841	5514.741529346	84.1	185.4
95	Spectrogram 1	1	5513.915259841	5514.741529346	84.1	185.4
96	Waveform 1	1	5557.334717961	5558.224546659	79.4	190.0
96	Spectrogram 1	1	5557.334717961	5558.224546659	79.4	190.0
97	Waveform 1	1	5613.474544116	5614.322000019	84.1	192.3
97	Spectrogram 1	1	5613.474544116	5614.322000019	84.1	192.3
98	Waveform 1	1	5651.351695562	5652.156778670	91.0	178.5
98	Spectrogram 1	1	5651.351695562	5652.156778670	91.0	178.5
99	Waveform 1	1	5679.601693019	5680.576267307	72.5	192.3
99	Spectrogram 1	1	5679.601693019	5680.576267307	72.5	192.3
100	Waveform 1	1	5721.241493742	5722.046576850	97.9	203.9
100	Spectrogram 1	1	5721.241493742	5722.046576850	97.9	203.9
101	Waveform 1	1	6007.033889426	6007.987277317	61.0	162.4
101	Spectrogram 1	1	6007.033889426	6007.987277317	61.0	162.4
102	Waveform 1	1	6134.300854311	6135.021191829	84.1	176.2
102	Spectrogram 1	1	6134.300854311	6135.021191829	84.1	176.2
103	Waveform 1	1	6163.292375683	6164.203390779	84.1	169.3
103	Spectrogram 1	1	6163.292375683	6164.203390779	84.1	169.3
104	Waveform 1	1	6261.516916911	6262.322000019	95.6	194.7
104	Spectrogram 1	1	6261.516916911	6262.322000019	95.6	194.7
105	Waveform 1	1	6537.415264927	6538.559330396	97.9	162.4
105	Spectrogram 1	1	6537.415264927	6538.559330396	97.9	162.4
106	Waveform 1	1	6608.394037839	6609.347425730	79.4	134.7
106	Spectrogram 1	1	6608.394037839	6609.347425730	79.4	134.7
107	Waveform 1	1	6719.766955058	6720.614410961	79.4	162.4
107	Spectrogram 1	1	6719.766955058	6720.614410961	79.4	162.4
108	Waveform 1	1	6993.139841759	6994.368652818	61.0	132.4
108	Spectrogram 1	1	6993.139841759	6994.368652818	61.0	132.4
109	Waveform 1	1	7232.720302259	7233.906740523	72.5	169.3
109	Spectrogram 1	1	7232.720302259	7233.906740523	72.5	169.3
110	Waveform 1	1	7296.368642645	7297.639826500	70.2	164.7
110	Spectrogram 1	1	7296.368642645	7297.639826500	70.2	164.7
111	Waveform 1	1	7345.750007974	7347.275428600	88.7	167.0
111	Spectrogram 1	1	7345.750007974	7347.275428600	88.7	167.0
112	Waveform 1	1	7408.266939799	7409.707614834	84.1	173.9
112	Spectrogram 1	1	7408.266939799	7409.707614834	84.1	173.9
113	Waveform 1	1	7661.923697779	7663.110136043	88.7	190.0
113	Spectrogram 1	1	7661.923697779	7663.110136043	88.7	190.0
114	Waveform 1	1	7731.228806318	7731.991516631	97.9	183.1
114	Spectrogram 1	1	7731.228806318	7731.991516631	97.9	183.1
115	Waveform 1	1	7737.224556831	7738.199131120	93.3	210.8
115	Spectrogram 1	1	7737.224556831	7738.199131120	93.3	210.8
116	Waveform 1	1	7757.805078366	7758.737279860	65.6	160.1
116	Spectrogram 1	1	7757.805078366	7758.737279860	65.6	160.1
117	Waveform 1	1	7780.991526803	7782.029660284	84.1	153.2
117	Spectrogram 1	1	7780.991526803	7782.029660284	84.1	153.2
118	Waveform 1	1	7792.644045469	7793.851670130	81.7	233.8
118	Spectrogram 1	1	7792.644045469	7793.851670130	81.7	233.8
119	Waveform 1	1	7814.665242039	7815.512697942	81.7	157.8
119	Spectrogram 1	1	7814.665242039	7815.512697942	81.7	157.8
120	Waveform 1	1	7827.228775800	7828.330468474	79.4	199.3
120	Spectrogram 1	1	7827.228775800	7828.330468474	79.4	199.3
121	Waveform 1	1	7853.847420644	7854.758435740	77.1	192.3
121	Spectrogram 1	1	7853.847420644	7854.758435740	77.1	192.3
122	Waveform 1	1	7865.699146379	7866.440670294	77.1	157.8
122	Spectrogram 1	1	7865.699146379	7866.440670294	77.1	157.8
123	Waveform 1	1	7873.050826337	7874.491501372	65.6	187.7
123	Spectrogram 1	1	7873.050826337	7874.491501372	65.6	187.7
124	Waveform 1	1	8034.733030373	8035.644045469	77.1	206.2
124	Spectrogram 1	1	8034.733030373	8035.644045469	77.1	206.2
125	Waveform 1	1	8102.110176733	8103.169496612	86.4	171.6
125	Spectrogram 1	1	8102.110176733	8103.169496612	86.4	171.6
126	Waveform 1	1	8143.580486276	8144.597433360	79.4	185.4
126	Spectrogram 1	1	8143.580486276	8144.597433360	79.4	185.4
127	Waveform 1	1	8310.177934550	8311.067763248	88.7	178.5
127	Spectrogram 1	1	8310.177934550	8311.067763248	88.7	178.5
128	Waveform 1	1	8339.550811078	8340.546571764	79.4	210.8
128	Spectrogram 1	1	8339.550811078	8340.546571764	79.4	210.8
129	Waveform 1	1	8377.364403331	8378.317791222	81.7	187.7
129	Spectrogram 1	1	8377.364403331	8378.317791222	81.7	187.7
130	Waveform 1	1	8454.911020527	8455.864408418	88.7	197.0
130	Spectrogram 1	1	8454.911020527	8455.864408418	88.7	197.0
131	Waveform 1	1	8577.419453378	8578.245722884	81.7	171.6
131	Spectrogram 1	1	8577.419453378	8578.245722884	81.7	171.6
132	Waveform 1	1	8624.872856528	8625.699126033	70.2	180.8
132	Spectrogram 1	1	8624.872856528	8625.699126033	70.2	180.8
133	Waveform 1	1	8863.974559374	8864.758456085	93.3	150.9
133	Spectrogram 1	1	8863.974559374	8864.758456085	93.3	150.9
134	Waveform 1	1	8910.050846682	8911.131352958	88.7	150.9
134	Spectrogram 1	1	8910.050846682	8911.131352958	88.7	150.9
135	Waveform 1	1	9073.639826500	9074.423723210	93.3	157.8
135	Spectrogram 1	1	9073.639826500	9074.423723210	93.3	157.8
136	Waveform 1	1	9114.961831260	9116.423692692	100.2	176.2
136	Spectrogram 1	1	9114.961831260	9116.423692692	100.2	176.2
137	Waveform 1	1	9171.970299715	9172.944874004	70.2	150.9
137	Spectrogram 1	1	9171.970299715	9172.944874004	70.2	150.9
138	Waveform 1	1	9194.415224237	9195.453357718	72.5	155.5
138	Spectrogram 1	1	9194.415224237	9195.453357718	72.5	155.5
139	Waveform 1	1	9240.788121110	9241.741509001	61.0	139.4
139	Spectrogram 1	1	9240.788121110	9241.741509001	61.0	139.4
140	Waveform 1	1	9277.110136043	9277.936405548	77.1	178.5
140	Spectrogram 1	1	9277.110136043	9277.936405548	77.1	178.5
141	Waveform 1	1	9352.305063108	9353.427942179	84.1	192.3
141	Spectrogram 1	1	9352.305063108	9353.427942179	84.1	192.3
142	Waveform 1	1	9371.635587186	9372.758466257	77.1	199.3
142	Spectrogram 1	1	9371.635587186	9372.758466257	77.1	199.3
143	Waveform 1	1	9396.749997802	9397.830504078	91.0	171.6
143	Spectrogram 1	1	9396.749997802	9397.830504078	91.0	171.6
144	Waveform 1	1	9416.864418590	9417.711874493	88.7	180.8
144	Spectrogram 1	1	9416.864418590	9417.711874493	88.7	180.8
145	Waveform 1	1	9438.559289706	9439.555050392	77.1	197.0
145	Spectrogram 1	1	9438.559289706	9439.555050392	77.1	197.0
146	Waveform 1	1	9445.516957601	9446.385599901	79.4	164.7
146	Spectrogram 1	1	9445.516957601	9446.385599901	79.4	164.7
147	Waveform 1	1	9480.652534269	9481.542362967	84.1	185.4
147	Spectrogram 1	1	9480.652534269	9481.542362967	84.1	185.4
148	Waveform 1	1	9510.724561918	9512.016932170	74.8	199.3
148	Spectrogram 1	1	9510.724561918	9512.016932170	74.8	199.3
149	Waveform 1	1	9530.711864321	9531.940675380	74.8	173.9
149	Spectrogram 1	1	9530.711864321	9531.940675380	74.8	173.9
150	Waveform 1	1	9570.338957275	9571.228785973	86.4	197.0
150	Spectrogram 1	1	9570.338957275	9571.228785973	86.4	197.0
151	Waveform 1	1	9623.457627550	9624.368642645	72.5	173.9
151	Spectrogram 1	1	9623.457627550	9624.368642645	72.5	173.9
