Selection	View	Channel	Begin Time (s)	End Time (s)	Low Freq (Hz)	High Freq (Hz)	File Offset (s)	Begin File	Mooring
1	Waveform 1	1	11.652518666	12.563533761	61.0	176.2	11.653	AU-BS02a_20150622_180730.wav	BS15_AU_02a
1	Spectrogram 1	1	11.652518666	12.563533761	61.0	176.2	11.653	AU-BS02a_20150622_180730.wav	BS15_AU_02a
2	Waveform 1	1	13.283871279	14.427936748	127.8	224.6	13.284	AU-BS02a_20150622_180730.wav	BS15_AU_02a
2	Spectrogram 1	1	13.283871279	14.427936748	127.8	224.6	13.284	AU-BS02a_20150622_180730.wav	BS15_AU_02a
3	Waveform 1	1	75.080465586	76.033853477	114.0	222.3	75.080	AU-BS02a_20150622_180730.wav	BS15_AU_02a
3	Spectrogram 1	1	75.080465586	76.033853477	114.0	222.3	75.080	AU-BS02a_20150622_180730.wav	BS15_AU_02a
4	Waveform 1	1	221.326254247	222.110150957	91.0	199.3	71.326	AU-BS02a_20150622_183000.wav	BS15_AU_02a
4	Spectrogram 1	1	221.326254247	222.110150957	91.0	199.3	71.326	AU-BS02a_20150622_183000.wav	BS15_AU_02a
5	Waveform 1	1	262.542327019	263.728765283	74.8	206.2	112.542	AU-BS02a_20150622_183000.wav	BS15_AU_02a
5	Spectrogram 1	1	262.542327019	263.728765283	74.8	206.2	112.542	AU-BS02a_20150622_183000.wav	BS15_AU_02a
6	Waveform 1	1	397.245717453	398.834697271	56.4	229.2	22.246	AU-BS02a_20150625_010000.wav	BS15_AU_02a
6	Spectrogram 1	1	397.245717453	398.834697271	56.4	229.2	22.246	AU-BS02a_20150625_010000.wav	BS15_AU_02a
7	Waveform 1	1	428.271132992	429.711808027	61.0	201.6	53.271	AU-BS02a_20150625_010000.wav	BS15_AU_02a
7	Spectrogram 1	1	428.271132992	429.711808027	61.0	201.6	53.271	AU-BS02a_20150625_010000.wav	BS15_AU_02a
8	Waveform 1	1	467.440654690	468.648279352	65.6	215.4	92.441	AU-BS02a_20150625_010000.wav	BS15_AU_02a
8	Spectrogram 1	1	467.440654690	468.648279352	65.6	215.4	92.441	AU-BS02a_20150625_010000.wav	BS15_AU_02a
9	Waveform 1	1	547.939377787	549.484829188	57.5	165.6	172.939	AU-BS02a_20150625_010000.wav	BS15_AU_02a
9	Spectrogram 1	1	547.939377787	549.484829188	57.5	165.6	172.939	AU-BS02a_20150625_010000.wav	BS15_AU_02a
10	Waveform 1	1	629.515134191	630.818161843	60.2	184.5	29.515	AU-BS02a_20150625_010345.wav	BS15_AU_02a
10	Spectrogram 1	1	629.515134191	630.818161843	60.2	184.5	29.515	AU-BS02a_20150625_010345.wav	BS15_AU_02a
11	Waveform 1	1	675.242368818	676.606002407	79.1	203.4	75.242	AU-BS02a_20150625_010345.wav	BS15_AU_02a
11	Spectrogram 1	1	675.242368818	676.606002407	79.1	203.4	75.242	AU-BS02a_20150625_010345.wav	BS15_AU_02a
12	Waveform 1	1	834.969652272	836.484800705	52.1	181.8	9.970	AU-BS02a_20150625_011345.wav	BS15_AU_02a
12	Spectrogram 1	1	834.969652272	836.484800705	52.1	181.8	9.970	AU-BS02a_20150625_011345.wav	BS15_AU_02a
13	Waveform 1	1	879.363611210	880.363609175	76.4	149.4	54.364	AU-BS02a_20150625_011345.wav	BS15_AU_02a
13	Spectrogram 1	1	879.363611210	880.363609175	76.4	149.4	54.364	AU-BS02a_20150625_011345.wav	BS15_AU_02a
14	Waveform 1	1	903.727252937	904.999977620	57.5	173.7	78.727	AU-BS02a_20150625_011345.wav	BS15_AU_02a
14	Spectrogram 1	1	903.727252937	904.999977620	57.5	173.7	78.727	AU-BS02a_20150625_011345.wav	BS15_AU_02a
15	Waveform 1	1	940.272688062	941.302988996	73.7	179.1	115.273	AU-BS02a_20150625_011345.wav	BS15_AU_02a
15	Spectrogram 1	1	940.272688062	941.302988996	73.7	179.1	115.273	AU-BS02a_20150625_011345.wav	BS15_AU_02a
16	Waveform 1	1	973.727220385	975.030248037	76.4	165.6	148.727	AU-BS02a_20150625_011345.wav	BS15_AU_02a
16	Spectrogram 1	1	973.727220385	975.030248037	76.4	165.6	148.727	AU-BS02a_20150625_011345.wav	BS15_AU_02a
17	Waveform 1	1	1110.090853974	1111.121154908	65.6	168.3	60.091	AU-BS02a_20150625_011730.wav	BS15_AU_02a
17	Spectrogram 1	1	1110.090853974	1111.121154908	65.6	168.3	60.091	AU-BS02a_20150625_011730.wav	BS15_AU_02a
18	Waveform 1	1	1146.060587627	1146.909070749	71.0	179.1	96.061	AU-BS02a_20150625_011730.wav	BS15_AU_02a
18	Spectrogram 1	1	1146.060587627	1146.909070749	71.0	179.1	96.061	AU-BS02a_20150625_011730.wav	BS15_AU_02a
19	Waveform 1	1	1173.666647000	1175.060583558	57.5	165.6	123.667	AU-BS02a_20150625_011730.wav	BS15_AU_02a
19	Spectrogram 1	1	1173.666647000	1175.060583558	57.5	165.6	123.667	AU-BS02a_20150625_011730.wav	BS15_AU_02a
20	Waveform 1	1	1215.636313514	1216.999947103	46.7	184.5	15.636	AU-BS02a_20150625_012000.wav	BS15_AU_02a
20	Spectrogram 1	1	1215.636313514	1216.999947103	46.7	184.5	15.636	AU-BS02a_20150625_012000.wav	BS15_AU_02a
21	Waveform 1	1	1251.999985758	1253.484831222	57.5	189.9	52.000	AU-BS02a_20150625_012000.wav	BS15_AU_02a
21	Spectrogram 1	1	1251.999985758	1253.484831222	57.5	189.9	52.000	AU-BS02a_20150625_012000.wav	BS15_AU_02a
22	Waveform 1	1	1321.606014614	1323.121163046	62.9	154.8	121.606	AU-BS02a_20150625_012000.wav	BS15_AU_02a
22	Spectrogram 1	1	1321.606014614	1323.121163046	62.9	154.8	121.606	AU-BS02a_20150625_012000.wav	BS15_AU_02a
23	Waveform 1	1	1581.614450478	1583.671906903	71.3	166.3	156.614	AU-BS02a_20150625_012345.wav	BS15_AU_02a
23	Spectrogram 1	1	1581.614450478	1583.671906903	71.3	166.3	156.614	AU-BS02a_20150625_012345.wav	BS15_AU_02a
24	Waveform 1	1	1866.378090506	1868.240922675	46.4	198.0	216.378	AU-BS02a_20150625_020000.wav	BS15_AU_02a
24	Spectrogram 1	1	1866.378090506	1868.240922675	46.4	198.0	216.378	AU-BS02a_20150625_020000.wav	BS15_AU_02a
25	Waveform 1	1	1899.884101366	1901.357685022	69.0	209.3	24.884	AU-BS02a_20150625_020345.wav	BS15_AU_02a
25	Spectrogram 1	1	1899.884101366	1901.357685022	69.0	209.3	24.884	AU-BS02a_20150625_020345.wav	BS15_AU_02a
26	Waveform 1	1	1942.679304885	1944.069478145	60.0	193.5	67.679	AU-BS02a_20150625_020345.wav	BS15_AU_02a
26	Spectrogram 1	1	1942.679304885	1944.069478145	60.0	193.5	67.679	AU-BS02a_20150625_020345.wav	BS15_AU_02a
27	Waveform 1	1	1979.910980083	1981.301153344	69.0	184.4	104.911	AU-BS02a_20150625_020345.wav	BS15_AU_02a
27	Spectrogram 1	1	1979.910980083	1981.301153344	69.0	184.4	104.911	AU-BS02a_20150625_020345.wav	BS15_AU_02a
28	Waveform 1	1	2011.665372635	2012.555083521	55.4	152.7	136.665	AU-BS02a_20150625_020345.wav	BS15_AU_02a
28	Spectrogram 1	1	2011.665372635	2012.555083521	55.4	152.7	136.665	AU-BS02a_20150625_020345.wav	BS15_AU_02a
29	Waveform 1	1	2037.831268678	2039.277048869	48.7	209.3	162.831	AU-BS02a_20150625_020345.wav	BS15_AU_02a
29	Spectrogram 1	1	2037.831268678	2039.277048869	48.7	209.3	162.831	AU-BS02a_20150625_020345.wav	BS15_AU_02a
30	Waveform 1	1	2100.397571242	2101.954565294	64.5	182.1	0.398	AU-BS02a_20150625_020730.wav	BS15_AU_02a
30	Spectrogram 1	1	2100.397571242	2101.954565294	64.5	182.1	0.398	AU-BS02a_20150625_020730.wav	BS15_AU_02a
31	Waveform 1	1	2143.189939483	2144.663523139	75.8	193.5	43.190	AU-BS02a_20150625_020730.wav	BS15_AU_02a
31	Spectrogram 1	1	2143.189939483	2144.663523139	75.8	193.5	43.190	AU-BS02a_20150625_020730.wav	BS15_AU_02a
32	Waveform 1	1	2183.343813807	2184.567166276	69.0	170.8	83.344	AU-BS02a_20150625_020730.wav	BS15_AU_02a
32	Spectrogram 1	1	2183.343813807	2184.567166276	69.0	170.8	83.344	AU-BS02a_20150625_020730.wav	BS15_AU_02a
33	Waveform 1	1	2218.017570206	2219.129708814	69.0	207.0	118.018	AU-BS02a_20150625_020730.wav	BS15_AU_02a
33	Spectrogram 1	1	2218.017570206	2219.129708814	69.0	207.0	118.018	AU-BS02a_20150625_020730.wav	BS15_AU_02a
34	Waveform 1	1	2248.520806823	2249.660748896	69.0	195.7	148.521	AU-BS02a_20150625_020730.wav	BS15_AU_02a
34	Spectrogram 1	1	2248.520806823	2249.660748896	69.0	195.7	148.521	AU-BS02a_20150625_020730.wav	BS15_AU_02a
35	Waveform 1	1	2291.260403411	2292.233524694	75.8	179.9	41.260	AU-BS02a_20150625_021000.wav	BS15_AU_02a
35	Spectrogram 1	1	2291.260403411	2292.233524694	75.8	179.9	41.260	AU-BS02a_20150625_021000.wav	BS15_AU_02a
36	Waveform 1	1	2330.966587014	2331.939708296	62.2	157.3	80.967	AU-BS02a_20150625_021000.wav	BS15_AU_02a
36	Spectrogram 1	1	2330.966587014	2331.939708296	62.2	157.3	80.967	AU-BS02a_20150625_021000.wav	BS15_AU_02a
37	Waveform 1	1	2385.772887505	2386.857222648	57.7	164.0	135.773	AU-BS02a_20150625_021000.wav	BS15_AU_02a
37	Spectrogram 1	1	2385.772887505	2386.857222648	57.7	164.0	135.773	AU-BS02a_20150625_021000.wav	BS15_AU_02a
38	Waveform 1	1	2436.797916727	2437.993465731	55.4	161.8	186.798	AU-BS02a_20150625_021000.wav	BS15_AU_02a
38	Spectrogram 1	1	2436.797916727	2437.993465731	55.4	161.8	186.798	AU-BS02a_20150625_021000.wav	BS15_AU_02a
39	Waveform 1	1	2588.927686576	2591.040749933	73.5	218.3	113.928	AU-BS02a_20150625_060000.wav	BS15_AU_02a
39	Spectrogram 1	1	2588.927686576	2591.040749933	73.5	218.3	113.928	AU-BS02a_20150625_060000.wav	BS15_AU_02a
40	Waveform 1	1	2633.129708814	2635.353986031	71.3	191.2	158.130	AU-BS02a_20150625_060000.wav	BS15_AU_02a
40	Spectrogram 1	1	2633.129708814	2635.353986031	71.3	191.2	158.130	AU-BS02a_20150625_060000.wav	BS15_AU_02a
41	Waveform 1	1	2702.841501938	2704.259478664	64.5	177.6	2.841	AU-BS02a_20150625_060345.wav	BS15_AU_02a
41	Spectrogram 1	1	2702.841501938	2704.259478664	64.5	177.6	2.841	AU-BS02a_20150625_060345.wav	BS15_AU_02a
42	Waveform 1	1	2773.384563739	2774.635719674	69.0	218.3	73.385	AU-BS02a_20150625_060345.wav	BS15_AU_02a
42	Spectrogram 1	1	2773.384563739	2774.635719674	69.0	218.3	73.385	AU-BS02a_20150625_060345.wav	BS15_AU_02a
43	Waveform 1	1	2839.009247477	2840.065779155	71.3	198.0	139.009	AU-BS02a_20150625_060345.wav	BS15_AU_02a
43	Spectrogram 1	1	2839.009247477	2840.065779155	71.3	198.0	139.009	AU-BS02a_20150625_060345.wav	BS15_AU_02a
44	Waveform 1	1	2880.022193944	2881.301153344	60.0	204.8	180.022	AU-BS02a_20150625_060345.wav	BS15_AU_02a
44	Spectrogram 1	1	2880.022193944	2881.301153344	60.0	204.8	180.022	AU-BS02a_20150625_060345.wav	BS15_AU_02a
45	Waveform 1	1	2947.287282129	2948.482831133	44.1	170.8	22.287	AU-BS02a_20150625_060730.wav	BS15_AU_02a
45	Spectrogram 1	1	2947.287282129	2948.482831133	44.1	170.8	22.287	AU-BS02a_20150625_060730.wav	BS15_AU_02a
46	Waveform 1	1	2979.931385567	2981.293755362	64.5	200.2	54.931	AU-BS02a_20150625_060730.wav	BS15_AU_02a
46	Spectrogram 1	1	2979.931385567	2981.293755362	64.5	200.2	54.931	AU-BS02a_20150625_060730.wav	BS15_AU_02a
47	Waveform 1	1	3127.723814843	3129.475433152	69.0	152.7	52.724	AU-BS02a_20150625_061000.wav	BS15_AU_02a
47	Spectrogram 1	1	3127.723814843	3129.475433152	69.0	152.7	52.724	AU-BS02a_20150625_061000.wav	BS15_AU_02a
48	Waveform 1	1	3476.719130070	3478.109303330	71.3	184.4	176.719	AU-BS02a_20150625_061345.wav	BS15_AU_02a
48	Spectrogram 1	1	3476.719130070	3478.109303330	71.3	184.4	176.719	AU-BS02a_20150625_061345.wav	BS15_AU_02a
49	Waveform 1	1	3747.163985513	3748.581962239	73.5	241.0	222.164	AU-BS02a_20150625_071000.wav	BS15_AU_02a
49	Spectrogram 1	1	3747.163985513	3748.581962239	73.5	241.0	222.164	AU-BS02a_20150625_071000.wav	BS15_AU_02a
50	Waveform 1	1	3813.239073180	3814.239997927	91.6	182.1	63.239	AU-BS02a_20150701_170000.wav	BS15_AU_02a
50	Spectrogram 1	1	3813.239073180	3814.239997927	91.6	182.1	63.239	AU-BS02a_20150701_170000.wav	BS15_AU_02a
51	Waveform 1	1	3833.958264285	3834.931385567	105.2	186.7	83.958	AU-BS02a_20150701_170000.wav	BS15_AU_02a
51	Spectrogram 1	1	3833.958264285	3834.931385567	105.2	186.7	83.958	AU-BS02a_20150701_170000.wav	BS15_AU_02a
52	Waveform 1	1	3868.626472197	3870.239073180	80.3	213.8	118.626	AU-BS02a_20150701_170000.wav	BS15_AU_02a
52	Spectrogram 1	1	3868.626472197	3870.239073180	80.3	213.8	118.626	AU-BS02a_20150701_170000.wav	BS15_AU_02a
53	Waveform 1	1	3899.933235062	3901.128784067	80.3	195.7	149.933	AU-BS02a_20150701_170000.wav	BS15_AU_02a
53	Spectrogram 1	1	3899.933235062	3901.128784067	80.3	195.7	149.933	AU-BS02a_20150701_170000.wav	BS15_AU_02a
54	Waveform 1	1	3924.155662784	3925.128784067	78.1	168.6	174.156	AU-BS02a_20150701_170000.wav	BS15_AU_02a
54	Spectrogram 1	1	3924.155662784	3925.128784067	78.1	168.6	174.156	AU-BS02a_20150701_170000.wav	BS15_AU_02a
55	Waveform 1	1	3969.936934053	3971.104679592	55.4	170.8	219.937	AU-BS02a_20150701_170000.wav	BS15_AU_02a
55	Spectrogram 1	1	3969.936934053	3971.104679592	55.4	170.8	219.937	AU-BS02a_20150701_170000.wav	BS15_AU_02a
56	Waveform 1	1	3985.935084558	3987.408668214	69.0	184.4	10.935	AU-BS02a_20150701_170345.wav	BS15_AU_02a
56	Spectrogram 1	1	3985.935084558	3987.408668214	69.0	184.4	10.935	AU-BS02a_20150701_170345.wav	BS15_AU_02a
57	Waveform 1	1	4093.045373671	4094.352136536	71.3	173.1	118.045	AU-BS02a_20150701_170345.wav	BS15_AU_02a
57	Spectrogram 1	1	4093.045373671	4094.352136536	71.3	173.1	118.045	AU-BS02a_20150701_170345.wav	BS15_AU_02a
58	Waveform 1	1	4323.344738555	4324.345663302	55.4	166.3	123.345	AU-BS02a_20150702_031000.wav	BS15_AU_02a
58	Spectrogram 1	1	4323.344738555	4324.345663302	55.4	166.3	123.345	AU-BS02a_20150702_031000.wav	BS15_AU_02a
59	Waveform 1	1	4347.739535554	4349.074101884	50.9	179.9	147.740	AU-BS02a_20150702_031000.wav	BS15_AU_02a
59	Spectrogram 1	1	4347.739535554	4349.074101884	50.9	179.9	147.740	AU-BS02a_20150702_031000.wav	BS15_AU_02a
60	Waveform 1	1	4381.737686058	4382.988841993	80.3	193.5	181.738	AU-BS02a_20150702_031000.wav	BS15_AU_02a
60	Spectrogram 1	1	4381.737686058	4382.988841993	80.3	193.5	181.738	AU-BS02a_20150702_031000.wav	BS15_AU_02a
61	Waveform 1	1	4403.327107314	4403.994390479	73.5	161.8	203.327	AU-BS02a_20150702_031000.wav	BS15_AU_02a
61	Spectrogram 1	1	4403.327107314	4403.994390479	73.5	161.8	203.327	AU-BS02a_20150702_031000.wav	BS15_AU_02a
62	Waveform 1	1	4577.263177654	4578.180692006	89.4	170.8	152.263	AU-BS02a_20150702_034000.wav	BS15_AU_02a
62	Spectrogram 1	1	4577.263177654	4578.180692006	89.4	170.8	152.263	AU-BS02a_20150702_034000.wav	BS15_AU_02a
63	Waveform 1	1	4612.045373671	4613.046298419	93.9	188.9	187.045	AU-BS02a_20150702_034000.wav	BS15_AU_02a
63	Spectrogram 1	1	4612.045373671	4613.046298419	93.9	188.9	187.045	AU-BS02a_20150702_034000.wav	BS15_AU_02a
64	Waveform 1	1	4700.518957327	4701.297454353	64.5	159.5	50.519	AU-BS02a_20150702_034730.wav	BS15_AU_02a
64	Spectrogram 1	1	4700.518957327	4701.297454353	64.5	159.5	50.519	AU-BS02a_20150702_034730.wav	BS15_AU_02a
65	Waveform 1	1	4793.488379619	4794.461500901	103.0	193.5	143.488	AU-BS02a_20150702_034730.wav	BS15_AU_02a
65	Spectrogram 1	1	4793.488379619	4794.461500901	103.0	193.5	143.488	AU-BS02a_20150702_034730.wav	BS15_AU_02a
66	Waveform 1	1	4809.989766740	4810.879477627	71.3	148.2	9.990	AU-BS02a_20150702_181730.wav	BS15_AU_02a
66	Spectrogram 1	1	4809.989766740	4810.879477627	71.3	148.2	9.990	AU-BS02a_20150702_181730.wav	BS15_AU_02a
67	Waveform 1	1	4862.154738036	4863.211269715	62.2	211.6	62.155	AU-BS02a_20150702_181730.wav	BS15_AU_02a
67	Spectrogram 1	1	4862.154738036	4863.211269715	62.2	211.6	62.155	AU-BS02a_20150702_181730.wav	BS15_AU_02a
68	Waveform 1	1	5158.568091024	5159.708033098	69.0	236.4	208.568	AU-BS02a_20150711_073000.wav	BS15_AU_02a
68	Spectrogram 1	1	5158.568091024	5159.708033098	69.0	236.4	208.568	AU-BS02a_20150711_073000.wav	BS15_AU_02a
69	Waveform 1	1	5170.634794926	5171.496702348	69.0	218.3	220.635	AU-BS02a_20150711_073000.wav	BS15_AU_02a
69	Spectrogram 1	1	5170.634794926	5171.496702348	69.0	218.3	220.635	AU-BS02a_20150711_073000.wav	BS15_AU_02a
70	Waveform 1	1	5246.513408841	5247.291905867	91.6	191.2	71.513	AU-BS02a_20150716_224000.wav	BS15_AU_02a
70	Spectrogram 1	1	5246.513408841	5247.291905867	91.6	191.2	71.513	AU-BS02a_20150716_224000.wav	BS15_AU_02a
71	Waveform 1	1	5270.961038528	5272.295604858	64.5	186.7	95.961	AU-BS02a_20150716_224000.wav	BS15_AU_02a
71	Spectrogram 1	1	5270.961038528	5272.295604858	64.5	186.7	95.961	AU-BS02a_20150716_224000.wav	BS15_AU_02a
72	Waveform 1	1	5285.543986549	5286.461500901	91.6	227.4	110.544	AU-BS02a_20150716_224000.wav	BS15_AU_02a
72	Spectrogram 1	1	5285.543986549	5286.461500901	91.6	227.4	110.544	AU-BS02a_20150716_224000.wav	BS15_AU_02a
73	Waveform 1	1	5542.070402893	5542.932310315	69.0	170.8	142.070	AU-BS02a_20150716_225345.wav	BS15_AU_02a
73	Spectrogram 1	1	5542.070402893	5542.932310315	69.0	170.8	142.070	AU-BS02a_20150716_225345.wav	BS15_AU_02a
74	Waveform 1	1	5590.823870697	5591.657974653	78.1	213.8	190.824	AU-BS02a_20150716_225345.wav	BS15_AU_02a
74	Spectrogram 1	1	5590.823870697	5591.657974653	78.1	213.8	190.824	AU-BS02a_20150716_225345.wav	BS15_AU_02a
75	Waveform 1	1	5627.101905349	5628.353061284	112.0	202.5	2.102	AU-BS02a_20150716_225730.wav	BS15_AU_02a
75	Spectrogram 1	1	5627.101905349	5628.353061284	112.0	202.5	2.102	AU-BS02a_20150716_225730.wav	BS15_AU_02a
76	Waveform 1	1	5697.658899401	5698.493003357	78.1	184.4	72.659	AU-BS02a_20150716_225730.wav	BS15_AU_02a
76	Spectrogram 1	1	5697.658899401	5698.493003357	78.1	184.4	72.659	AU-BS02a_20150716_225730.wav	BS15_AU_02a
77	Waveform 1	1	5934.378090506	5935.601442975	60.0	148.2	159.378	AU-BS02a_20150717_033345.wav	BS15_AU_02a
77	Spectrogram 1	1	5934.378090506	5935.601442975	60.0	148.2	159.378	AU-BS02a_20150717_033345.wav	BS15_AU_02a
78	Waveform 1	1	5970.211269715	5971.768263766	82.6	184.4	195.211	AU-BS02a_20150717_033345.wav	BS15_AU_02a
78	Spectrogram 1	1	5970.211269715	5971.768263766	82.6	184.4	195.211	AU-BS02a_20150717_033345.wav	BS15_AU_02a
79	Waveform 1	1	6012.322483575	6013.434622184	89.4	186.7	12.323	AU-BS02a_20150717_033730.wav	BS15_AU_02a
79	Spectrogram 1	1	6012.322483575	6013.434622184	89.4	186.7	12.323	AU-BS02a_20150717_033730.wav	BS15_AU_02a
80	Waveform 1	1	6111.322483575	6112.601442975	55.4	166.3	111.323	AU-BS02a_20150717_033730.wav	BS15_AU_02a
80	Spectrogram 1	1	6111.322483575	6112.601442975	55.4	166.3	111.323	AU-BS02a_20150717_033730.wav	BS15_AU_02a
81	Waveform 1	1	6162.925837081	6164.010172224	105.2	227.4	12.926	AU-BS02a_20150717_034000.wav	BS15_AU_02a
81	Spectrogram 1	1	6162.925837081	6164.010172224	105.2	227.4	12.926	AU-BS02a_20150717_034000.wav	BS15_AU_02a
82	Waveform 1	1	6559.687627614	6561.049997409	80.3	202.5	184.688	AU-BS02a_20150725_062345.wav	BS15_AU_02a
82	Spectrogram 1	1	6559.687627614	6561.049997409	80.3	202.5	184.688	AU-BS02a_20150725_062345.wav	BS15_AU_02a
83	Waveform 1	1	6638.321558828	6639.211269715	69.0	168.6	38.322	AU-BS02a_20150725_063730.wav	BS15_AU_02a
83	Spectrogram 1	1	6638.321558828	6639.211269715	69.0	168.6	38.322	AU-BS02a_20150725_063730.wav	BS15_AU_02a
84	Waveform 1	1	6707.874853889	6708.792368241	69.0	152.7	107.875	AU-BS02a_20150725_063730.wav	BS15_AU_02a
84	Spectrogram 1	1	6707.874853889	6708.792368241	69.0	152.7	107.875	AU-BS02a_20150725_063730.wav	BS15_AU_02a
85	Waveform 1	1	6990.072252388	6991.712656836	66.8	173.1	15.072	AU-BS02a_20150725_065730.wav	BS15_AU_02a
85	Spectrogram 1	1	6990.072252388	6991.712656836	66.8	173.1	15.072	AU-BS02a_20150725_065730.wav	BS15_AU_02a
86	Waveform 1	1	7060.823870697	7062.241847423	57.7	170.8	85.824	AU-BS02a_20150725_065730.wav	BS15_AU_02a
86	Spectrogram 1	1	7060.823870697	7062.241847423	57.7	170.8	85.824	AU-BS02a_20150725_065730.wav	BS15_AU_02a
87	Waveform 1	1	7079.766414271	7081.239997927	62.2	170.8	104.766	AU-BS02a_20150725_065730.wav	BS15_AU_02a
87	Spectrogram 1	1	7079.766414271	7081.239997927	62.2	170.8	104.766	AU-BS02a_20150725_065730.wav	BS15_AU_02a
88	Waveform 1	1	7137.767339019	7139.074101884	71.3	193.5	12.767	AU-BS02a_20150725_071000.wav	BS15_AU_02a
88	Spectrogram 1	1	7137.767339019	7139.074101884	71.3	193.5	12.767	AU-BS02a_20150725_071000.wav	BS15_AU_02a
89	Waveform 1	1	7319.735836563	7320.542137054	105.2	195.7	194.736	AU-BS02a_20150725_071000.wav	BS15_AU_02a
89	Spectrogram 1	1	7319.735836563	7320.542137054	105.2	195.7	194.736	AU-BS02a_20150725_071000.wav	BS15_AU_02a
90	Waveform 1	1	7572.850749414	7573.740460301	73.5	175.4	222.851	AU-BS02a_20150729_003345.wav	BS15_AU_02a
90	Spectrogram 1	1	7572.850749414	7573.740460301	73.5	175.4	222.851	AU-BS02a_20150729_003345.wav	BS15_AU_02a
91	Waveform 1	1	7621.126009824	7622.210344967	71.3	136.9	46.126	AU-BS02a_20150729_003730.wav	BS15_AU_02a
91	Spectrogram 1	1	7621.126009824	7622.210344967	71.3	136.9	46.126	AU-BS02a_20150729_003730.wav	BS15_AU_02a
92	Waveform 1	1	7700.657974653	7701.436471679	48.7	132.4	125.658	AU-BS02a_20150729_003730.wav	BS15_AU_02a
92	Spectrogram 1	1	7700.657974653	7701.436471679	48.7	132.4	125.658	AU-BS02a_20150729_003730.wav	BS15_AU_02a
93	Waveform 1	1	7841.877628132	7843.295604858	35.1	132.4	116.878	AU-BS02a_20150729_100345.wav	BS15_AU_02a
93	Spectrogram 1	1	7841.877628132	7843.295604858	35.1	132.4	116.878	AU-BS02a_20150729_100345.wav	BS15_AU_02a
94	Waveform 1	1	8007.986992497	8009.043524176	66.8	150.5	57.987	AU-BS02a_20150730_014730.wav	BS15_AU_02a
94	Spectrogram 1	1	8007.986992497	8009.043524176	66.8	150.5	57.987	AU-BS02a_20150730_014730.wav	BS15_AU_02a
95	Waveform 1	1	8236.048147914	8237.438321175	64.5	188.9	136.048	AU-BS02a_20150730_020730.wav	BS15_AU_02a
95	Spectrogram 1	1	8236.048147914	8237.438321175	64.5	188.9	136.048	AU-BS02a_20150730_020730.wav	BS15_AU_02a
96	Waveform 1	1	8318.710807341	8319.795142484	64.5	139.2	68.711	AU-BS02a_20150730_021000.wav	BS15_AU_02a
96	Spectrogram 1	1	8318.710807341	8319.795142484	64.5	139.2	68.711	AU-BS02a_20150730_021000.wav	BS15_AU_02a
97	Waveform 1	1	8416.312311351	8417.368843029	75.8	157.3	166.312	AU-BS02a_20150730_021000.wav	BS15_AU_02a
97	Spectrogram 1	1	8416.312311351	8417.368843029	75.8	157.3	166.312	AU-BS02a_20150730_021000.wav	BS15_AU_02a
98	Waveform 1	1	8460.072252388	8461.184390997	64.5	139.2	210.072	AU-BS02a_20150730_021000.wav	BS15_AU_02a
98	Spectrogram 1	1	8460.072252388	8461.184390997	64.5	139.2	210.072	AU-BS02a_20150730_021000.wav	BS15_AU_02a
99	Waveform 1	1	8583.430923193	8585.488379619	48.7	168.6	108.431	AU-BS02a_20150801_030000.wav	BS15_AU_02a
99	Spectrogram 1	1	8583.430923193	8585.488379619	48.7	168.6	108.431	AU-BS02a_20150801_030000.wav	BS15_AU_02a
100	Waveform 1	1	8671.876703384	8673.600518228	53.2	229.7	196.877	AU-BS02a_20150801_030000.wav	BS15_AU_02a
100	Spectrogram 1	1	8671.876703384	8673.600518228	53.2	229.7	196.877	AU-BS02a_20150801_030000.wav	BS15_AU_02a
101	Waveform 1	1	8652.008322729	8653.898958364	32.8	202.5	177.008	AU-BS02a_20150801_030000.wav	BS15_AU_02a
101	Spectrogram 1	1	8652.008322729	8653.898958364	32.8	202.5	177.008	AU-BS02a_20150801_030000.wav	BS15_AU_02a
102	Waveform 1	1	8695.209420219	8696.822021202	39.6	125.6	220.209	AU-BS02a_20150801_030000.wav	BS15_AU_02a
102	Spectrogram 1	1	8695.209420219	8696.822021202	39.6	125.6	220.209	AU-BS02a_20150801_030000.wav	BS15_AU_02a
103	Waveform 1	1	8710.629246440	8712.075026631	93.9	184.4	10.629	AU-BS02a_20150801_031000.wav	BS15_AU_02a
103	Spectrogram 1	1	8710.629246440	8712.075026631	93.9	184.4	10.629	AU-BS02a_20150801_031000.wav	BS15_AU_02a
104	Waveform 1	1	8733.822945949	8735.546760792	44.1	177.6	33.823	AU-BS02a_20150801_031000.wav	BS15_AU_02a
104	Spectrogram 1	1	8733.822945949	8735.546760792	44.1	177.6	33.823	AU-BS02a_20150801_031000.wav	BS15_AU_02a
105	Waveform 1	1	8762.655200410	8763.989766740	69.0	186.7	62.655	AU-BS02a_20150801_031000.wav	BS15_AU_02a
105	Spectrogram 1	1	8762.655200410	8763.989766740	69.0	186.7	62.655	AU-BS02a_20150801_031000.wav	BS15_AU_02a
106	Waveform 1	1	8795.602367723	8797.214968705	39.6	175.4	95.602	AU-BS02a_20150801_031000.wav	BS15_AU_02a
106	Spectrogram 1	1	8795.602367723	8797.214968705	39.6	175.4	95.602	AU-BS02a_20150801_031000.wav	BS15_AU_02a
107	Waveform 1	1	8821.876703384	8823.795142484	57.7	175.4	121.877	AU-BS02a_20150801_031000.wav	BS15_AU_02a
107	Spectrogram 1	1	8821.876703384	8823.795142484	57.7	175.4	121.877	AU-BS02a_20150801_031000.wav	BS15_AU_02a
108	Waveform 1	1	8854.682079128	8856.711732088	73.5	220.6	154.682	AU-BS02a_20150801_031000.wav	BS15_AU_02a
108	Spectrogram 1	1	8854.682079128	8856.711732088	73.5	220.6	154.682	AU-BS02a_20150801_031000.wav	BS15_AU_02a
109	Waveform 1	1	8887.570865267	8888.988841993	80.3	186.7	187.571	AU-BS02a_20150801_031000.wav	BS15_AU_02a
109	Spectrogram 1	1	8887.570865267	8888.988841993	80.3	186.7	187.571	AU-BS02a_20150801_031000.wav	BS15_AU_02a
110	Waveform 1	1	8930.154738036	8931.961963275	96.2	229.7	5.155	AU-BS02a_20150801_031345.wav	BS15_AU_02a
110	Spectrogram 1	1	8930.154738036	8931.961963275	96.2	229.7	5.155	AU-BS02a_20150801_031345.wav	BS15_AU_02a
111	Waveform 1	1	8949.464275144	8951.021269196	71.3	202.5	24.464	AU-BS02a_20150801_031345.wav	BS15_AU_02a
111	Spectrogram 1	1	8949.464275144	8951.021269196	71.3	202.5	24.464	AU-BS02a_20150801_031345.wav	BS15_AU_02a
112	Waveform 1	1	8974.156587532	8975.936009305	44.1	159.5	49.157	AU-BS02a_20150801_031345.wav	BS15_AU_02a
112	Spectrogram 1	1	8974.156587532	8975.936009305	44.1	159.5	49.157	AU-BS02a_20150801_031345.wav	BS15_AU_02a
113	Waveform 1	1	8991.656125158	8992.879477627	37.3	150.5	66.656	AU-BS02a_20150801_031345.wav	BS15_AU_02a
113	Spectrogram 1	1	8991.656125158	8992.879477627	37.3	150.5	66.656	AU-BS02a_20150801_031345.wav	BS15_AU_02a
114	Waveform 1	1	9009.906356345	9011.352136536	82.6	157.3	84.906	AU-BS02a_20150801_031345.wav	BS15_AU_02a
114	Spectrogram 1	1	9009.906356345	9011.352136536	82.6	157.3	84.906	AU-BS02a_20150801_031345.wav	BS15_AU_02a
115	Waveform 1	1	9056.210344967	9057.711732088	53.2	148.2	131.210	AU-BS02a_20150801_031345.wav	BS15_AU_02a
115	Spectrogram 1	1	9056.210344967	9057.711732088	53.2	148.2	131.210	AU-BS02a_20150801_031345.wav	BS15_AU_02a
116	Waveform 1	1	9098.182541502	9100.184390997	39.6	177.6	173.183	AU-BS02a_20150801_031345.wav	BS15_AU_02a
116	Spectrogram 1	1	9098.182541502	9100.184390997	39.6	177.6	173.183	AU-BS02a_20150801_031345.wav	BS15_AU_02a
117	Waveform 1	1	9125.157512279	9127.242772170	53.2	222.9	200.158	AU-BS02a_20150801_031345.wav	BS15_AU_02a
117	Spectrogram 1	1	9125.157512279	9127.242772170	53.2	222.9	200.158	AU-BS02a_20150801_031345.wav	BS15_AU_02a
118	Waveform 1	1	9171.350287041	9173.407743466	64.5	177.6	21.350	AU-BS02a_20150801_032000.wav	BS15_AU_02a
118	Spectrogram 1	1	9171.350287041	9173.407743466	64.5	177.6	21.350	AU-BS02a_20150801_032000.wav	BS15_AU_02a
119	Waveform 1	1	9195.350287041	9197.046298419	46.4	175.4	45.350	AU-BS02a_20150801_032000.wav	BS15_AU_02a
119	Spectrogram 1	1	9195.350287041	9197.046298419	46.4	175.4	45.350	AU-BS02a_20150801_032000.wav	BS15_AU_02a
120	Waveform 1	1	9281.074101884	9282.603292471	48.7	175.4	131.074	AU-BS02a_20150801_032000.wav	BS15_AU_02a
120	Spectrogram 1	1	9281.074101884	9282.603292471	48.7	175.4	131.074	AU-BS02a_20150801_032000.wav	BS15_AU_02a
121	Waveform 1	1	9412.654275663	9414.016645458	60.0	139.2	37.654	AU-BS02a_20150801_032345.wav	BS15_AU_02a
121	Spectrogram 1	1	9412.654275663	9414.016645458	60.0	139.2	37.654	AU-BS02a_20150801_032345.wav	BS15_AU_02a
122	Waveform 1	1	9423.859072143	9425.332655800	37.3	116.5	48.859	AU-BS02a_20150801_032345.wav	BS15_AU_02a
122	Spectrogram 1	1	9423.859072143	9425.332655800	37.3	116.5	48.859	AU-BS02a_20150801_032345.wav	BS15_AU_02a
123	Waveform 1	1	9461.488379619	9463.239997927	46.4	148.2	86.488	AU-BS02a_20150801_032345.wav	BS15_AU_02a
123	Spectrogram 1	1	9461.488379619	9463.239997927	46.4	148.2	86.488	AU-BS02a_20150801_032345.wav	BS15_AU_02a
124	Waveform 1	1	9492.711732088	9494.240922675	41.9	164.0	117.712	AU-BS02a_20150801_032345.wav	BS15_AU_02a
124	Spectrogram 1	1	9492.711732088	9494.240922675	41.9	164.0	117.712	AU-BS02a_20150801_032345.wav	BS15_AU_02a
125	Waveform 1	1	9553.462425649	9555.047223166	64.5	161.8	178.462	AU-BS02a_20150801_032345.wav	BS15_AU_02a
125	Spectrogram 1	1	9553.462425649	9555.047223166	64.5	161.8	178.462	AU-BS02a_20150801_032345.wav	BS15_AU_02a
126	Waveform 1	1	9599.961038528	9601.434622184	78.1	175.4	224.961	AU-BS02a_20150801_032345.wav	BS15_AU_02a
126	Spectrogram 1	1	9599.961038528	9601.434622184	78.1	175.4	224.961	AU-BS02a_20150801_032345.wav	BS15_AU_02a
127	Waveform 1	1	9696.069478145	9698.238148432	37.3	193.5	96.069	AU-BS02a_20150801_032730.wav	BS15_AU_02a
127	Spectrogram 1	1	9696.069478145	9698.238148432	37.3	193.5	96.069	AU-BS02a_20150801_032730.wav	BS15_AU_02a
128	Waveform 1	1	9728.541212306	9729.514333589	37.3	127.8	128.541	AU-BS02a_20150801_032730.wav	BS15_AU_02a
128	Spectrogram 1	1	9728.541212306	9729.514333589	37.3	127.8	128.541	AU-BS02a_20150801_032730.wav	BS15_AU_02a
129	Waveform 1	1	9830.015720710	9830.766414271	78.1	145.9	80.016	AU-BS02a_20150801_033730.wav	BS15_AU_02a
129	Spectrogram 1	1	9830.015720710	9830.766414271	78.1	145.9	80.016	AU-BS02a_20150801_033730.wav	BS15_AU_02a
130	Waveform 1	1	9879.878552880	9881.324333071	44.1	191.2	129.879	AU-BS02a_20150801_033730.wav	BS15_AU_02a
130	Spectrogram 1	1	9879.878552880	9881.324333071	44.1	191.2	129.879	AU-BS02a_20150801_033730.wav	BS15_AU_02a
131	Waveform 1	1	9912.906356345	9914.518957327	44.1	186.7	12.906	AU-BS02a_20150801_034000.wav	BS15_AU_02a
131	Spectrogram 1	1	9912.906356345	9914.518957327	44.1	186.7	12.906	AU-BS02a_20150801_034000.wav	BS15_AU_02a
132	Waveform 1	1	9982.709882593	9983.655200410	69.0	150.5	82.710	AU-BS02a_20150801_034000.wav	BS15_AU_02a
132	Spectrogram 1	1	9982.709882593	9983.655200410	69.0	150.5	82.710	AU-BS02a_20150801_034000.wav	BS15_AU_02a
133	Waveform 1	1	10037.210344967	10038.461500901	50.9	148.2	137.210	AU-BS02a_20150801_034000.wav	BS15_AU_02a
133	Spectrogram 1	1	10037.210344967	10038.461500901	50.9	148.2	137.210	AU-BS02a_20150801_034000.wav	BS15_AU_02a
134	Waveform 1	1	10086.822945949	10088.379940001	32.8	193.5	186.823	AU-BS02a_20150801_034000.wav	BS15_AU_02a
134	Spectrogram 1	1	10086.822945949	10088.379940001	32.8	193.5	186.823	AU-BS02a_20150801_034000.wav	BS15_AU_02a
135	Waveform 1	1	10211.652426167	10213.292830615	53.2	213.8	86.652	AU-BS02a_20150801_034345.wav	BS15_AU_02a
135	Spectrogram 1	1	10211.652426167	10213.292830615	53.2	213.8	86.652	AU-BS02a_20150801_034345.wav	BS15_AU_02a
136	Waveform 1	1	10241.402194980	10243.320634080	30.6	168.6	116.402	AU-BS02a_20150801_034345.wav	BS15_AU_02a
136	Spectrogram 1	1	10241.402194980	10243.320634080	30.6	168.6	116.402	AU-BS02a_20150801_034345.wav	BS15_AU_02a
137	Waveform 1	1	10364.207570724	10366.042599428	44.1	166.3	14.208	AU-BS02a_20150801_034730.wav	BS15_AU_02a
137	Spectrogram 1	1	10364.207570724	10366.042599428	44.1	166.3	14.208	AU-BS02a_20150801_034730.wav	BS15_AU_02a
138	Waveform 1	1	10397.627396945	10399.212194462	48.7	159.5	47.627	AU-BS02a_20150801_034730.wav	BS15_AU_02a
138	Spectrogram 1	1	10397.627396945	10399.212194462	48.7	159.5	47.627	AU-BS02a_20150801_034730.wav	BS15_AU_02a
139	Waveform 1	1	10427.290981119	10429.070402893	48.7	179.9	77.291	AU-BS02a_20150801_034730.wav	BS15_AU_02a
139	Spectrogram 1	1	10427.290981119	10429.070402893	48.7	179.9	77.291	AU-BS02a_20150801_034730.wav	BS15_AU_02a
140	Waveform 1	1	10505.685778118	10507.353986031	44.1	182.1	5.686	AU-BS02a_20150801_035000.wav	BS15_AU_02a
140	Spectrogram 1	1	10505.685778118	10507.353986031	44.1	182.1	5.686	AU-BS02a_20150801_035000.wav	BS15_AU_02a
141	Waveform 1	1	10557.489304367	10559.518957327	48.7	209.3	57.489	AU-BS02a_20150801_035000.wav	BS15_AU_02a
141	Spectrogram 1	1	10557.489304367	10559.518957327	48.7	209.3	57.489	AU-BS02a_20150801_035000.wav	BS15_AU_02a
142	Waveform 1	1	10636.012021720	10637.819246959	30.6	155.0	136.012	AU-BS02a_20150801_035000.wav	BS15_AU_02a
142	Spectrogram 1	1	10636.012021720	10637.819246959	30.6	155.0	136.012	AU-BS02a_20150801_035000.wav	BS15_AU_02a
143	Waveform 1	1	10660.014795963	10661.933235062	44.1	148.2	160.015	AU-BS02a_20150801_035000.wav	BS15_AU_02a
143	Spectrogram 1	1	10660.014795963	10661.933235062	44.1	148.2	160.015	AU-BS02a_20150801_035000.wav	BS15_AU_02a
144	Waveform 1	1	10807.651501420	10809.236298937	39.6	175.4	82.651	AU-BS02a_20150801_035345.wav	BS15_AU_02a
144	Spectrogram 1	1	10807.651501420	10809.236298937	39.6	175.4	82.651	AU-BS02a_20150801_035345.wav	BS15_AU_02a
145	Waveform 1	1	10876.095432115	10877.708033098	50.9	184.4	151.095	AU-BS02a_20150801_035345.wav	BS15_AU_02a
145	Spectrogram 1	1	10876.095432115	10877.708033098	50.9	184.4	151.095	AU-BS02a_20150801_035345.wav	BS15_AU_02a
146	Waveform 1	1	11052.375316263	11054.043524176	41.9	179.9	102.375	AU-BS02a_20150801_035730.wav	BS15_AU_02a
146	Spectrogram 1	1	11052.375316263	11054.043524176	41.9	179.9	102.375	AU-BS02a_20150801_035730.wav	BS15_AU_02a
147	Waveform 1	1	11092.960113780	11094.378090506	96.2	241.0	142.960	AU-BS02a_20150801_035730.wav	BS15_AU_02a
147	Spectrogram 1	1	11092.960113780	11094.378090506	96.2	241.0	142.960	AU-BS02a_20150801_035730.wav	BS15_AU_02a
148	Waveform 1	1	11155.373466767	11156.902657354	103.0	170.8	55.373	AU-BS02a_20150801_040000.wav	BS15_AU_02a
148	Spectrogram 1	1	11155.373466767	11156.902657354	103.0	170.8	55.373	AU-BS02a_20150801_040000.wav	BS15_AU_02a
149	Waveform 1	1	11188.126009824	11189.404969223	53.2	143.7	88.126	AU-BS02a_20150801_040000.wav	BS15_AU_02a
149	Spectrogram 1	1	11188.126009824	11189.404969223	53.2	143.7	88.126	AU-BS02a_20150801_040000.wav	BS15_AU_02a
150	Waveform 1	1	11241.236298937	11242.459651406	57.7	136.9	141.236	AU-BS02a_20150801_040000.wav	BS15_AU_02a
150	Spectrogram 1	1	11241.236298937	11242.459651406	57.7	136.9	141.236	AU-BS02a_20150801_040000.wav	BS15_AU_02a
151	Waveform 1	1	11265.681154380	11267.210344967	57.7	216.1	165.681	AU-BS02a_20150801_040000.wav	BS15_AU_02a
151	Spectrogram 1	1	11265.681154380	11267.210344967	57.7	216.1	165.681	AU-BS02a_20150801_040000.wav	BS15_AU_02a
152	Waveform 1	1	11311.987917245	11313.489304367	44.1	157.3	211.988	AU-BS02a_20150801_040000.wav	BS15_AU_02a
152	Spectrogram 1	1	11311.987917245	11313.489304367	44.1	157.3	211.988	AU-BS02a_20150801_040000.wav	BS15_AU_02a
153	Waveform 1	1	11360.738610806	11362.518032580	53.2	179.9	35.739	AU-BS02a_20150801_040345.wav	BS15_AU_02a
153	Spectrogram 1	1	11360.738610806	11362.518032580	53.2	179.9	35.739	AU-BS02a_20150801_040345.wav	BS15_AU_02a
155	Waveform 1	1	11454.430923193	11455.848899919	44.1	166.3	129.431	AU-BS02a_20150801_040345.wav	BS15_AU_02a
155	Spectrogram 1	1	11454.430923193	11455.848899919	44.1	166.3	129.431	AU-BS02a_20150801_040345.wav	BS15_AU_02a
156	Waveform 1	1	11611.126009824	11612.627396945	62.2	179.9	61.126	AU-BS02a_20150801_041000.wav	BS15_AU_02a
156	Spectrogram 1	1	11611.126009824	11612.627396945	62.2	179.9	61.126	AU-BS02a_20150801_041000.wav	BS15_AU_02a
157	Waveform 1	1	11648.680229632	11649.959189032	55.4	284.0	98.680	AU-BS02a_20150801_041000.wav	BS15_AU_02a
157	Spectrogram 1	1	11648.680229632	11649.959189032	55.4	284.0	98.680	AU-BS02a_20150801_041000.wav	BS15_AU_02a
158	Waveform 1	1	11701.987917245	11703.878552880	39.6	195.7	151.988	AU-BS02a_20150801_041000.wav	BS15_AU_02a
158	Spectrogram 1	1	11701.987917245	11703.878552880	39.6	195.7	151.988	AU-BS02a_20150801_041000.wav	BS15_AU_02a
159	Waveform 1	1	11738.624622702	11740.376241010	41.9	177.6	188.625	AU-BS02a_20150801_041000.wav	BS15_AU_02a
159	Spectrogram 1	1	11738.624622702	11740.376241010	41.9	177.6	188.625	AU-BS02a_20150801_041000.wav	BS15_AU_02a
160	Waveform 1	1	11802.875778637	11804.599593480	55.4	170.8	27.876	AU-BS02a_20150801_041730.wav	BS15_AU_02a
160	Spectrogram 1	1	11802.875778637	11804.599593480	55.4	170.8	27.876	AU-BS02a_20150801_041730.wav	BS15_AU_02a
161	Waveform 1	1	11857.570865267	11859.072252388	39.6	157.3	82.571	AU-BS02a_20150801_041730.wav	BS15_AU_02a
161	Spectrogram 1	1	11857.570865267	11859.072252388	39.6	157.3	82.571	AU-BS02a_20150801_041730.wav	BS15_AU_02a
162	Waveform 1	1	11882.460576154	11884.073177136	35.1	141.4	107.461	AU-BS02a_20150801_041730.wav	BS15_AU_02a
162	Spectrogram 1	1	11882.460576154	11884.073177136	35.1	141.4	107.461	AU-BS02a_20150801_041730.wav	BS15_AU_02a
163	Waveform 1	1	11905.070402893	11906.404969223	48.7	116.5	130.070	AU-BS02a_20150801_041730.wav	BS15_AU_02a
163	Spectrogram 1	1	11905.070402893	11906.404969223	48.7	116.5	130.070	AU-BS02a_20150801_041730.wav	BS15_AU_02a
164	Waveform 1	1	12013.926761829	12014.899883111	69.0	132.4	88.927	AU-BS02a_20150801_080000.wav	BS15_AU_02a
164	Spectrogram 1	1	12013.926761829	12014.899883111	69.0	132.4	88.927	AU-BS02a_20150801_080000.wav	BS15_AU_02a
165	Waveform 1	1	12028.189939483	12029.413291952	73.5	191.2	103.190	AU-BS02a_20150801_080000.wav	BS15_AU_02a
165	Spectrogram 1	1	12028.189939483	12029.413291952	73.5	191.2	103.190	AU-BS02a_20150801_080000.wav	BS15_AU_02a
166	Waveform 1	1	12071.849824667	12072.739535554	123.3	204.8	146.850	AU-BS02a_20150801_080000.wav	BS15_AU_02a
166	Spectrogram 1	1	12071.849824667	12072.739535554	123.3	204.8	146.850	AU-BS02a_20150801_080000.wav	BS15_AU_02a
167	Waveform 1	1	12118.095432115	12119.290981119	121.1	259.1	193.095	AU-BS02a_20150801_080000.wav	BS15_AU_02a
167	Spectrogram 1	1	12118.095432115	12119.290981119	121.1	259.1	193.095	AU-BS02a_20150801_080000.wav	BS15_AU_02a
168	Waveform 1	1	12140.735836563	12141.430923193	98.4	225.1	215.736	AU-BS02a_20150801_080000.wav	BS15_AU_02a
168	Spectrogram 1	1	12140.735836563	12141.430923193	98.4	225.1	215.736	AU-BS02a_20150801_080000.wav	BS15_AU_02a
169	Waveform 1	1	12160.404044476	12161.099131106	103.0	222.9	10.404	AU-BS02a_20150801_080345.wav	BS15_AU_02a
169	Spectrogram 1	1	12160.404044476	12161.099131106	103.0	222.9	10.404	AU-BS02a_20150801_080345.wav	BS15_AU_02a
170	Waveform 1	1	12163.184390997	12163.935084558	118.8	227.4	13.184	AU-BS02a_20150801_080345.wav	BS15_AU_02a
170	Spectrogram 1	1	12163.184390997	12163.935084558	118.8	227.4	13.184	AU-BS02a_20150801_080345.wav	BS15_AU_02a
171	Waveform 1	1	12341.816472716	12342.622773207	78.1	136.9	191.816	AU-BS02a_20150801_080345.wav	BS15_AU_02a
171	Spectrogram 1	1	12341.816472716	12342.622773207	78.1	136.9	191.816	AU-BS02a_20150801_080345.wav	BS15_AU_02a
172	Waveform 1	1	12372.711732088	12373.935084558	66.8	161.8	222.712	AU-BS02a_20150801_080345.wav	BS15_AU_02a
172	Spectrogram 1	1	12372.711732088	12373.935084558	66.8	161.8	222.712	AU-BS02a_20150801_080345.wav	BS15_AU_02a
173	Waveform 1	1	12408.850749414	12409.879477627	73.5	173.1	33.851	AU-BS02a_20150801_080730.wav	BS15_AU_02a
173	Spectrogram 1	1	12408.850749414	12409.879477627	73.5	173.1	33.851	AU-BS02a_20150801_080730.wav	BS15_AU_02a
174	Waveform 1	1	12411.992540983	12412.548610288	114.3	222.9	36.993	AU-BS02a_20150801_080730.wav	BS15_AU_02a
174	Spectrogram 1	1	12411.992540983	12412.548610288	114.3	222.9	36.993	AU-BS02a_20150801_080730.wav	BS15_AU_02a
175	Waveform 1	1	12438.700635116	12439.395721747	98.4	170.8	63.701	AU-BS02a_20150801_080730.wav	BS15_AU_02a
175	Spectrogram 1	1	12438.700635116	12439.395721747	98.4	170.8	63.701	AU-BS02a_20150801_080730.wav	BS15_AU_02a
176	Waveform 1	1	12456.911904831	12458.190864231	93.9	175.4	81.912	AU-BS02a_20150801_080730.wav	BS15_AU_02a
176	Spectrogram 1	1	12456.911904831	12458.190864231	93.9	175.4	81.912	AU-BS02a_20150801_080730.wav	BS15_AU_02a
177	Waveform 1	1	12479.460576154	12480.461500901	84.9	175.4	104.461	AU-BS02a_20150801_080730.wav	BS15_AU_02a
177	Spectrogram 1	1	12479.460576154	12480.461500901	84.9	175.4	104.461	AU-BS02a_20150801_080730.wav	BS15_AU_02a
178	Waveform 1	1	12505.626472197	12506.571790015	71.3	175.4	130.626	AU-BS02a_20150801_080730.wav	BS15_AU_02a
178	Spectrogram 1	1	12505.626472197	12506.571790015	71.3	175.4	130.626	AU-BS02a_20150801_080730.wav	BS15_AU_02a
179	Waveform 1	1	12538.623697954	12540.208495472	73.5	166.3	13.624	AU-BS02a_20150801_081000.wav	BS15_AU_02a
179	Spectrogram 1	1	12538.623697954	12540.208495472	73.5	166.3	13.624	AU-BS02a_20150801_081000.wav	BS15_AU_02a
180	Waveform 1	1	12565.181616754	12566.126934571	93.9	155.0	40.182	AU-BS02a_20150801_081000.wav	BS15_AU_02a
180	Spectrogram 1	1	12565.181616754	12566.126934571	93.9	155.0	40.182	AU-BS02a_20150801_081000.wav	BS15_AU_02a
181	Waveform 1	1	12625.818322211	12626.791443493	84.9	161.8	100.818	AU-BS02a_20150801_081000.wav	BS15_AU_02a
181	Spectrogram 1	1	12625.818322211	12626.791443493	84.9	161.8	100.818	AU-BS02a_20150801_081000.wav	BS15_AU_02a
182	Waveform 1	1	12647.068553398	12647.958264285	98.4	161.8	122.069	AU-BS02a_20150801_081000.wav	BS15_AU_02a
182	Spectrogram 1	1	12647.068553398	12647.958264285	98.4	161.8	122.069	AU-BS02a_20150801_081000.wav	BS15_AU_02a
183	Waveform 1	1	12668.321558828	12669.656125158	75.8	200.2	143.322	AU-BS02a_20150801_081000.wav	BS15_AU_02a
183	Spectrogram 1	1	12668.321558828	12669.656125158	75.8	200.2	143.322	AU-BS02a_20150801_081000.wav	BS15_AU_02a
184	Waveform 1	1	12688.570865267	12689.460576154	112.0	198.0	163.571	AU-BS02a_20150801_081000.wav	BS15_AU_02a
184	Spectrogram 1	1	12688.570865267	12689.460576154	112.0	198.0	163.571	AU-BS02a_20150801_081000.wav	BS15_AU_02a
185	Waveform 1	1	12890.874853889	12891.653350915	130.1	202.5	140.875	AU-BS02a_20150801_081345.wav	BS15_AU_02a
185	Spectrogram 1	1	12890.874853889	12891.653350915	130.1	202.5	140.875	AU-BS02a_20150801_081345.wav	BS15_AU_02a
186	Waveform 1	1	12924.736761311	12925.737686058	130.1	200.2	174.737	AU-BS02a_20150801_081345.wav	BS15_AU_02a
186	Spectrogram 1	1	12924.736761311	12925.737686058	130.1	200.2	174.737	AU-BS02a_20150801_081345.wav	BS15_AU_02a
187	Waveform 1	1	12952.323408323	12953.324333071	118.8	191.2	202.323	AU-BS02a_20150801_081345.wav	BS15_AU_02a
187	Spectrogram 1	1	12952.323408323	12953.324333071	118.8	191.2	202.323	AU-BS02a_20150801_081345.wav	BS15_AU_02a
188	Waveform 1	1	12984.820171706	12985.654275663	107.5	173.1	9.820	AU-BS02a_20150801_081730.wav	BS15_AU_02a
188	Spectrogram 1	1	12984.820171706	12985.654275663	107.5	173.1	9.820	AU-BS02a_20150801_081730.wav	BS15_AU_02a
189	Waveform 1	1	13059.683928623	13060.434622184	114.3	193.5	84.684	AU-BS02a_20150801_081730.wav	BS15_AU_02a
189	Spectrogram 1	1	13059.683928623	13060.434622184	114.3	193.5	84.684	AU-BS02a_20150801_081730.wav	BS15_AU_02a
190	Waveform 1	1	13114.929536072	13116.041674680	71.3	204.8	139.930	AU-BS02a_20150801_081730.wav	BS15_AU_02a
190	Spectrogram 1	1	13114.929536072	13116.041674680	71.3	204.8	139.930	AU-BS02a_20150801_081730.wav	BS15_AU_02a
191	Waveform 1	1	13152.900807859	13154.513408841	64.5	188.9	27.901	AU-BS02a_20150801_082000.wav	BS15_AU_02a
191	Spectrogram 1	1	13152.900807859	13154.513408841	64.5	188.9	27.901	AU-BS02a_20150801_082000.wav	BS15_AU_02a
192	Waveform 1	1	13188.211269715	13189.295604858	78.1	150.5	63.211	AU-BS02a_20150801_082000.wav	BS15_AU_02a
192	Spectrogram 1	1	13188.211269715	13189.295604858	78.1	150.5	63.211	AU-BS02a_20150801_082000.wav	BS15_AU_02a
193	Waveform 1	1	13237.787744503	13238.816472716	69.0	195.7	112.788	AU-BS02a_20150801_082000.wav	BS15_AU_02a
193	Spectrogram 1	1	13237.787744503	13238.816472716	69.0	195.7	112.788	AU-BS02a_20150801_082000.wav	BS15_AU_02a
194	Waveform 1	1	13271.571790015	13272.656125158	69.0	166.3	146.572	AU-BS02a_20150801_082000.wav	BS15_AU_02a
194	Spectrogram 1	1	13271.571790015	13272.656125158	69.0	166.3	146.572	AU-BS02a_20150801_082000.wav	BS15_AU_02a
195	Waveform 1	1	13413.767339019	13414.518032580	69.0	186.7	63.767	AU-BS02a_20150801_082345.wav	BS15_AU_02a
195	Spectrogram 1	1	13413.767339019	13414.518032580	69.0	186.7	63.767	AU-BS02a_20150801_082345.wav	BS15_AU_02a
196	Waveform 1	1	13447.073177136	13447.740460301	93.9	202.5	97.073	AU-BS02a_20150801_082345.wav	BS15_AU_02a
196	Spectrogram 1	1	13447.073177136	13447.740460301	93.9	202.5	97.073	AU-BS02a_20150801_082345.wav	BS15_AU_02a
197	Waveform 1	1	13651.404044476	13652.182541502	109.7	182.1	76.404	AU-BS02a_20150801_083000.wav	BS15_AU_02a
197	Spectrogram 1	1	13651.404044476	13652.182541502	109.7	182.1	76.404	AU-BS02a_20150801_083000.wav	BS15_AU_02a
198	Waveform 1	1	13686.878552880	13687.823870697	109.7	193.5	111.879	AU-BS02a_20150801_083000.wav	BS15_AU_02a
198	Spectrogram 1	1	13686.878552880	13687.823870697	109.7	193.5	111.879	AU-BS02a_20150801_083000.wav	BS15_AU_02a
199	Waveform 1	1	13855.540287559	13856.902657354	96.2	188.9	55.540	AU-BS02a_20150801_083345.wav	BS15_AU_02a
199	Spectrogram 1	1	13855.540287559	13856.902657354	96.2	188.9	55.540	AU-BS02a_20150801_083345.wav	BS15_AU_02a
200	Waveform 1	1	13881.433697436	13883.129708814	139.2	207.0	81.434	AU-BS02a_20150801_083345.wav	BS15_AU_02a
200	Spectrogram 1	1	13881.433697436	13883.129708814	139.2	207.0	81.434	AU-BS02a_20150801_083345.wav	BS15_AU_02a
201	Waveform 1	1	13908.600518228	13909.907281093	132.4	211.6	108.601	AU-BS02a_20150801_083345.wav	BS15_AU_02a
201	Spectrogram 1	1	13908.600518228	13909.907281093	132.4	211.6	108.601	AU-BS02a_20150801_083345.wav	BS15_AU_02a
202	Waveform 1	1	14017.762715280	14018.986067750	112.0	195.7	217.763	AU-BS02a_20150801_083345.wav	BS15_AU_02a
202	Spectrogram 1	1	14017.762715280	14018.986067750	112.0	195.7	217.763	AU-BS02a_20150801_083345.wav	BS15_AU_02a
203	Waveform 1	1	14051.624622702	14052.847975171	87.1	243.2	26.625	AU-BS02a_20150801_083730.wav	BS15_AU_02a
203	Spectrogram 1	1	14051.624622702	14052.847975171	87.1	243.2	26.625	AU-BS02a_20150801_083730.wav	BS15_AU_02a
204	Waveform 1	1	14101.682079128	14102.683003875	71.3	170.8	76.682	AU-BS02a_20150801_083730.wav	BS15_AU_02a
204	Spectrogram 1	1	14101.682079128	14102.683003875	71.3	170.8	76.682	AU-BS02a_20150801_083730.wav	BS15_AU_02a
205	Waveform 1	1	14159.349362293	14160.294680110	82.6	182.1	134.349	AU-BS02a_20150801_083730.wav	BS15_AU_02a
205	Spectrogram 1	1	14159.349362293	14160.294680110	82.6	182.1	134.349	AU-BS02a_20150801_083730.wav	BS15_AU_02a
206	Waveform 1	1	14282.847050424	14283.931385567	75.8	175.4	107.847	AU-BS02a_20150801_084000.wav	BS15_AU_02a
206	Spectrogram 1	1	14282.847050424	14283.931385567	75.8	175.4	107.847	AU-BS02a_20150801_084000.wav	BS15_AU_02a
207	Waveform 1	1	14481.931385567	14482.709882593	69.0	177.6	81.931	AU-BS02a_20150801_084345.wav	BS15_AU_02a
207	Spectrogram 1	1	14481.931385567	14482.709882593	69.0	177.6	81.931	AU-BS02a_20150801_084345.wav	BS15_AU_02a
208	Waveform 1	1	14587.045373671	14587.962888023	103.0	166.3	187.045	AU-BS02a_20150801_084345.wav	BS15_AU_02a
208	Spectrogram 1	1	14587.045373671	14587.962888023	103.0	166.3	187.045	AU-BS02a_20150801_084345.wav	BS15_AU_02a
209	Waveform 1	1	14719.237223684	14720.321558828	93.9	202.5	94.237	AU-BS02a_20150801_084730.wav	BS15_AU_02a
209	Spectrogram 1	1	14719.237223684	14720.321558828	93.9	202.5	94.237	AU-BS02a_20150801_084730.wav	BS15_AU_02a
210	Waveform 1	1	14763.266876645	14764.100980601	116.5	182.1	138.267	AU-BS02a_20150801_084730.wav	BS15_AU_02a
210	Spectrogram 1	1	14763.266876645	14764.100980601	116.5	182.1	138.267	AU-BS02a_20150801_084730.wav	BS15_AU_02a
211	Waveform 1	1	14848.212194462	14849.157512279	125.6	204.8	73.212	AU-BS02a_20150801_085000.wav	BS15_AU_02a
211	Spectrogram 1	1	14848.212194462	14849.157512279	125.6	204.8	73.212	AU-BS02a_20150801_085000.wav	BS15_AU_02a
212	Waveform 1	1	14937.405893971	14938.712656836	66.8	159.5	162.406	AU-BS02a_20150801_085000.wav	BS15_AU_02a
212	Spectrogram 1	1	14937.405893971	14938.712656836	66.8	159.5	162.406	AU-BS02a_20150801_085000.wav	BS15_AU_02a
213	Waveform 1	1	15002.268726140	15003.186240492	82.6	148.2	2.269	AU-BS02a_20150801_085345.wav	BS15_AU_02a
213	Spectrogram 1	1	15002.268726140	15003.186240492	82.6	148.2	2.269	AU-BS02a_20150801_085345.wav	BS15_AU_02a
214	Waveform 1	1	15046.351211788	15047.491153862	84.9	175.4	46.351	AU-BS02a_20150801_085345.wav	BS15_AU_02a
214	Spectrogram 1	1	15046.351211788	15047.491153862	84.9	175.4	46.351	AU-BS02a_20150801_085345.wav	BS15_AU_02a
215	Waveform 1	1	15078.653350915	15079.459651406	103.0	155.0	78.653	AU-BS02a_20150801_085345.wav	BS15_AU_02a
215	Spectrogram 1	1	15078.653350915	15079.459651406	103.0	155.0	78.653	AU-BS02a_20150801_085345.wav	BS15_AU_02a
216	Waveform 1	1	15198.600518228	15199.601442975	64.5	177.6	198.601	AU-BS02a_20150801_085345.wav	BS15_AU_02a
216	Spectrogram 1	1	15198.600518228	15199.601442975	64.5	177.6	198.601	AU-BS02a_20150801_085345.wav	BS15_AU_02a
217	Waveform 1	1	15328.515258337	15329.822021202	57.7	157.3	103.515	AU-BS02a_20150801_085730.wav	BS15_AU_02a
217	Spectrogram 1	1	15328.515258337	15329.822021202	57.7	157.3	103.515	AU-BS02a_20150801_085730.wav	BS15_AU_02a
218	Waveform 1	1	15384.069478145	15385.431847941	50.9	136.9	9.069	AU-BS02a_20150801_090000.wav	BS15_AU_02a
218	Spectrogram 1	1	15384.069478145	15385.431847941	50.9	136.9	9.069	AU-BS02a_20150801_090000.wav	BS15_AU_02a
219	Waveform 1	1	15553.740460301	15554.685778118	71.3	184.4	178.740	AU-BS02a_20150801_090000.wav	BS15_AU_02a
219	Spectrogram 1	1	15553.740460301	15554.685778118	71.3	184.4	178.740	AU-BS02a_20150801_090000.wav	BS15_AU_02a
220	Waveform 1	1	15580.768263766	15581.741385049	143.7	225.1	205.768	AU-BS02a_20150801_090000.wav	BS15_AU_02a
220	Spectrogram 1	1	15580.768263766	15581.741385049	143.7	225.1	205.768	AU-BS02a_20150801_090000.wav	BS15_AU_02a
221	Waveform 1	1	15627.711732088	15628.907281093	57.7	152.7	27.712	AU-BS02a_20150801_090345.wav	BS15_AU_02a
221	Spectrogram 1	1	15627.711732088	15628.907281093	57.7	152.7	27.712	AU-BS02a_20150801_090345.wav	BS15_AU_02a
222	Waveform 1	1	15700.545836045	15701.741385049	62.2	184.4	100.546	AU-BS02a_20150801_090345.wav	BS15_AU_02a
222	Spectrogram 1	1	15700.545836045	15701.741385049	62.2	184.4	100.546	AU-BS02a_20150801_090345.wav	BS15_AU_02a
223	Waveform 1	1	15801.544911297	15802.629246440	60.0	155.0	201.545	AU-BS02a_20150801_090345.wav	BS15_AU_02a
223	Spectrogram 1	1	15801.544911297	15802.629246440	60.0	155.0	201.545	AU-BS02a_20150801_090345.wav	BS15_AU_02a
224	Waveform 1	1	15872.157512279	15872.936009305	73.5	166.3	47.158	AU-BS02a_20150801_090730.wav	BS15_AU_02a
224	Spectrogram 1	1	15872.157512279	15872.936009305	73.5	166.3	47.158	AU-BS02a_20150801_090730.wav	BS15_AU_02a
225	Waveform 1	1	15924.600518228	15925.740460301	46.4	152.7	99.601	AU-BS02a_20150801_090730.wav	BS15_AU_02a
225	Spectrogram 1	1	15924.600518228	15925.740460301	46.4	152.7	99.601	AU-BS02a_20150801_090730.wav	BS15_AU_02a
226	Waveform 1	1	16088.902657354	16090.515258337	80.3	186.7	113.903	AU-BS02a_20150801_091000.wav	BS15_AU_02a
226	Spectrogram 1	1	16088.902657354	16090.515258337	80.3	186.7	113.903	AU-BS02a_20150801_091000.wav	BS15_AU_02a
227	Waveform 1	1	16141.459651406	16143.127859319	55.4	211.6	166.460	AU-BS02a_20150801_091000.wav	BS15_AU_02a
227	Spectrogram 1	1	16141.459651406	16143.127859319	55.4	211.6	166.460	AU-BS02a_20150801_091000.wav	BS15_AU_02a
228	Waveform 1	1	16369.935084558	16371.158437027	84.9	143.7	169.935	AU-BS02a_20150801_091345.wav	BS15_AU_02a
228	Spectrogram 1	1	16369.935084558	16371.158437027	84.9	143.7	169.935	AU-BS02a_20150801_091345.wav	BS15_AU_02a
229	Waveform 1	1	16374.049997409	16374.967511761	100.7	168.6	174.050	AU-BS02a_20150801_091345.wav	BS15_AU_02a
229	Spectrogram 1	1	16374.049997409	16374.967511761	100.7	168.6	174.050	AU-BS02a_20150801_091345.wav	BS15_AU_02a
230	Waveform 1	1	16402.712656836	16403.963812771	57.7	143.7	202.713	AU-BS02a_20150801_091345.wav	BS15_AU_02a
230	Spectrogram 1	1	16402.712656836	16403.963812771	57.7	143.7	202.713	AU-BS02a_20150801_091345.wav	BS15_AU_02a
231	Waveform 1	1	16426.657049906	16427.602367723	71.3	164.0	1.657	AU-BS02a_20150801_091730.wav	BS15_AU_02a
231	Spectrogram 1	1	16426.657049906	16427.602367723	71.3	164.0	1.657	AU-BS02a_20150801_091730.wav	BS15_AU_02a
232	Waveform 1	1	16624.715431079	16625.771962757	91.6	173.1	49.715	AU-BS02a_20150801_130345.wav	BS15_AU_02a
232	Spectrogram 1	1	16624.715431079	16625.771962757	91.6	173.1	49.715	AU-BS02a_20150801_130345.wav	BS15_AU_02a
233	Waveform 1	1	16801.684853371	16802.713581584	112.0	184.4	1.685	AU-BS02a_20150801_130730.wav	BS15_AU_02a
233	Spectrogram 1	1	16801.684853371	16802.713581584	112.0	184.4	1.685	AU-BS02a_20150801_130730.wav	BS15_AU_02a
234	Waveform 1	1	16832.655200410	16834.184390997	75.8	188.9	32.655	AU-BS02a_20150801_130730.wav	BS15_AU_02a
234	Spectrogram 1	1	16832.655200410	16834.184390997	75.8	188.9	32.655	AU-BS02a_20150801_130730.wav	BS15_AU_02a
235	Waveform 1	1	16865.733062320	16866.622773207	109.7	182.1	65.733	AU-BS02a_20150801_130730.wav	BS15_AU_02a
235	Spectrogram 1	1	16865.733062320	16866.622773207	109.7	182.1	65.733	AU-BS02a_20150801_130730.wav	BS15_AU_02a
236	Waveform 1	1	16886.710807341	16887.878552880	82.6	195.7	86.711	AU-BS02a_20150801_130730.wav	BS15_AU_02a
236	Spectrogram 1	1	16886.710807341	16887.878552880	82.6	195.7	86.711	AU-BS02a_20150801_130730.wav	BS15_AU_02a
237	Waveform 1	1	16918.796067232	16919.991616236	80.3	177.6	118.796	AU-BS02a_20150801_130730.wav	BS15_AU_02a
237	Spectrogram 1	1	16918.796067232	16919.991616236	80.3	177.6	118.796	AU-BS02a_20150801_130730.wav	BS15_AU_02a
238	Waveform 1	1	17036.877628132	17037.906356345	96.2	168.6	86.878	AU-BS02a_20150801_131000.wav	BS15_AU_02a
238	Spectrogram 1	1	17036.877628132	17037.906356345	96.2	168.6	86.878	AU-BS02a_20150801_131000.wav	BS15_AU_02a
239	Waveform 1	1	17067.461500901	17068.768263766	87.1	195.7	117.461	AU-BS02a_20150801_131000.wav	BS15_AU_02a
239	Spectrogram 1	1	17067.461500901	17068.768263766	87.1	195.7	117.461	AU-BS02a_20150801_131000.wav	BS15_AU_02a
240	Waveform 1	1	17109.024968187	17109.664447887	118.8	211.6	159.025	AU-BS02a_20150801_131000.wav	BS15_AU_02a
240	Spectrogram 1	1	17109.024968187	17109.664447887	118.8	211.6	159.025	AU-BS02a_20150801_131000.wav	BS15_AU_02a
241	Waveform 1	1	17294.988841993	17296.073177136	100.7	193.5	119.989	AU-BS02a_20150801_131345.wav	BS15_AU_02a
241	Spectrogram 1	1	17294.988841993	17296.073177136	100.7	193.5	119.989	AU-BS02a_20150801_131345.wav	BS15_AU_02a
242	Waveform 1	1	17374.765489523	17376.183466249	62.2	182.1	199.766	AU-BS02a_20150801_131345.wav	BS15_AU_02a
242	Spectrogram 1	1	17374.765489523	17376.183466249	62.2	182.1	199.766	AU-BS02a_20150801_131345.wav	BS15_AU_02a
243	Waveform 1	1	17470.017570206	17471.741385049	53.2	191.2	70.018	AU-BS02a_20150801_131730.wav	BS15_AU_02a
243	Spectrogram 1	1	17470.017570206	17471.741385049	53.2	191.2	70.018	AU-BS02a_20150801_131730.wav	BS15_AU_02a
244	Waveform 1	1	17515.823870697	17516.991616236	89.4	179.9	115.824	AU-BS02a_20150801_131730.wav	BS15_AU_02a
244	Spectrogram 1	1	17515.823870697	17516.991616236	89.4	179.9	115.824	AU-BS02a_20150801_131730.wav	BS15_AU_02a
245	Waveform 1	1	17641.017570206	17642.157512279	93.9	168.6	91.018	AU-BS02a_20150801_132000.wav	BS15_AU_02a
245	Spectrogram 1	1	17641.017570206	17642.157512279	93.9	168.6	91.018	AU-BS02a_20150801_132000.wav	BS15_AU_02a
246	Waveform 1	1	17921.210344967	17922.489304367	50.9	168.6	146.210	AU-BS02a_20150801_132345.wav	BS15_AU_02a
246	Spectrogram 1	1	17921.210344967	17922.489304367	50.9	168.6	146.210	AU-BS02a_20150801_132345.wav	BS15_AU_02a
247	Waveform 1	1	18072.711732088	18073.518032580	112.0	207.0	72.712	AU-BS02a_20150801_133000.wav	BS15_AU_02a
247	Spectrogram 1	1	18072.711732088	18073.518032580	112.0	207.0	72.712	AU-BS02a_20150801_133000.wav	BS15_AU_02a
248	Waveform 1	1	18122.516183084	18123.711732088	80.3	182.1	122.516	AU-BS02a_20150801_133000.wav	BS15_AU_02a
248	Spectrogram 1	1	18122.516183084	18123.711732088	80.3	182.1	122.516	AU-BS02a_20150801_133000.wav	BS15_AU_02a
249	Waveform 1	1	18151.267801393	18152.491153862	114.3	195.7	151.268	AU-BS02a_20150801_133000.wav	BS15_AU_02a
249	Spectrogram 1	1	18151.267801393	18152.491153862	114.3	195.7	151.268	AU-BS02a_20150801_133000.wav	BS15_AU_02a
250	Waveform 1	1	18193.879477627	18194.796991979	134.6	182.1	193.879	AU-BS02a_20150801_133000.wav	BS15_AU_02a
250	Spectrogram 1	1	18193.879477627	18194.796991979	134.6	182.1	193.879	AU-BS02a_20150801_133000.wav	BS15_AU_02a
251	Waveform 1	1	18266.599593480	18268.629246440	66.8	184.4	41.600	AU-BS02a_20150801_133730.wav	BS15_AU_02a
251	Spectrogram 1	1	18266.599593480	18268.629246440	66.8	184.4	41.600	AU-BS02a_20150801_133730.wav	BS15_AU_02a
252	Waveform 1	1	18448.737686058	18450.600518228	105.2	191.2	73.738	AU-BS02a_20150801_135000.wav	BS15_AU_02a
252	Spectrogram 1	1	18448.737686058	18450.600518228	105.2	191.2	73.738	AU-BS02a_20150801_135000.wav	BS15_AU_02a
253	Waveform 1	1	18494.210344967	18495.350287041	89.4	186.7	119.210	AU-BS02a_20150801_135000.wav	BS15_AU_02a
253	Spectrogram 1	1	18494.210344967	18495.350287041	89.4	186.7	119.210	AU-BS02a_20150801_135000.wav	BS15_AU_02a
254	Waveform 1	1	18592.017570206	18593.046298419	118.8	179.9	217.018	AU-BS02a_20150801_135000.wav	BS15_AU_02a
254	Spectrogram 1	1	18592.017570206	18593.046298419	118.8	179.9	217.018	AU-BS02a_20150801_135000.wav	BS15_AU_02a
255	Waveform 1	1	18629.182541502	18630.100055854	89.4	186.7	29.183	AU-BS02a_20150801_135345.wav	BS15_AU_02a
255	Spectrogram 1	1	18629.182541502	18630.100055854	89.4	186.7	29.183	AU-BS02a_20150801_135345.wav	BS15_AU_02a
256	Waveform 1	1	18685.573639510	18686.796991979	55.4	170.8	85.574	AU-BS02a_20150801_135345.wav	BS15_AU_02a
256	Spectrogram 1	1	18685.573639510	18686.796991979	55.4	170.8	85.574	AU-BS02a_20150801_135345.wav	BS15_AU_02a
257	Waveform 1	1	18699.961963275	18700.768263766	84.9	139.2	99.962	AU-BS02a_20150801_135345.wav	BS15_AU_02a
257	Spectrogram 1	1	18699.961963275	18700.768263766	84.9	139.2	99.962	AU-BS02a_20150801_135345.wav	BS15_AU_02a
258	Waveform 1	1	19030.848899919	19032.989766740	57.7	198.0	55.849	AU-BS02a_20150801_140345.wav	BS15_AU_02a
258	Spectrogram 1	1	19030.848899919	19032.989766740	57.7	198.0	55.849	AU-BS02a_20150801_140345.wav	BS15_AU_02a
259	Waveform 1	1	19201.462425649	19202.518957327	87.1	186.7	1.462	AU-BS02a_20150801_182000.wav	BS15_AU_02a
259	Spectrogram 1	1	19201.462425649	19202.518957327	87.1	186.7	1.462	AU-BS02a_20150801_182000.wav	BS15_AU_02a
260	Waveform 1	1	19249.499319932	19250.663110667	145.1	222.0	49.499	AU-BS02a_20150801_182000.wav	BS15_AU_02a
260	Spectrogram 1	1	19249.499319932	19250.663110667	145.1	222.0	49.499	AU-BS02a_20150801_182000.wav	BS15_AU_02a
261	Waveform 1	1	19527.756692294	19528.569498523	84.4	161.3	102.757	AU-BS02a_20150802_100000.wav	BS15_AU_02a
261	Spectrogram 1	1	19527.756692294	19528.569498523	84.4	161.3	102.757	AU-BS02a_20150802_100000.wav	BS15_AU_02a
262	Waveform 1	1	19652.097816467	19652.836731220	50.0	145.1	2.098	AU-BS02a_20150808_105345.wav	BS15_AU_02a
262	Spectrogram 1	1	19652.097816467	19652.836731220	50.0	145.1	2.098	AU-BS02a_20150808_105345.wav	BS15_AU_02a
263	Waveform 1	1	19684.384769834	19685.197576062	68.2	163.3	34.385	AU-BS02a_20150808_105345.wav	BS15_AU_02a
263	Spectrogram 1	1	19684.384769834	19685.197576062	68.2	163.3	34.385	AU-BS02a_20150808_105345.wav	BS15_AU_02a
264	Waveform 1	1	19755.941420983	19756.883537292	64.1	167.4	105.941	AU-BS02a_20150808_105345.wav	BS15_AU_02a
264	Spectrogram 1	1	19755.941420983	19756.883537292	64.1	167.4	105.941	AU-BS02a_20150808_105345.wav	BS15_AU_02a
265	Waveform 1	1	19768.059653447	19768.909405412	56.0	108.7	118.060	AU-BS02a_20150808_105345.wav	BS15_AU_02a
265	Spectrogram 1	1	19768.059653447	19768.909405412	56.0	108.7	118.060	AU-BS02a_20150808_105345.wav	BS15_AU_02a
266	Waveform 1	1	19805.308413275	19806.010382291	98.5	167.4	155.308	AU-BS02a_20150808_105345.wav	BS15_AU_02a
266	Spectrogram 1	1	19805.308413275	19806.010382291	98.5	167.4	155.308	AU-BS02a_20150808_105345.wav	BS15_AU_02a
267	Waveform 1	1	19828.218514015	19829.326886144	54.0	187.6	178.219	AU-BS02a_20150808_105345.wav	BS15_AU_02a
267	Spectrogram 1	1	19828.218514015	19829.326886144	54.0	187.6	178.219	AU-BS02a_20150808_105345.wav	BS15_AU_02a
268	Waveform 1	1	19849.310878359	19850.142157456	62.1	175.5	199.311	AU-BS02a_20150808_105345.wav	BS15_AU_02a
268	Spectrogram 1	1	19849.310878359	19850.142157456	62.1	175.5	199.311	AU-BS02a_20150808_105345.wav	BS15_AU_02a
269	Waveform 1	1	20095.022707709	20096.094134101	118.8	211.9	220.023	AU-BS02a_20150808_200000.wav	BS15_AU_02a
269	Spectrogram 1	1	20095.022707709	20096.094134101	118.8	211.9	220.023	AU-BS02a_20150808_200000.wav	BS15_AU_02a
270	Waveform 1	1	20200.687730986	20201.463591477	88.4	147.1	100.688	AU-BS02a_20150808_210000.wav	BS15_AU_02a
270	Spectrogram 1	1	20200.687730986	20201.463591477	88.4	147.1	100.688	AU-BS02a_20150808_210000.wav	BS15_AU_02a
271	Waveform 1	1	20251.798568199	20252.740684509	60.1	220.0	151.799	AU-BS02a_20150808_210000.wav	BS15_AU_02a
271	Spectrogram 1	1	20251.798568199	20252.740684509	60.1	220.0	151.799	AU-BS02a_20150808_210000.wav	BS15_AU_02a
272	Waveform 1	1	20292.442653524	20293.107676802	90.5	189.6	192.443	AU-BS02a_20150808_210000.wav	BS15_AU_02a
272	Spectrogram 1	1	20292.442653524	20293.107676802	90.5	189.6	192.443	AU-BS02a_20150808_210000.wav	BS15_AU_02a
273	Waveform 1	1	20394.014095175	20394.789955665	96.5	185.6	69.014	AU-BS02a_20150808_210345.wav	BS15_AU_02a
273	Spectrogram 1	1	20394.014095175	20394.789955665	96.5	185.6	69.014	AU-BS02a_20150808_210345.wav	BS15_AU_02a
274	Waveform 1	1	20479.761622462	20480.814575985	104.6	205.8	154.762	AU-BS02a_20150808_210345.wav	BS15_AU_02a
274	Spectrogram 1	1	20479.761622462	20480.814575985	104.6	205.8	154.762	AU-BS02a_20150808_210345.wav	BS15_AU_02a
275	Waveform 1	1	20539.817041068	20540.833048853	82.4	181.5	214.817	AU-BS02a_20150808_210345.wav	BS15_AU_02a
275	Spectrogram 1	1	20539.817041068	20540.833048853	82.4	181.5	214.817	AU-BS02a_20150808_210345.wav	BS15_AU_02a
276	Waveform 1	1	20606.020242625	20607.036250410	94.5	187.6	56.020	AU-BS02a_20150808_211730.wav	BS15_AU_02a
276	Spectrogram 1	1	20606.020242625	20607.036250410	94.5	187.6	56.020	AU-BS02a_20150808_211730.wav	BS15_AU_02a
277	Waveform 1	1	20683.233304517	20684.470986728	74.3	149.2	133.233	AU-BS02a_20150808_211730.wav	BS15_AU_02a
277	Spectrogram 1	1	20683.233304517	20684.470986728	74.3	149.2	133.233	AU-BS02a_20150808_211730.wav	BS15_AU_02a
278	Waveform 1	1	20777.434040990	20778.025172793	108.7	187.6	77.434	AU-BS02a_20150809_115345.wav	BS15_AU_02a
278	Spectrogram 1	1	20777.434040990	20778.025172793	108.7	187.6	77.434	AU-BS02a_20150809_115345.wav	BS15_AU_02a
279	Waveform 1	1	20853.165560492	20853.793638032	108.7	230.1	153.166	AU-BS02a_20150809_115345.wav	BS15_AU_02a
279	Spectrogram 1	1	20853.165560492	20853.793638032	108.7	230.1	153.166	AU-BS02a_20150809_115345.wav	BS15_AU_02a
280	Waveform 1	1	20886.498072131	20887.551025654	90.5	195.7	186.498	AU-BS02a_20150809_115345.wav	BS15_AU_02a
280	Spectrogram 1	1	20886.498072131	20887.551025654	90.5	195.7	186.498	AU-BS02a_20150809_115345.wav	BS15_AU_02a
281	Waveform 1	1	21057.147087623	21057.978366720	96.5	185.6	132.147	AU-BS02a_20150809_165345.wav	BS15_AU_02a
281	Spectrogram 1	1	21057.147087623	21057.978366720	96.5	185.6	132.147	AU-BS02a_20150809_165345.wav	BS15_AU_02a
